Date,AQI,Category,Defining Parameter,Number of Sites Reporting,city_ascii,state_name,lat,lng,population,density,timezone,Year,Month,Day
1980-01-01,159,Unhealthy,CO,21,Los Angeles,California,34.1141,-118.4068,12531334.0,3267.0,America/Los_Angeles,1980,1,1
1980-01-02,136,Unhealthy for Sensitive Groups,CO,21,Los Angeles,California,34.1141,-118.4068,12531334.0,3267.0,America/Los_Angeles,1980,1,2
1980-01-03,133,Unhealthy for Sensitive Groups,CO,21,Los Angeles,California,34.1141,-118.4068,12531334.0,3267.0,America/Los_Angeles,1980,1,3
1980-01-04,159,Unhealthy,CO,21,Los Angeles,California,34.1141,-118.4068,12531334.0,3267.0,America/Los_Angeles,1980,1,4
1980-01-05,142,Unhealthy for Sensitive Groups,CO,21,Los Angeles,California,34.1141,-118.4068,12531334.0,3267.0,America/Los_Angeles,1980,1,5
1980-01-06,125,Unhealthy for Sensitive Groups,CO,21,Los Angeles,California,34.1141,-118.4068,12531334.0,3267.0,America/Los_Angeles,1980,1,6
1980-01-07,105,Unhealthy for Sensitive Groups,NO2,21,Los Angeles,California,34.1141,-118.4068,12531334.0,3267.0,America/Los_Angeles,1980,1,7
1980-01-08,89,Moderate,NO2,21,Los Angeles,California,34.1141,-118.4068,12531334.0,3267.0,America/Los_Angeles,1980,1,8
1980-01-09,79,Moderate,NO2,21,Los Angeles,California,34.1141,-118.4068,12531334.0,3267.0,America/Los_Angeles,1980,1,9
1980-01-10,68,Moderate,NO2,21,Los Angeles,California,34.1141,-118.4068,12531334.0,3267.0,America/Los_Angeles,1980,1,10
1980-01-11,68,Moderate,NO2,21,Los Angeles,California,34.1141,-118.4068,12531334.0,3267.0,America/Los_Angeles,1980,1,11
1980-01-12,40,Good,CO,21,Los Angeles,California,34.1141,-118.4068,12531334.0,3267.0,America/Los_Angeles,1980,1,12
1980-01-13,43,Good,CO,21,Los Angeles,California,34.1141,-118.4068,12531334.0,3267.0,America/Los_Angeles,1980,1,13
1980-01-14,49,Good,CO,21,Los Angeles,California,34.1141,-118.4068,12531334.0,3267.0,America/Los_Angeles,1980,1,14
1980-01-15,68,Moderate,NO2,19,Los Angeles,California,34.1141,-118.4068,12531334.0,3267.0,America/Los_Angeles,1980,1,15
1980-01-16,89,Moderate,NO2,19,Los Angeles,California,34.1141,-118.4068,12531334.0,3267.0,America/Los_Angeles,1980,1,16
1980-01-17,89,Moderate,NO2,19,Los Angeles,California,34.1141,-118.4068,12531334.0,3267.0,America/Los_Angeles,1980,1,17
1980-01-18,57,Moderate,NO2,19,Los Angeles,California,34.1141,-118.4068,12531334.0,3267.0,America/Los_Angeles,1980,1,18
1980-01-19,100,Moderate,NO2,19,Los Angeles,California,34.1141,-118.4068,12531334.0,3267.0,America/Los_Angeles,1980,1,19
1980-01-20,123,Unhealthy for Sensitive Groups,CO,19,Los Angeles,California,34.1141,-118.4068,12531334.0,3267.0,America/Los_Angeles,1980,1,20
1980-01-21,138,Unhealthy for Sensitive Groups,CO,21,Los Angeles,California,34.1141,-118.4068,12531334.0,3267.0,America/Los_Angeles,1980,1,21
1980-01-22,116,Unhealthy for Sensitive Groups,NO2,21,Los Angeles,California,34.1141,-118.4068,12531334.0,3267.0,America/Los_Angeles,1980,1,22
1980-01-23,135,Unhealthy for Sensitive Groups,CO,21,Los Angeles,California,34.1141,-118.4068,12531334.0,3267.0,America/Los_Angeles,1980,1,23
1980-01-24,193,Unhealthy,CO,21,Los Angeles,California,34.1141,-118.4068,12531334.0,3267.0,America/Los_Angeles,1980,1,24
1980-01-25,168,Unhealthy,CO,21,Los Angeles,California,34.1141,-118.4068,12531334.0,3267.0,America/Los_Angeles,1980,1,25
1980-01-26,79,Moderate,NO2,21,Los Angeles,California,34.1141,-118.4068,12531334.0,3267.0,America/Los_Angeles,1980,1,26
1980-01-27,79,Moderate,NO2,21,Los Angeles,California,34.1141,-118.4068,12531334.0,3267.0,America/Los_Angeles,1980,1,27
1980-01-28,89,Moderate,NO2,21,Los Angeles,California,34.1141,-118.4068,12531334.0,3267.0,America/Los_Angeles,1980,1,28
1980-01-29,89,Moderate,NO2,21,Los Angeles,California,34.1141,-118.4068,12531334.0,3267.0,America/Los_Angeles,1980,1,29
1980-01-30,100,Moderate,NO2,21,Los Angeles,California,34.1141,-118.4068,12531334.0,3267.0,America/Los_Angeles,1980,1,30
1980-01-31,106,Unhealthy for Sensitive Groups,NO2,21,Los Angeles,California,34.1141,-118.4068,12531334.0,3267.0,America/Los_Angeles,1980,1,31
1980-02-01,115,Unhealthy for Sensitive Groups,CO,21,Los Angeles,California,34.1141,-118.4068,12531334.0,3267.0,America/Los_Angeles,1980,2,1
1980-02-02,131,Unhealthy for Sensitive Groups,CO,21,Los Angeles,California,34.1141,-118.4068,12531334.0,3267.0,America/Los_Angeles,1980,2,2
1980-02-03,120,Unhealthy for Sensitive Groups,NO2,21,Los Angeles,California,34.1141,-118.4068,12531334.0,3267.0,America/Los_Angeles,1980,2,3
1980-02-04,206,Very Unhealthy,Ozone,21,Los Angeles,California,34.1141,-118.4068,12531334.0,3267.0,America/Los_Angeles,1980,2,4
1980-02-05,170,Unhealthy,CO,19,Los Angeles,California,34.1141,-118.4068,12531334.0,3267.0,America/Los_Angeles,1980,2,5
1980-02-06,142,Unhealthy for Sensitive Groups,CO,19,Los Angeles,California,34.1141,-118.4068,12531334.0,3267.0,America/Los_Angeles,1980,2,6
1980-02-07,103,Unhealthy for Sensitive Groups,NO2,19,Los Angeles,California,34.1141,-118.4068,12531334.0,3267.0,America/Los_Angeles,1980,2,7
1980-02-08,103,Unhealthy for Sensitive Groups,NO2,19,Los Angeles,California,34.1141,-118.4068,12531334.0,3267.0,America/Los_Angeles,1980,2,8
1980-02-09,158,Unhealthy,CO,21,Los Angeles,California,34.1141,-118.4068,12531334.0,3267.0,America/Los_Angeles,1980,2,9
1980-02-10,110,Unhealthy for Sensitive Groups,NO2,21,Los Angeles,California,34.1141,-118.4068,12531334.0,3267.0,America/Los_Angeles,1980,2,10
1980-02-11,118,Unhealthy for Sensitive Groups,NO2,21,Los Angeles,California,34.1141,-118.4068,12531334.0,3267.0,America/Los_Angeles,1980,2,11
1980-02-12,112,Unhealthy for Sensitive Groups,NO2,21,Los Angeles,California,34.1141,-118.4068,12531334.0,3267.0,America/Los_Angeles,1980,2,12
1980-02-13,89,Moderate,NO2,21,Los Angeles,California,34.1141,-118.4068,12531334.0,3267.0,America/Los_Angeles,1980,2,13
1980-02-14,108,Unhealthy for Sensitive Groups,NO2,18,Los Angeles,California,34.1141,-118.4068,12531334.0,3267.0,America/Los_Angeles,1980,2,14
1980-02-15,89,Moderate,NO2,19,Los Angeles,California,34.1141,-118.4068,12531334.0,3267.0,America/Los_Angeles,1980,2,15
1980-02-16,57,Moderate,CO,21,Los Angeles,California,34.1141,-118.4068,12531334.0,3267.0,America/Los_Angeles,1980,2,16
1980-02-17,47,Good,NO2,21,Los Angeles,California,34.1141,-118.4068,12531334.0,3267.0,America/Los_Angeles,1980,2,17
1980-02-18,47,Good,NO2,21,Los Angeles,California,34.1141,-118.4068,12531334.0,3267.0,America/Los_Angeles,1980,2,18
1980-02-19,47,Good,NO2,21,Los Angeles,California,34.1141,-118.4068,12531334.0,3267.0,America/Los_Angeles,1980,2,19
1980-02-20,68,Moderate,NO2,21,Los Angeles,California,34.1141,-118.4068,12531334.0,3267.0,America/Los_Angeles,1980,2,20
1980-02-21,70,Moderate,CO,21,Los Angeles,California,34.1141,-118.4068,12531334.0,3267.0,America/Los_Angeles,1980,2,21
1980-02-22,89,Moderate,NO2,21,Los Angeles,California,34.1141,-118.4068,12531334.0,3267.0,America/Los_Angeles,1980,2,22
1980-02-23,103,Unhealthy for Sensitive Groups,CO,21,Los Angeles,California,34.1141,-118.4068,12531334.0,3267.0,America/Los_Angeles,1980,2,23
1980-02-24,109,Unhealthy for Sensitive Groups,CO,21,Los Angeles,California,34.1141,-118.4068,12531334.0,3267.0,America/Los_Angeles,1980,2,24
1980-02-25,120,Unhealthy for Sensitive Groups,NO2,21,Los Angeles,California,34.1141,-118.4068,12531334.0,3267.0,America/Los_Angeles,1980,2,25
1980-02-26,108,Unhealthy for Sensitive Groups,NO2,21,Los Angeles,California,34.1141,-118.4068,12531334.0,3267.0,America/Los_Angeles,1980,2,26
1980-02-27,116,Unhealthy for Sensitive Groups,CO,21,Los Angeles,California,34.1141,-118.4068,12531334.0,3267.0,America/Los_Angeles,1980,2,27
1980-02-28,108,Unhealthy for Sensitive Groups,NO2,21,Los Angeles,California,34.1141,-118.4068,12531334.0,3267.0,America/Los_Angeles,1980,2,28
1980-02-29,106,Unhealthy for Sensitive Groups,NO2,21,Los Angeles,California,34.1141,-118.4068,12531334.0,3267.0,America/Los_Angeles,1980,2,29
1980-03-01,110,Unhealthy for Sensitive Groups,NO2,21,Los Angeles,California,34.1141,-118.4068,12531334.0,3267.0,America/Los_Angeles,1980,3,1
1980-03-02,79,Moderate,NO2,21,Los Angeles,California,34.1141,-118.4068,12531334.0,3267.0,America/Los_Angeles,1980,3,2
1980-03-03,68,Moderate,NO2,21,Los Angeles,California,34.1141,-118.4068,12531334.0,3267.0,America/Los_Angeles,1980,3,3
1980-03-04,101,Unhealthy for Sensitive Groups,Ozone,20,Los Angeles,California,34.1141,-118.4068,12531334.0,3267.0,America/Los_Angeles,1980,3,4
1980-03-05,108,Unhealthy for Sensitive Groups,NO2,21,Los Angeles,California,34.1141,-118.4068,12531334.0,3267.0,America/Los_Angeles,1980,3,5
1980-03-06,79,Moderate,NO2,21,Los Angeles,California,34.1141,-118.4068,12531334.0,3267.0,America/Los_Angeles,1980,3,6
1980-03-07,89,Moderate,NO2,21,Los Angeles,California,34.1141,-118.4068,12531334.0,3267.0,America/Los_Angeles,1980,3,7
1980-03-08,105,Unhealthy for Sensitive Groups,NO2,21,Los Angeles,California,34.1141,-118.4068,12531334.0,3267.0,America/Los_Angeles,1980,3,8
1980-03-09,105,Unhealthy for Sensitive Groups,NO2,21,Los Angeles,California,34.1141,-118.4068,12531334.0,3267.0,America/Los_Angeles,1980,3,9
1980-03-10,106,Unhealthy for Sensitive Groups,NO2,21,Los Angeles,California,34.1141,-118.4068,12531334.0,3267.0,America/Los_Angeles,1980,3,10
1980-03-11,89,Moderate,NO2,21,Los Angeles,California,34.1141,-118.4068,12531334.0,3267.0,America/Los_Angeles,1980,3,11
1980-03-12,100,Moderate,NO2,21,Los Angeles,California,34.1141,-118.4068,12531334.0,3267.0,America/Los_Angeles,1980,3,12
1980-03-13,150,Unhealthy for Sensitive Groups,Ozone,21,Los Angeles,California,34.1141,-118.4068,12531334.0,3267.0,America/Los_Angeles,1980,3,13
1980-03-14,154,Unhealthy,Ozone,21,Los Angeles,California,34.1141,-118.4068,12531334.0,3267.0,America/Los_Angeles,1980,3,14
1980-03-15,156,Unhealthy,Ozone,21,Los Angeles,California,34.1141,-118.4068,12531334.0,3267.0,America/Los_Angeles,1980,3,15
1980-03-16,143,Unhealthy for Sensitive Groups,Ozone,21,Los Angeles,California,34.1141,-118.4068,12531334.0,3267.0,America/Los_Angeles,1980,3,16
1980-03-17,108,Unhealthy for Sensitive Groups,NO2,21,Los Angeles,California,34.1141,-118.4068,12531334.0,3267.0,America/Los_Angeles,1980,3,17
1980-03-18,89,Moderate,NO2,21,Los Angeles,California,34.1141,-118.4068,12531334.0,3267.0,America/Los_Angeles,1980,3,18
1980-03-19,123,Unhealthy for Sensitive Groups,CO,21,Los Angeles,California,34.1141,-118.4068,12531334.0,3267.0,America/Los_Angeles,1980,3,19
1980-03-20,143,Unhealthy for Sensitive Groups,Ozone,21,Los Angeles,California,34.1141,-118.4068,12531334.0,3267.0,America/Los_Angeles,1980,3,20
1980-03-21,94,Moderate,CO,21,Los Angeles,California,34.1141,-118.4068,12531334.0,3267.0,America/Los_Angeles,1980,3,21
1980-03-22,100,Moderate,NO2,21,Los Angeles,California,34.1141,-118.4068,12531334.0,3267.0,America/Los_Angeles,1980,3,22
1980-03-23,93,Moderate,Ozone,21,Los Angeles,California,34.1141,-118.4068,12531334.0,3267.0,America/Los_Angeles,1980,3,23
1980-03-24,100,Moderate,NO2,21,Los Angeles,California,34.1141,-118.4068,12531334.0,3267.0,America/Los_Angeles,1980,3,24
1980-03-25,95,Moderate,CO,21,Los Angeles,California,34.1141,-118.4068,12531334.0,3267.0,America/Los_Angeles,1980,3,25
1980-03-26,109,Unhealthy for Sensitive Groups,CO,21,Los Angeles,California,34.1141,-118.4068,12531334.0,3267.0,America/Los_Angeles,1980,3,26
1980-03-27,105,Unhealthy for Sensitive Groups,NO2,21,Los Angeles,California,34.1141,-118.4068,12531334.0,3267.0,America/Los_Angeles,1980,3,27
1980-03-28,151,Unhealthy,Ozone,21,Los Angeles,California,34.1141,-118.4068,12531334.0,3267.0,America/Los_Angeles,1980,3,28
1980-03-29,156,Unhealthy,Ozone,21,Los Angeles,California,34.1141,-118.4068,12531334.0,3267.0,America/Los_Angeles,1980,3,29
1980-03-30,156,Unhealthy,Ozone,21,Los Angeles,California,34.1141,-118.4068,12531334.0,3267.0,America/Los_Angeles,1980,3,30
1980-03-31,89,Moderate,NO2,21,Los Angeles,California,34.1141,-118.4068,12531334.0,3267.0,America/Los_Angeles,1980,3,31
1980-04-01,57,Moderate,NO2,19,Los Angeles,California,34.1141,-118.4068,12531334.0,3267.0,America/Los_Angeles,1980,4,1
1980-04-02,100,Moderate,NO2,21,Los Angeles,California,34.1141,-118.4068,12531334.0,3267.0,America/Los_Angeles,1980,4,2
1980-04-03,105,Unhealthy for Sensitive Groups,Ozone,21,Los Angeles,California,34.1141,-118.4068,12531334.0,3267.0,America/Los_Angeles,1980,4,3
1980-04-04,156,Unhealthy,Ozone,22,Los Angeles,California,34.1141,-118.4068,12531334.0,3267.0,America/Los_Angeles,1980,4,4
1980-04-05,85,Moderate,CO,22,Los Angeles,California,34.1141,-118.4068,12531334.0,3267.0,America/Los_Angeles,1980,4,5
1980-04-06,77,Moderate,Ozone,22,Los Angeles,California,34.1141,-118.4068,12531334.0,3267.0,America/Los_Angeles,1980,4,6
1980-04-07,166,Unhealthy,Ozone,22,Los Angeles,California,34.1141,-118.4068,12531334.0,3267.0,America/Los_Angeles,1980,4,7
1980-04-08,136,Unhealthy for Sensitive Groups,Ozone,22,Los Angeles,California,34.1141,-118.4068,12531334.0,3267.0,America/Los_Angeles,1980,4,8
1980-04-09,140,Unhealthy for Sensitive Groups,Ozone,22,Los Angeles,California,34.1141,-118.4068,12531334.0,3267.0,America/Los_Angeles,1980,4,9
1980-04-10,205,Very Unhealthy,Ozone,22,Los Angeles,California,34.1141,-118.4068,12531334.0,3267.0,America/Los_Angeles,1980,4,10
1980-04-11,157,Unhealthy,Ozone,22,Los Angeles,California,34.1141,-118.4068,12531334.0,3267.0,America/Los_Angeles,1980,4,11
1980-04-12,143,Unhealthy for Sensitive Groups,Ozone,22,Los Angeles,California,34.1141,-118.4068,12531334.0,3267.0,America/Los_Angeles,1980,4,12
1980-04-13,169,Unhealthy,Ozone,22,Los Angeles,California,34.1141,-118.4068,12531334.0,3267.0,America/Los_Angeles,1980,4,13
1980-04-14,207,Very Unhealthy,Ozone,22,Los Angeles,California,34.1141,-118.4068,12531334.0,3267.0,America/Los_Angeles,1980,4,14
1980-04-15,237,Very Unhealthy,Ozone,22,Los Angeles,California,34.1141,-118.4068,12531334.0,3267.0,America/Los_Angeles,1980,4,15
1980-04-16,269,Very Unhealthy,Ozone,22,Los Angeles,California,34.1141,-118.4068,12531334.0,3267.0,America/Los_Angeles,1980,4,16
1980-04-17,289,Very Unhealthy,Ozone,22,Los Angeles,California,34.1141,-118.4068,12531334.0,3267.0,America/Los_Angeles,1980,4,17
1980-04-18,275,Very Unhealthy,Ozone,22,Los Angeles,California,34.1141,-118.4068,12531334.0,3267.0,America/Los_Angeles,1980,4,18
1980-04-19,297,Very Unhealthy,Ozone,22,Los Angeles,California,34.1141,-118.4068,12531334.0,3267.0,America/Los_Angeles,1980,4,19
1980-04-20,150,Unhealthy for Sensitive Groups,Ozone,22,Los Angeles,California,34.1141,-118.4068,12531334.0,3267.0,America/Los_Angeles,1980,4,20
1980-04-21,57,Moderate,NO2,22,Los Angeles,California,34.1141,-118.4068,12531334.0,3267.0,America/Los_Angeles,1980,4,21
1980-04-22,68,Moderate,NO2,22,Los Angeles,California,34.1141,-118.4068,12531334.0,3267.0,America/Los_Angeles,1980,4,22
1980-04-23,89,Moderate,NO2,22,Los Angeles,California,34.1141,-118.4068,12531334.0,3267.0,America/Los_Angeles,1980,4,23
1980-04-24,103,Unhealthy for Sensitive Groups,NO2,22,Los Angeles,California,34.1141,-118.4068,12531334.0,3267.0,America/Los_Angeles,1980,4,24
1980-04-25,177,Unhealthy,Ozone,22,Los Angeles,California,34.1141,-118.4068,12531334.0,3267.0,America/Los_Angeles,1980,4,25
1980-04-26,205,Very Unhealthy,Ozone,22,Los Angeles,California,34.1141,-118.4068,12531334.0,3267.0,America/Los_Angeles,1980,4,26
1980-04-27,126,Unhealthy for Sensitive Groups,Ozone,22,Los Angeles,California,34.1141,-118.4068,12531334.0,3267.0,America/Los_Angeles,1980,4,27
1980-04-28,82,Moderate,CO,22,Los Angeles,California,34.1141,-118.4068,12531334.0,3267.0,America/Los_Angeles,1980,4,28
1980-04-29,89,Moderate,NO2,22,Los Angeles,California,34.1141,-118.4068,12531334.0,3267.0,America/Los_Angeles,1980,4,29
1980-04-30,57,Moderate,NO2,22,Los Angeles,California,34.1141,-118.4068,12531334.0,3267.0,America/Los_Angeles,1980,4,30
1980-05-01,89,Moderate,NO2,22,Los Angeles,California,34.1141,-118.4068,12531334.0,3267.0,America/Los_Angeles,1980,5,1
1980-05-02,126,Unhealthy for Sensitive Groups,Ozone,22,Los Angeles,California,34.1141,-118.4068,12531334.0,3267.0,America/Los_Angeles,1980,5,2
1980-05-03,205,Very Unhealthy,Ozone,22,Los Angeles,California,34.1141,-118.4068,12531334.0,3267.0,America/Los_Angeles,1980,5,3
1980-05-04,200,Unhealthy,Ozone,22,Los Angeles,California,34.1141,-118.4068,12531334.0,3267.0,America/Los_Angeles,1980,5,4
1980-05-05,177,Unhealthy,Ozone,22,Los Angeles,California,34.1141,-118.4068,12531334.0,3267.0,America/Los_Angeles,1980,5,5
1980-05-06,221,Very Unhealthy,Ozone,22,Los Angeles,California,34.1141,-118.4068,12531334.0,3267.0,America/Los_Angeles,1980,5,6
1980-05-07,93,Moderate,Ozone,22,Los Angeles,California,34.1141,-118.4068,12531334.0,3267.0,America/Los_Angeles,1980,5,7
1980-05-08,105,Unhealthy for Sensitive Groups,NO2,22,Los Angeles,California,34.1141,-118.4068,12531334.0,3267.0,America/Los_Angeles,1980,5,8
1980-05-09,100,Moderate,NO2,22,Los Angeles,California,34.1141,-118.4068,12531334.0,3267.0,America/Los_Angeles,1980,5,9
1980-05-10,57,Moderate,NO2,22,Los Angeles,California,34.1141,-118.4068,12531334.0,3267.0,America/Los_Angeles,1980,5,10
1980-05-11,61,Moderate,Ozone,22,Los Angeles,California,34.1141,-118.4068,12531334.0,3267.0,America/Los_Angeles,1980,5,11
1980-05-12,74,Moderate,Ozone,22,Los Angeles,California,34.1141,-118.4068,12531334.0,3267.0,America/Los_Angeles,1980,5,12
1980-05-13,84,Moderate,Ozone,22,Los Angeles,California,34.1141,-118.4068,12531334.0,3267.0,America/Los_Angeles,1980,5,13
1980-05-14,68,Moderate,NO2,22,Los Angeles,California,34.1141,-118.4068,12531334.0,3267.0,America/Los_Angeles,1980,5,14
1980-05-15,122,Unhealthy for Sensitive Groups,Ozone,22,Los Angeles,California,34.1141,-118.4068,12531334.0,3267.0,America/Los_Angeles,1980,5,15
1980-05-16,221,Very Unhealthy,Ozone,22,Los Angeles,California,34.1141,-118.4068,12531334.0,3267.0,America/Los_Angeles,1980,5,16
1980-05-17,281,Very Unhealthy,Ozone,22,Los Angeles,California,34.1141,-118.4068,12531334.0,3267.0,America/Los_Angeles,1980,5,17
1980-05-18,268,Very Unhealthy,Ozone,20,Los Angeles,California,34.1141,-118.4068,12531334.0,3267.0,America/Los_Angeles,1980,5,18
1980-05-19,295,Very Unhealthy,Ozone,22,Los Angeles,California,34.1141,-118.4068,12531334.0,3267.0,America/Los_Angeles,1980,5,19
1980-05-20,190,Unhealthy,Ozone,22,Los Angeles,California,34.1141,-118.4068,12531334.0,3267.0,America/Los_Angeles,1980,5,20
1980-05-21,79,Moderate,NO2,22,Los Angeles,California,34.1141,-118.4068,12531334.0,3267.0,America/Los_Angeles,1980,5,21
1980-05-22,79,Moderate,NO2,22,Los Angeles,California,34.1141,-118.4068,12531334.0,3267.0,America/Los_Angeles,1980,5,22
1980-05-23,57,Moderate,NO2,22,Los Angeles,California,34.1141,-118.4068,12531334.0,3267.0,America/Los_Angeles,1980,5,23
1980-05-24,93,Moderate,Ozone,22,Los Angeles,California,34.1141,-118.4068,12531334.0,3267.0,America/Los_Angeles,1980,5,24
1980-05-25,84,Moderate,Ozone,22,Los Angeles,California,34.1141,-118.4068,12531334.0,3267.0,America/Los_Angeles,1980,5,25
1980-05-26,140,Unhealthy for Sensitive Groups,Ozone,22,Los Angeles,California,34.1141,-118.4068,12531334.0,3267.0,America/Los_Angeles,1980,5,26
1980-05-27,67,Moderate,Ozone,22,Los Angeles,California,34.1141,-118.4068,12531334.0,3267.0,America/Los_Angeles,1980,5,27
1980-05-28,79,Moderate,NO2,22,Los Angeles,California,34.1141,-118.4068,12531334.0,3267.0,America/Los_Angeles,1980,5,28
1980-05-29,161,Unhealthy,Ozone,22,Los Angeles,California,34.1141,-118.4068,12531334.0,3267.0,America/Los_Angeles,1980,5,29
1980-05-30,100,Moderate,NO2,22,Los Angeles,California,34.1141,-118.4068,12531334.0,3267.0,America/Los_Angeles,1980,5,30
1980-05-31,68,Moderate,NO2,22,Los Angeles,California,34.1141,-118.4068,12531334.0,3267.0,America/Los_Angeles,1980,5,31
1980-06-01,119,Unhealthy for Sensitive Groups,Ozone,22,Los Angeles,California,34.1141,-118.4068,12531334.0,3267.0,America/Los_Angeles,1980,6,1
1980-06-02,89,Moderate,NO2,22,Los Angeles,California,34.1141,-118.4068,12531334.0,3267.0,America/Los_Angeles,1980,6,2
1980-06-03,105,Unhealthy for Sensitive Groups,Ozone,22,Los Angeles,California,34.1141,-118.4068,12531334.0,3267.0,America/Los_Angeles,1980,6,3
1980-06-04,190,Unhealthy,Ozone,22,Los Angeles,California,34.1141,-118.4068,12531334.0,3267.0,America/Los_Angeles,1980,6,4
1980-06-05,136,Unhealthy for Sensitive Groups,Ozone,22,Los Angeles,California,34.1141,-118.4068,12531334.0,3267.0,America/Los_Angeles,1980,6,5
1980-06-06,150,Unhealthy for Sensitive Groups,Ozone,22,Los Angeles,California,34.1141,-118.4068,12531334.0,3267.0,America/Los_Angeles,1980,6,6
1980-06-07,229,Very Unhealthy,Ozone,22,Los Angeles,California,34.1141,-118.4068,12531334.0,3267.0,America/Los_Angeles,1980,6,7
1980-06-08,244,Very Unhealthy,Ozone,22,Los Angeles,California,34.1141,-118.4068,12531334.0,3267.0,America/Los_Angeles,1980,6,8
1980-06-09,253,Very Unhealthy,Ozone,22,Los Angeles,California,34.1141,-118.4068,12531334.0,3267.0,America/Los_Angeles,1980,6,9
1980-06-10,219,Very Unhealthy,Ozone,22,Los Angeles,California,34.1141,-118.4068,12531334.0,3267.0,America/Los_Angeles,1980,6,10
1980-06-11,239,Very Unhealthy,Ozone,22,Los Angeles,California,34.1141,-118.4068,12531334.0,3267.0,America/Los_Angeles,1980,6,11
1980-06-12,190,Unhealthy,Ozone,22,Los Angeles,California,34.1141,-118.4068,12531334.0,3267.0,America/Los_Angeles,1980,6,12
1980-06-13,182,Unhealthy,Ozone,22,Los Angeles,California,34.1141,-118.4068,12531334.0,3267.0,America/Los_Angeles,1980,6,13
1980-06-14,216,Very Unhealthy,Ozone,22,Los Angeles,California,34.1141,-118.4068,12531334.0,3267.0,America/Los_Angeles,1980,6,14
1980-06-15,285,Very Unhealthy,Ozone,22,Los Angeles,California,34.1141,-118.4068,12531334.0,3267.0,America/Los_Angeles,1980,6,15
1980-06-16,254,Very Unhealthy,Ozone,22,Los Angeles,California,34.1141,-118.4068,12531334.0,3267.0,America/Los_Angeles,1980,6,16
1980-06-17,245,Very Unhealthy,Ozone,22,Los Angeles,California,34.1141,-118.4068,12531334.0,3267.0,America/Los_Angeles,1980,6,17
1980-06-18,233,Very Unhealthy,Ozone,22,Los Angeles,California,34.1141,-118.4068,12531334.0,3267.0,America/Los_Angeles,1980,6,18
1980-06-19,271,Very Unhealthy,Ozone,22,Los Angeles,California,34.1141,-118.4068,12531334.0,3267.0,America/Los_Angeles,1980,6,19
1980-06-20,244,Very Unhealthy,Ozone,22,Los Angeles,California,34.1141,-118.4068,12531334.0,3267.0,America/Los_Angeles,1980,6,20
1980-06-21,275,Very Unhealthy,Ozone,22,Los Angeles,California,34.1141,-118.4068,12531334.0,3267.0,America/Los_Angeles,1980,6,21
1980-06-22,263,Very Unhealthy,Ozone,22,Los Angeles,California,34.1141,-118.4068,12531334.0,3267.0,America/Los_Angeles,1980,6,22
1980-06-23,229,Very Unhealthy,Ozone,22,Los Angeles,California,34.1141,-118.4068,12531334.0,3267.0,America/Los_Angeles,1980,6,23
1980-06-24,214,Very Unhealthy,Ozone,22,Los Angeles,California,34.1141,-118.4068,12531334.0,3267.0,America/Los_Angeles,1980,6,24
1980-06-25,258,Very Unhealthy,Ozone,22,Los Angeles,California,34.1141,-118.4068,12531334.0,3267.0,America/Los_Angeles,1980,6,25
1980-06-26,282,Very Unhealthy,Ozone,22,Los Angeles,California,34.1141,-118.4068,12531334.0,3267.0,America/Los_Angeles,1980,6,26
1980-06-27,281,Very Unhealthy,Ozone,22,Los Angeles,California,34.1141,-118.4068,12531334.0,3267.0,America/Los_Angeles,1980,6,27
1980-06-28,213,Very Unhealthy,Ozone,22,Los Angeles,California,34.1141,-118.4068,12531334.0,3267.0,America/Los_Angeles,1980,6,28
1980-06-29,256,Very Unhealthy,Ozone,22,Los Angeles,California,34.1141,-118.4068,12531334.0,3267.0,America/Los_Angeles,1980,6,29
1980-06-30,229,Very Unhealthy,Ozone,22,Los Angeles,California,34.1141,-118.4068,12531334.0,3267.0,America/Los_Angeles,1980,6,30
1980-07-01,133,Unhealthy for Sensitive Groups,Ozone,22,Los Angeles,California,34.1141,-118.4068,12531334.0,3267.0,America/Los_Angeles,1980,7,1
1980-07-02,115,Unhealthy for Sensitive Groups,Ozone,22,Los Angeles,California,34.1141,-118.4068,12531334.0,3267.0,America/Los_Angeles,1980,7,2
1980-07-03,187,Unhealthy,Ozone,22,Los Angeles,California,34.1141,-118.4068,12531334.0,3267.0,America/Los_Angeles,1980,7,3
1980-07-04,259,Very Unhealthy,Ozone,22,Los Angeles,California,34.1141,-118.4068,12531334.0,3267.0,America/Los_Angeles,1980,7,4
1980-07-05,269,Very Unhealthy,Ozone,22,Los Angeles,California,34.1141,-118.4068,12531334.0,3267.0,America/Los_Angeles,1980,7,5
1980-07-06,240,Very Unhealthy,Ozone,22,Los Angeles,California,34.1141,-118.4068,12531334.0,3267.0,America/Los_Angeles,1980,7,6
1980-07-07,237,Very Unhealthy,Ozone,22,Los Angeles,California,34.1141,-118.4068,12531334.0,3267.0,America/Los_Angeles,1980,7,7
1980-07-08,208,Very Unhealthy,Ozone,22,Los Angeles,California,34.1141,-118.4068,12531334.0,3267.0,America/Los_Angeles,1980,7,8
1980-07-09,213,Very Unhealthy,Ozone,22,Los Angeles,California,34.1141,-118.4068,12531334.0,3267.0,America/Los_Angeles,1980,7,9
1980-07-10,234,Very Unhealthy,Ozone,22,Los Angeles,California,34.1141,-118.4068,12531334.0,3267.0,America/Los_Angeles,1980,7,10
1980-07-11,281,Very Unhealthy,Ozone,22,Los Angeles,California,34.1141,-118.4068,12531334.0,3267.0,America/Los_Angeles,1980,7,11
1980-07-12,224,Very Unhealthy,Ozone,22,Los Angeles,California,34.1141,-118.4068,12531334.0,3267.0,America/Los_Angeles,1980,7,12
1980-07-13,190,Unhealthy,Ozone,22,Los Angeles,California,34.1141,-118.4068,12531334.0,3267.0,America/Los_Angeles,1980,7,13
1980-07-14,221,Very Unhealthy,Ozone,22,Los Angeles,California,34.1141,-118.4068,12531334.0,3267.0,America/Los_Angeles,1980,7,14
1980-07-15,226,Very Unhealthy,Ozone,22,Los Angeles,California,34.1141,-118.4068,12531334.0,3267.0,America/Los_Angeles,1980,7,15
1980-07-16,242,Very Unhealthy,Ozone,22,Los Angeles,California,34.1141,-118.4068,12531334.0,3267.0,America/Los_Angeles,1980,7,16
1980-07-17,296,Very Unhealthy,Ozone,22,Los Angeles,California,34.1141,-118.4068,12531334.0,3267.0,America/Los_Angeles,1980,7,17
1980-07-18,272,Very Unhealthy,Ozone,22,Los Angeles,California,34.1141,-118.4068,12531334.0,3267.0,America/Los_Angeles,1980,7,18
1980-07-19,281,Very Unhealthy,Ozone,22,Los Angeles,California,34.1141,-118.4068,12531334.0,3267.0,America/Los_Angeles,1980,7,19
1980-07-20,261,Very Unhealthy,Ozone,22,Los Angeles,California,34.1141,-118.4068,12531334.0,3267.0,America/Los_Angeles,1980,7,20
1980-07-21,264,Very Unhealthy,Ozone,22,Los Angeles,California,34.1141,-118.4068,12531334.0,3267.0,America/Los_Angeles,1980,7,21
1980-07-22,282,Very Unhealthy,Ozone,22,Los Angeles,California,34.1141,-118.4068,12531334.0,3267.0,America/Los_Angeles,1980,7,22
1980-07-23,295,Very Unhealthy,Ozone,22,Los Angeles,California,34.1141,-118.4068,12531334.0,3267.0,America/Los_Angeles,1980,7,23
1980-07-24,291,Very Unhealthy,Ozone,22,Los Angeles,California,34.1141,-118.4068,12531334.0,3267.0,America/Los_Angeles,1980,7,24
1980-07-25,292,Very Unhealthy,Ozone,22,Los Angeles,California,34.1141,-118.4068,12531334.0,3267.0,America/Los_Angeles,1980,7,25
1980-07-26,300,Very Unhealthy,Ozone,22,Los Angeles,California,34.1141,-118.4068,12531334.0,3267.0,America/Los_Angeles,1980,7,26
1980-07-27,271,Very Unhealthy,Ozone,22,Los Angeles,California,34.1141,-118.4068,12531334.0,3267.0,America/Los_Angeles,1980,7,27
1980-07-28,279,Very Unhealthy,Ozone,22,Los Angeles,California,34.1141,-118.4068,12531334.0,3267.0,America/Los_Angeles,1980,7,28
1980-07-29,289,Very Unhealthy,Ozone,22,Los Angeles,California,34.1141,-118.4068,12531334.0,3267.0,America/Los_Angeles,1980,7,29
1980-07-30,256,Very Unhealthy,Ozone,22,Los Angeles,California,34.1141,-118.4068,12531334.0,3267.0,America/Los_Angeles,1980,7,30
1980-07-31,245,Very Unhealthy,Ozone,22,Los Angeles,California,34.1141,-118.4068,12531334.0,3267.0,America/Los_Angeles,1980,7,31
1980-08-01,291,Very Unhealthy,Ozone,23,Los Angeles,California,34.1141,-118.4068,12531334.0,3267.0,America/Los_Angeles,1980,8,1
1980-08-02,260,Very Unhealthy,Ozone,23,Los Angeles,California,34.1141,-118.4068,12531334.0,3267.0,America/Los_Angeles,1980,8,2
1980-08-03,222,Very Unhealthy,Ozone,23,Los Angeles,California,34.1141,-118.4068,12531334.0,3267.0,America/Los_Angeles,1980,8,3
1980-08-04,216,Very Unhealthy,Ozone,23,Los Angeles,California,34.1141,-118.4068,12531334.0,3267.0,America/Los_Angeles,1980,8,4
1980-08-05,213,Very Unhealthy,Ozone,23,Los Angeles,California,34.1141,-118.4068,12531334.0,3267.0,America/Los_Angeles,1980,8,5
1980-08-06,229,Very Unhealthy,Ozone,23,Los Angeles,California,34.1141,-118.4068,12531334.0,3267.0,America/Los_Angeles,1980,8,6
1980-08-07,272,Very Unhealthy,Ozone,24,Los Angeles,California,34.1141,-118.4068,12531334.0,3267.0,America/Los_Angeles,1980,8,7
1980-08-08,298,Very Unhealthy,Ozone,24,Los Angeles,California,34.1141,-118.4068,12531334.0,3267.0,America/Los_Angeles,1980,8,8
1980-08-09,291,Very Unhealthy,Ozone,24,Los Angeles,California,34.1141,-118.4068,12531334.0,3267.0,America/Los_Angeles,1980,8,9
1980-08-10,271,Very Unhealthy,Ozone,24,Los Angeles,California,34.1141,-118.4068,12531334.0,3267.0,America/Los_Angeles,1980,8,10
1980-08-11,275,Very Unhealthy,Ozone,24,Los Angeles,California,34.1141,-118.4068,12531334.0,3267.0,America/Los_Angeles,1980,8,11
1980-08-12,282,Very Unhealthy,Ozone,24,Los Angeles,California,34.1141,-118.4068,12531334.0,3267.0,America/Los_Angeles,1980,8,12
1980-08-13,233,Very Unhealthy,Ozone,24,Los Angeles,California,34.1141,-118.4068,12531334.0,3267.0,America/Los_Angeles,1980,8,13
1980-08-14,205,Very Unhealthy,Ozone,24,Los Angeles,California,34.1141,-118.4068,12531334.0,3267.0,America/Los_Angeles,1980,8,14
1980-08-15,192,Unhealthy,Ozone,24,Los Angeles,California,34.1141,-118.4068,12531334.0,3267.0,America/Los_Angeles,1980,8,15
1980-08-16,221,Very Unhealthy,Ozone,24,Los Angeles,California,34.1141,-118.4068,12531334.0,3267.0,America/Los_Angeles,1980,8,16
1980-08-17,210,Very Unhealthy,Ozone,23,Los Angeles,California,34.1141,-118.4068,12531334.0,3267.0,America/Los_Angeles,1980,8,17
1980-08-18,151,Unhealthy,Ozone,24,Los Angeles,California,34.1141,-118.4068,12531334.0,3267.0,America/Los_Angeles,1980,8,18
1980-08-19,200,Unhealthy,Ozone,24,Los Angeles,California,34.1141,-118.4068,12531334.0,3267.0,America/Los_Angeles,1980,8,19
1980-08-20,207,Very Unhealthy,Ozone,24,Los Angeles,California,34.1141,-118.4068,12531334.0,3267.0,America/Los_Angeles,1980,8,20
1980-08-21,259,Very Unhealthy,Ozone,24,Los Angeles,California,34.1141,-118.4068,12531334.0,3267.0,America/Los_Angeles,1980,8,21
1980-08-22,205,Very Unhealthy,Ozone,24,Los Angeles,California,34.1141,-118.4068,12531334.0,3267.0,America/Los_Angeles,1980,8,22
1980-08-23,205,Very Unhealthy,Ozone,24,Los Angeles,California,34.1141,-118.4068,12531334.0,3267.0,America/Los_Angeles,1980,8,23
1980-08-24,205,Very Unhealthy,Ozone,24,Los Angeles,California,34.1141,-118.4068,12531334.0,3267.0,America/Los_Angeles,1980,8,24
1980-08-25,174,Unhealthy,Ozone,24,Los Angeles,California,34.1141,-118.4068,12531334.0,3267.0,America/Los_Angeles,1980,8,25
1980-08-26,214,Very Unhealthy,Ozone,24,Los Angeles,California,34.1141,-118.4068,12531334.0,3267.0,America/Los_Angeles,1980,8,26
1980-08-27,210,Very Unhealthy,Ozone,24,Los Angeles,California,34.1141,-118.4068,12531334.0,3267.0,America/Los_Angeles,1980,8,27
1980-08-28,234,Very Unhealthy,Ozone,24,Los Angeles,California,34.1141,-118.4068,12531334.0,3267.0,America/Los_Angeles,1980,8,28
1980-08-29,232,Very Unhealthy,Ozone,24,Los Angeles,California,34.1141,-118.4068,12531334.0,3267.0,America/Los_Angeles,1980,8,29
1980-08-30,229,Very Unhealthy,Ozone,24,Los Angeles,California,34.1141,-118.4068,12531334.0,3267.0,America/Los_Angeles,1980,8,30
1980-08-31,207,Very Unhealthy,Ozone,24,Los Angeles,California,34.1141,-118.4068,12531334.0,3267.0,America/Los_Angeles,1980,8,31
1980-09-01,232,Very Unhealthy,Ozone,24,Los Angeles,California,34.1141,-118.4068,12531334.0,3267.0,America/Los_Angeles,1980,9,1
1980-09-02,249,Very Unhealthy,Ozone,24,Los Angeles,California,34.1141,-118.4068,12531334.0,3267.0,America/Los_Angeles,1980,9,2
1980-09-03,280,Very Unhealthy,Ozone,24,Los Angeles,California,34.1141,-118.4068,12531334.0,3267.0,America/Los_Angeles,1980,9,3
1980-09-04,275,Very Unhealthy,Ozone,24,Los Angeles,California,34.1141,-118.4068,12531334.0,3267.0,America/Los_Angeles,1980,9,4
1980-09-05,258,Very Unhealthy,Ozone,24,Los Angeles,California,34.1141,-118.4068,12531334.0,3267.0,America/Los_Angeles,1980,9,5
1980-09-06,258,Very Unhealthy,Ozone,24,Los Angeles,California,34.1141,-118.4068,12531334.0,3267.0,America/Los_Angeles,1980,9,6
1980-09-07,79,Moderate,NO2,24,Los Angeles,California,34.1141,-118.4068,12531334.0,3267.0,America/Los_Angeles,1980,9,7
1980-09-08,115,Unhealthy for Sensitive Groups,Ozone,24,Los Angeles,California,34.1141,-118.4068,12531334.0,3267.0,America/Los_Angeles,1980,9,8
1980-09-09,156,Unhealthy,Ozone,24,Los Angeles,California,34.1141,-118.4068,12531334.0,3267.0,America/Los_Angeles,1980,9,9
1980-09-10,200,Unhealthy,Ozone,24,Los Angeles,California,34.1141,-118.4068,12531334.0,3267.0,America/Los_Angeles,1980,9,10
1980-09-11,279,Very Unhealthy,Ozone,24,Los Angeles,California,34.1141,-118.4068,12531334.0,3267.0,America/Los_Angeles,1980,9,11
1980-09-12,287,Very Unhealthy,Ozone,24,Los Angeles,California,34.1141,-118.4068,12531334.0,3267.0,America/Los_Angeles,1980,9,12
1980-09-13,151,Unhealthy,Ozone,24,Los Angeles,California,34.1141,-118.4068,12531334.0,3267.0,America/Los_Angeles,1980,9,13
1980-09-14,101,Unhealthy for Sensitive Groups,Ozone,24,Los Angeles,California,34.1141,-118.4068,12531334.0,3267.0,America/Los_Angeles,1980,9,14
1980-09-15,208,Very Unhealthy,Ozone,23,Los Angeles,California,34.1141,-118.4068,12531334.0,3267.0,America/Los_Angeles,1980,9,15
1980-09-16,263,Very Unhealthy,Ozone,24,Los Angeles,California,34.1141,-118.4068,12531334.0,3267.0,America/Los_Angeles,1980,9,16
1980-09-17,278,Very Unhealthy,Ozone,24,Los Angeles,California,34.1141,-118.4068,12531334.0,3267.0,America/Los_Angeles,1980,9,17
1980-09-18,161,Unhealthy,Ozone,24,Los Angeles,California,34.1141,-118.4068,12531334.0,3267.0,America/Los_Angeles,1980,9,18
1980-09-19,105,Unhealthy for Sensitive Groups,Ozone,24,Los Angeles,California,34.1141,-118.4068,12531334.0,3267.0,America/Los_Angeles,1980,9,19
1980-09-20,207,Very Unhealthy,Ozone,24,Los Angeles,California,34.1141,-118.4068,12531334.0,3267.0,America/Los_Angeles,1980,9,20
1980-09-21,205,Very Unhealthy,Ozone,24,Los Angeles,California,34.1141,-118.4068,12531334.0,3267.0,America/Los_Angeles,1980,9,21
1980-09-22,223,Very Unhealthy,Ozone,24,Los Angeles,California,34.1141,-118.4068,12531334.0,3267.0,America/Los_Angeles,1980,9,22
1980-09-23,232,Very Unhealthy,Ozone,24,Los Angeles,California,34.1141,-118.4068,12531334.0,3267.0,America/Los_Angeles,1980,9,23
1980-09-24,300,Very Unhealthy,Ozone,24,Los Angeles,California,34.1141,-118.4068,12531334.0,3267.0,America/Los_Angeles,1980,9,24
1980-09-25,286,Very Unhealthy,Ozone,24,Los Angeles,California,34.1141,-118.4068,12531334.0,3267.0,America/Los_Angeles,1980,9,25
1980-09-26,254,Very Unhealthy,Ozone,24,Los Angeles,California,34.1141,-118.4068,12531334.0,3267.0,America/Los_Angeles,1980,9,26
1980-09-27,280,Very Unhealthy,Ozone,24,Los Angeles,California,34.1141,-118.4068,12531334.0,3267.0,America/Los_Angeles,1980,9,27
1980-09-28,274,Very Unhealthy,Ozone,24,Los Angeles,California,34.1141,-118.4068,12531334.0,3267.0,America/Los_Angeles,1980,9,28
1980-09-29,298,Very Unhealthy,Ozone,24,Los Angeles,California,34.1141,-118.4068,12531334.0,3267.0,America/Los_Angeles,1980,9,29
1980-09-30,386,Hazardous,Ozone,24,Los Angeles,California,34.1141,-118.4068,12531334.0,3267.0,America/Los_Angeles,1980,9,30
1980-10-01,306,Hazardous,Ozone,24,Los Angeles,California,34.1141,-118.4068,12531334.0,3267.0,America/Los_Angeles,1980,10,1
1980-10-02,336,Hazardous,Ozone,24,Los Angeles,California,34.1141,-118.4068,12531334.0,3267.0,America/Los_Angeles,1980,10,2
1980-10-03,289,Very Unhealthy,Ozone,24,Los Angeles,California,34.1141,-118.4068,12531334.0,3267.0,America/Los_Angeles,1980,10,3
1980-10-04,277,Very Unhealthy,Ozone,24,Los Angeles,California,34.1141,-118.4068,12531334.0,3267.0,America/Los_Angeles,1980,10,4
1980-10-05,275,Very Unhealthy,Ozone,23,Los Angeles,California,34.1141,-118.4068,12531334.0,3267.0,America/Los_Angeles,1980,10,5
1980-10-06,262,Very Unhealthy,Ozone,23,Los Angeles,California,34.1141,-118.4068,12531334.0,3267.0,America/Los_Angeles,1980,10,6
1980-10-07,300,Very Unhealthy,Ozone,23,Los Angeles,California,34.1141,-118.4068,12531334.0,3267.0,America/Los_Angeles,1980,10,7
1980-10-08,298,Very Unhealthy,Ozone,24,Los Angeles,California,34.1141,-118.4068,12531334.0,3267.0,America/Los_Angeles,1980,10,8
1980-10-09,295,Very Unhealthy,Ozone,24,Los Angeles,California,34.1141,-118.4068,12531334.0,3267.0,America/Los_Angeles,1980,10,9
1980-10-10,277,Very Unhealthy,Ozone,24,Los Angeles,California,34.1141,-118.4068,12531334.0,3267.0,America/Los_Angeles,1980,10,10
1980-10-11,297,Very Unhealthy,Ozone,23,Los Angeles,California,34.1141,-118.4068,12531334.0,3267.0,America/Los_Angeles,1980,10,11
1980-10-12,226,Very Unhealthy,Ozone,23,Los Angeles,California,34.1141,-118.4068,12531334.0,3267.0,America/Los_Angeles,1980,10,12
1980-10-13,119,Unhealthy for Sensitive Groups,Ozone,22,Los Angeles,California,34.1141,-118.4068,12531334.0,3267.0,America/Los_Angeles,1980,10,13
1980-10-14,100,Moderate,NO2,23,Los Angeles,California,34.1141,-118.4068,12531334.0,3267.0,America/Los_Angeles,1980,10,14
1980-10-15,68,Moderate,NO2,23,Los Angeles,California,34.1141,-118.4068,12531334.0,3267.0,America/Los_Angeles,1980,10,15
1980-10-16,79,Moderate,NO2,23,Los Angeles,California,34.1141,-118.4068,12531334.0,3267.0,America/Los_Angeles,1980,10,16
1980-10-17,106,Unhealthy for Sensitive Groups,NO2,24,Los Angeles,California,34.1141,-118.4068,12531334.0,3267.0,America/Los_Angeles,1980,10,17
1980-10-18,115,Unhealthy for Sensitive Groups,CO,24,Los Angeles,California,34.1141,-118.4068,12531334.0,3267.0,America/Los_Angeles,1980,10,18
1980-10-19,118,Unhealthy for Sensitive Groups,NO2,23,Los Angeles,California,34.1141,-118.4068,12531334.0,3267.0,America/Los_Angeles,1980,10,19
1980-10-20,120,Unhealthy for Sensitive Groups,CO,24,Los Angeles,California,34.1141,-118.4068,12531334.0,3267.0,America/Los_Angeles,1980,10,20
1980-10-21,156,Unhealthy,Ozone,24,Los Angeles,California,34.1141,-118.4068,12531334.0,3267.0,America/Los_Angeles,1980,10,21
1980-10-22,164,Unhealthy,Ozone,24,Los Angeles,California,34.1141,-118.4068,12531334.0,3267.0,America/Los_Angeles,1980,10,22
1980-10-23,221,Very Unhealthy,Ozone,24,Los Angeles,California,34.1141,-118.4068,12531334.0,3267.0,America/Los_Angeles,1980,10,23
1980-10-24,234,Very Unhealthy,CO,24,Los Angeles,California,34.1141,-118.4068,12531334.0,3267.0,America/Los_Angeles,1980,10,24
1980-10-25,156,Unhealthy,Ozone,23,Los Angeles,California,34.1141,-118.4068,12531334.0,3267.0,America/Los_Angeles,1980,10,25
1980-10-26,68,Moderate,NO2,23,Los Angeles,California,34.1141,-118.4068,12531334.0,3267.0,America/Los_Angeles,1980,10,26
1980-10-27,110,Unhealthy for Sensitive Groups,NO2,23,Los Angeles,California,34.1141,-118.4068,12531334.0,3267.0,America/Los_Angeles,1980,10,27
1980-10-28,126,Unhealthy for Sensitive Groups,CO,22,Los Angeles,California,34.1141,-118.4068,12531334.0,3267.0,America/Los_Angeles,1980,10,28
1980-10-29,170,Unhealthy,CO,22,Los Angeles,California,34.1141,-118.4068,12531334.0,3267.0,America/Los_Angeles,1980,10,29
1980-10-30,135,Unhealthy for Sensitive Groups,CO,22,Los Angeles,California,34.1141,-118.4068,12531334.0,3267.0,America/Los_Angeles,1980,10,30
1980-10-31,156,Unhealthy,CO,22,Los Angeles,California,34.1141,-118.4068,12531334.0,3267.0,America/Los_Angeles,1980,10,31
1980-11-01,218,Very Unhealthy,CO,21,Los Angeles,California,34.1141,-118.4068,12531334.0,3267.0,America/Los_Angeles,1980,11,1
1980-11-02,181,Unhealthy,CO,21,Los Angeles,California,34.1141,-118.4068,12531334.0,3267.0,America/Los_Angeles,1980,11,2
1980-11-03,253,Very Unhealthy,Ozone,21,Los Angeles,California,34.1141,-118.4068,12531334.0,3267.0,America/Los_Angeles,1980,11,3
1980-11-04,234,Very Unhealthy,Ozone,21,Los Angeles,California,34.1141,-118.4068,12531334.0,3267.0,America/Los_Angeles,1980,11,4
1980-11-05,145,Unhealthy for Sensitive Groups,Ozone,21,Los Angeles,California,34.1141,-118.4068,12531334.0,3267.0,America/Los_Angeles,1980,11,5
1980-11-06,192,Unhealthy,Ozone,20,Los Angeles,California,34.1141,-118.4068,12531334.0,3267.0,America/Los_Angeles,1980,11,6
1980-11-07,207,Very Unhealthy,Ozone,22,Los Angeles,California,34.1141,-118.4068,12531334.0,3267.0,America/Los_Angeles,1980,11,7
1980-11-08,232,Very Unhealthy,Ozone,22,Los Angeles,California,34.1141,-118.4068,12531334.0,3267.0,America/Los_Angeles,1980,11,8
1980-11-09,235,Very Unhealthy,Ozone,21,Los Angeles,California,34.1141,-118.4068,12531334.0,3267.0,America/Los_Angeles,1980,11,9
1980-11-10,201,Very Unhealthy,Ozone,22,Los Angeles,California,34.1141,-118.4068,12531334.0,3267.0,America/Los_Angeles,1980,11,10
1980-11-11,100,Moderate,NO2,23,Los Angeles,California,34.1141,-118.4068,12531334.0,3267.0,America/Los_Angeles,1980,11,11
1980-11-12,100,Moderate,NO2,23,Los Angeles,California,34.1141,-118.4068,12531334.0,3267.0,America/Los_Angeles,1980,11,12
1980-11-13,110,Unhealthy for Sensitive Groups,NO2,23,Los Angeles,California,34.1141,-118.4068,12531334.0,3267.0,America/Los_Angeles,1980,11,13
1980-11-14,118,Unhealthy for Sensitive Groups,CO,23,Los Angeles,California,34.1141,-118.4068,12531334.0,3267.0,America/Los_Angeles,1980,11,14
1980-11-15,143,Unhealthy for Sensitive Groups,CO,23,Los Angeles,California,34.1141,-118.4068,12531334.0,3267.0,America/Los_Angeles,1980,11,15
1980-11-16,94,Moderate,CO,23,Los Angeles,California,34.1141,-118.4068,12531334.0,3267.0,America/Los_Angeles,1980,11,16
1980-11-17,142,Unhealthy for Sensitive Groups,CO,23,Los Angeles,California,34.1141,-118.4068,12531334.0,3267.0,America/Los_Angeles,1980,11,17
1980-11-18,161,Unhealthy,CO,23,Los Angeles,California,34.1141,-118.4068,12531334.0,3267.0,America/Los_Angeles,1980,11,18
1980-11-19,173,Unhealthy,CO,23,Los Angeles,California,34.1141,-118.4068,12531334.0,3267.0,America/Los_Angeles,1980,11,19
1980-11-20,222,Very Unhealthy,CO,23,Los Angeles,California,34.1141,-118.4068,12531334.0,3267.0,America/Los_Angeles,1980,11,20
1980-11-21,232,Very Unhealthy,CO,23,Los Angeles,California,34.1141,-118.4068,12531334.0,3267.0,America/Los_Angeles,1980,11,21
1980-11-22,150,Unhealthy for Sensitive Groups,CO,23,Los Angeles,California,34.1141,-118.4068,12531334.0,3267.0,America/Los_Angeles,1980,11,22
1980-11-23,143,Unhealthy for Sensitive Groups,Ozone,23,Los Angeles,California,34.1141,-118.4068,12531334.0,3267.0,America/Los_Angeles,1980,11,23
1980-11-24,108,Unhealthy for Sensitive Groups,NO2,23,Los Angeles,California,34.1141,-118.4068,12531334.0,3267.0,America/Los_Angeles,1980,11,24
1980-11-25,205,Very Unhealthy,CO,23,Los Angeles,California,34.1141,-118.4068,12531334.0,3267.0,America/Los_Angeles,1980,11,25
1980-11-26,223,Very Unhealthy,CO,23,Los Angeles,California,34.1141,-118.4068,12531334.0,3267.0,America/Los_Angeles,1980,11,26
1980-11-27,225,Very Unhealthy,CO,22,Los Angeles,California,34.1141,-118.4068,12531334.0,3267.0,America/Los_Angeles,1980,11,27
1980-11-28,224,Very Unhealthy,CO,22,Los Angeles,California,34.1141,-118.4068,12531334.0,3267.0,America/Los_Angeles,1980,11,28
1980-11-29,269,Very Unhealthy,CO,22,Los Angeles,California,34.1141,-118.4068,12531334.0,3267.0,America/Los_Angeles,1980,11,29
1980-11-30,208,Very Unhealthy,CO,22,Los Angeles,California,34.1141,-118.4068,12531334.0,3267.0,America/Los_Angeles,1980,11,30
1980-12-01,106,Unhealthy for Sensitive Groups,NO2,23,Los Angeles,California,34.1141,-118.4068,12531334.0,3267.0,America/Los_Angeles,1980,12,1
1980-12-02,150,Unhealthy for Sensitive Groups,CO,23,Los Angeles,California,34.1141,-118.4068,12531334.0,3267.0,America/Los_Angeles,1980,12,2
1980-12-03,125,Unhealthy for Sensitive Groups,CO,23,Los Angeles,California,34.1141,-118.4068,12531334.0,3267.0,America/Los_Angeles,1980,12,3
1980-12-04,65,Moderate,CO,23,Los Angeles,California,34.1141,-118.4068,12531334.0,3267.0,America/Los_Angeles,1980,12,4
1980-12-05,82,Moderate,CO,22,Los Angeles,California,34.1141,-118.4068,12531334.0,3267.0,America/Los_Angeles,1980,12,5
1980-12-06,85,Moderate,CO,22,Los Angeles,California,34.1141,-118.4068,12531334.0,3267.0,America/Los_Angeles,1980,12,6
1980-12-07,90,Moderate,CO,22,Los Angeles,California,34.1141,-118.4068,12531334.0,3267.0,America/Los_Angeles,1980,12,7
1980-12-08,140,Unhealthy for Sensitive Groups,CO,23,Los Angeles,California,34.1141,-118.4068,12531334.0,3267.0,America/Los_Angeles,1980,12,8
1980-12-09,153,Unhealthy,CO,23,Los Angeles,California,34.1141,-118.4068,12531334.0,3267.0,America/Los_Angeles,1980,12,9
1980-12-10,228,Very Unhealthy,CO,23,Los Angeles,California,34.1141,-118.4068,12531334.0,3267.0,America/Los_Angeles,1980,12,10
1980-12-11,240,Very Unhealthy,CO,23,Los Angeles,California,34.1141,-118.4068,12531334.0,3267.0,America/Los_Angeles,1980,12,11
1980-12-12,250,Very Unhealthy,CO,23,Los Angeles,California,34.1141,-118.4068,12531334.0,3267.0,America/Los_Angeles,1980,12,12
1980-12-13,263,Very Unhealthy,CO,23,Los Angeles,California,34.1141,-118.4068,12531334.0,3267.0,America/Los_Angeles,1980,12,13
1980-12-14,228,Very Unhealthy,CO,23,Los Angeles,California,34.1141,-118.4068,12531334.0,3267.0,America/Los_Angeles,1980,12,14
1980-12-15,233,Very Unhealthy,CO,23,Los Angeles,California,34.1141,-118.4068,12531334.0,3267.0,America/Los_Angeles,1980,12,15
1980-12-16,245,Very Unhealthy,CO,23,Los Angeles,California,34.1141,-118.4068,12531334.0,3267.0,America/Los_Angeles,1980,12,16
1980-12-17,248,Very Unhealthy,CO,23,Los Angeles,California,34.1141,-118.4068,12531334.0,3267.0,America/Los_Angeles,1980,12,17
1980-12-18,136,Unhealthy for Sensitive Groups,Ozone,22,Los Angeles,California,34.1141,-118.4068,12531334.0,3267.0,America/Los_Angeles,1980,12,18
1980-12-19,200,Unhealthy,CO,23,Los Angeles,California,34.1141,-118.4068,12531334.0,3267.0,America/Los_Angeles,1980,12,19
1980-12-20,215,Very Unhealthy,CO,23,Los Angeles,California,34.1141,-118.4068,12531334.0,3267.0,America/Los_Angeles,1980,12,20
1980-12-21,225,Very Unhealthy,CO,23,Los Angeles,California,34.1141,-118.4068,12531334.0,3267.0,America/Los_Angeles,1980,12,21
1980-12-22,185,Unhealthy,CO,23,Los Angeles,California,34.1141,-118.4068,12531334.0,3267.0,America/Los_Angeles,1980,12,22
1980-12-23,238,Very Unhealthy,CO,23,Los Angeles,California,34.1141,-118.4068,12531334.0,3267.0,America/Los_Angeles,1980,12,23
1980-12-24,240,Very Unhealthy,CO,23,Los Angeles,California,34.1141,-118.4068,12531334.0,3267.0,America/Los_Angeles,1980,12,24
1980-12-25,231,Very Unhealthy,CO,23,Los Angeles,California,34.1141,-118.4068,12531334.0,3267.0,America/Los_Angeles,1980,12,25
1980-12-26,159,Unhealthy,CO,23,Los Angeles,California,34.1141,-118.4068,12531334.0,3267.0,America/Los_Angeles,1980,12,26
1980-12-27,204,Very Unhealthy,CO,23,Los Angeles,California,34.1141,-118.4068,12531334.0,3267.0,America/Los_Angeles,1980,12,27
1980-12-28,200,Unhealthy,CO,23,Los Angeles,California,34.1141,-118.4068,12531334.0,3267.0,America/Los_Angeles,1980,12,28
1980-12-29,224,Very Unhealthy,CO,23,Los Angeles,California,34.1141,-118.4068,12531334.0,3267.0,America/Los_Angeles,1980,12,29
1980-12-30,208,Very Unhealthy,CO,23,Los Angeles,California,34.1141,-118.4068,12531334.0,3267.0,America/Los_Angeles,1980,12,30
1980-12-31,202,Very Unhealthy,CO,23,Los Angeles,California,34.1141,-118.4068,12531334.0,3267.0,America/Los_Angeles,1980,12,31
1981-01-01,274,Very Unhealthy,CO,20,Los Angeles,California,34.1141,-118.4068,12531334.0,3267.0,America/Los_Angeles,1981,1,1
1981-01-02,120,Unhealthy for Sensitive Groups,NO2,20,Los Angeles,California,34.1141,-118.4068,12531334.0,3267.0,America/Los_Angeles,1981,1,2
1981-01-03,110,Unhealthy for Sensitive Groups,NO2,20,Los Angeles,California,34.1141,-118.4068,12531334.0,3267.0,America/Los_Angeles,1981,1,3
1981-01-04,118,Unhealthy for Sensitive Groups,NO2,20,Los Angeles,California,34.1141,-118.4068,12531334.0,3267.0,America/Los_Angeles,1981,1,4
1981-01-05,223,Very Unhealthy,CO,20,Los Angeles,California,34.1141,-118.4068,12531334.0,3267.0,America/Los_Angeles,1981,1,5
1981-01-06,234,Very Unhealthy,CO,20,Los Angeles,California,34.1141,-118.4068,12531334.0,3267.0,America/Los_Angeles,1981,1,6
1981-01-07,198,Unhealthy,CO,20,Los Angeles,California,34.1141,-118.4068,12531334.0,3267.0,America/Los_Angeles,1981,1,7
1981-01-08,142,Unhealthy for Sensitive Groups,CO,20,Los Angeles,California,34.1141,-118.4068,12531334.0,3267.0,America/Los_Angeles,1981,1,8
1981-01-09,208,Very Unhealthy,CO,20,Los Angeles,California,34.1141,-118.4068,12531334.0,3267.0,America/Los_Angeles,1981,1,9
1981-01-10,230,Very Unhealthy,CO,20,Los Angeles,California,34.1141,-118.4068,12531334.0,3267.0,America/Los_Angeles,1981,1,10
1981-01-11,108,Unhealthy for Sensitive Groups,CO,20,Los Angeles,California,34.1141,-118.4068,12531334.0,3267.0,America/Los_Angeles,1981,1,11
1981-01-12,111,Unhealthy for Sensitive Groups,CO,20,Los Angeles,California,34.1141,-118.4068,12531334.0,3267.0,America/Los_Angeles,1981,1,12
1981-01-13,111,Unhealthy for Sensitive Groups,CO,20,Los Angeles,California,34.1141,-118.4068,12531334.0,3267.0,America/Los_Angeles,1981,1,13
1981-01-14,125,Unhealthy for Sensitive Groups,CO,20,Los Angeles,California,34.1141,-118.4068,12531334.0,3267.0,America/Los_Angeles,1981,1,14
1981-01-15,140,Unhealthy for Sensitive Groups,CO,20,Los Angeles,California,34.1141,-118.4068,12531334.0,3267.0,America/Los_Angeles,1981,1,15
1981-01-16,114,Unhealthy for Sensitive Groups,NO2,20,Los Angeles,California,34.1141,-118.4068,12531334.0,3267.0,America/Los_Angeles,1981,1,16
1981-01-17,151,Unhealthy,CO,20,Los Angeles,California,34.1141,-118.4068,12531334.0,3267.0,America/Los_Angeles,1981,1,17
1981-01-18,140,Unhealthy for Sensitive Groups,CO,20,Los Angeles,California,34.1141,-118.4068,12531334.0,3267.0,America/Los_Angeles,1981,1,18
1981-01-19,125,Unhealthy for Sensitive Groups,NO2,20,Los Angeles,California,34.1141,-118.4068,12531334.0,3267.0,America/Los_Angeles,1981,1,19
1981-01-20,105,Unhealthy for Sensitive Groups,NO2,19,Los Angeles,California,34.1141,-118.4068,12531334.0,3267.0,America/Los_Angeles,1981,1,20
1981-01-21,222,Very Unhealthy,CO,20,Los Angeles,California,34.1141,-118.4068,12531334.0,3267.0,America/Los_Angeles,1981,1,21
1981-01-22,230,Very Unhealthy,CO,19,Los Angeles,California,34.1141,-118.4068,12531334.0,3267.0,America/Los_Angeles,1981,1,22
1981-01-23,79,Moderate,NO2,20,Los Angeles,California,34.1141,-118.4068,12531334.0,3267.0,America/Los_Angeles,1981,1,23
1981-01-24,79,Moderate,NO2,20,Los Angeles,California,34.1141,-118.4068,12531334.0,3267.0,America/Los_Angeles,1981,1,24
1981-01-25,105,Unhealthy for Sensitive Groups,NO2,20,Los Angeles,California,34.1141,-118.4068,12531334.0,3267.0,America/Los_Angeles,1981,1,25
1981-01-26,106,Unhealthy for Sensitive Groups,NO2,20,Los Angeles,California,34.1141,-118.4068,12531334.0,3267.0,America/Los_Angeles,1981,1,26
1981-01-27,99,Moderate,CO,20,Los Angeles,California,34.1141,-118.4068,12531334.0,3267.0,America/Los_Angeles,1981,1,27
1981-01-28,70,Moderate,CO,20,Los Angeles,California,34.1141,-118.4068,12531334.0,3267.0,America/Los_Angeles,1981,1,28
1981-01-29,90,Moderate,CO,20,Los Angeles,California,34.1141,-118.4068,12531334.0,3267.0,America/Los_Angeles,1981,1,29
1981-01-30,100,Moderate,NO2,19,Los Angeles,California,34.1141,-118.4068,12531334.0,3267.0,America/Los_Angeles,1981,1,30
1981-01-31,82,Moderate,CO,19,Los Angeles,California,34.1141,-118.4068,12531334.0,3267.0,America/Los_Angeles,1981,1,31
1981-02-01,108,Unhealthy for Sensitive Groups,NO2,19,Los Angeles,California,34.1141,-118.4068,12531334.0,3267.0,America/Los_Angeles,1981,2,1
1981-02-02,133,Unhealthy for Sensitive Groups,NO2,20,Los Angeles,California,34.1141,-118.4068,12531334.0,3267.0,America/Los_Angeles,1981,2,2
1981-02-03,131,Unhealthy for Sensitive Groups,CO,20,Los Angeles,California,34.1141,-118.4068,12531334.0,3267.0,America/Los_Angeles,1981,2,3
1981-02-04,135,Unhealthy for Sensitive Groups,CO,20,Los Angeles,California,34.1141,-118.4068,12531334.0,3267.0,America/Los_Angeles,1981,2,4
1981-02-05,135,Unhealthy for Sensitive Groups,CO,20,Los Angeles,California,34.1141,-118.4068,12531334.0,3267.0,America/Los_Angeles,1981,2,5
1981-02-06,116,Unhealthy for Sensitive Groups,NO2,20,Los Angeles,California,34.1141,-118.4068,12531334.0,3267.0,America/Los_Angeles,1981,2,6
1981-02-07,156,Unhealthy,Ozone,19,Los Angeles,California,34.1141,-118.4068,12531334.0,3267.0,America/Los_Angeles,1981,2,7
1981-02-08,108,Unhealthy for Sensitive Groups,NO2,19,Los Angeles,California,34.1141,-118.4068,12531334.0,3267.0,America/Los_Angeles,1981,2,8
1981-02-09,69,Moderate,CO,20,Los Angeles,California,34.1141,-118.4068,12531334.0,3267.0,America/Los_Angeles,1981,2,9
1981-02-10,80,Moderate,CO,20,Los Angeles,California,34.1141,-118.4068,12531334.0,3267.0,America/Los_Angeles,1981,2,10
1981-02-11,105,Unhealthy for Sensitive Groups,NO2,20,Los Angeles,California,34.1141,-118.4068,12531334.0,3267.0,America/Los_Angeles,1981,2,11
1981-02-12,114,Unhealthy for Sensitive Groups,NO2,20,Los Angeles,California,34.1141,-118.4068,12531334.0,3267.0,America/Los_Angeles,1981,2,12
1981-02-13,112,Unhealthy for Sensitive Groups,NO2,20,Los Angeles,California,34.1141,-118.4068,12531334.0,3267.0,America/Los_Angeles,1981,2,13
1981-02-14,170,Unhealthy,CO,20,Los Angeles,California,34.1141,-118.4068,12531334.0,3267.0,America/Los_Angeles,1981,2,14
1981-02-15,114,Unhealthy for Sensitive Groups,NO2,20,Los Angeles,California,34.1141,-118.4068,12531334.0,3267.0,America/Los_Angeles,1981,2,15
1981-02-16,133,Unhealthy for Sensitive Groups,CO,20,Los Angeles,California,34.1141,-118.4068,12531334.0,3267.0,America/Los_Angeles,1981,2,16
1981-02-17,140,Unhealthy for Sensitive Groups,Ozone,20,Los Angeles,California,34.1141,-118.4068,12531334.0,3267.0,America/Los_Angeles,1981,2,17
1981-02-18,206,Very Unhealthy,Ozone,20,Los Angeles,California,34.1141,-118.4068,12531334.0,3267.0,America/Los_Angeles,1981,2,18
1981-02-19,228,Very Unhealthy,Ozone,20,Los Angeles,California,34.1141,-118.4068,12531334.0,3267.0,America/Los_Angeles,1981,2,19
1981-02-20,174,Unhealthy,Ozone,20,Los Angeles,California,34.1141,-118.4068,12531334.0,3267.0,America/Los_Angeles,1981,2,20
1981-02-21,176,Unhealthy,CO,20,Los Angeles,California,34.1141,-118.4068,12531334.0,3267.0,America/Los_Angeles,1981,2,21
1981-02-22,103,Unhealthy for Sensitive Groups,NO2,20,Los Angeles,California,34.1141,-118.4068,12531334.0,3267.0,America/Los_Angeles,1981,2,22
1981-02-23,126,Unhealthy for Sensitive Groups,CO,20,Los Angeles,California,34.1141,-118.4068,12531334.0,3267.0,America/Los_Angeles,1981,2,23
1981-02-24,100,Moderate,NO2,20,Los Angeles,California,34.1141,-118.4068,12531334.0,3267.0,America/Los_Angeles,1981,2,24
1981-02-25,68,Moderate,NO2,20,Los Angeles,California,34.1141,-118.4068,12531334.0,3267.0,America/Los_Angeles,1981,2,25
1981-02-26,79,Moderate,NO2,20,Los Angeles,California,34.1141,-118.4068,12531334.0,3267.0,America/Los_Angeles,1981,2,26
1981-02-27,103,Unhealthy for Sensitive Groups,NO2,19,Los Angeles,California,34.1141,-118.4068,12531334.0,3267.0,America/Los_Angeles,1981,2,27
1981-02-28,89,Moderate,NO2,19,Los Angeles,California,34.1141,-118.4068,12531334.0,3267.0,America/Los_Angeles,1981,2,28
1981-03-01,65,Moderate,CO,19,Los Angeles,California,34.1141,-118.4068,12531334.0,3267.0,America/Los_Angeles,1981,3,1
1981-03-02,71,Moderate,CO,19,Los Angeles,California,34.1141,-118.4068,12531334.0,3267.0,America/Los_Angeles,1981,3,2
1981-03-03,108,Unhealthy for Sensitive Groups,NO2,20,Los Angeles,California,34.1141,-118.4068,12531334.0,3267.0,America/Los_Angeles,1981,3,3
1981-03-04,68,Moderate,NO2,20,Los Angeles,California,34.1141,-118.4068,12531334.0,3267.0,America/Los_Angeles,1981,3,4
1981-03-05,56,Moderate,CO,20,Los Angeles,California,34.1141,-118.4068,12531334.0,3267.0,America/Los_Angeles,1981,3,5
1981-03-06,89,Moderate,NO2,20,Los Angeles,California,34.1141,-118.4068,12531334.0,3267.0,America/Los_Angeles,1981,3,6
1981-03-07,79,Moderate,NO2,20,Los Angeles,California,34.1141,-118.4068,12531334.0,3267.0,America/Los_Angeles,1981,3,7
1981-03-08,79,Moderate,NO2,20,Los Angeles,California,34.1141,-118.4068,12531334.0,3267.0,America/Los_Angeles,1981,3,8
1981-03-09,108,Unhealthy for Sensitive Groups,NO2,20,Los Angeles,California,34.1141,-118.4068,12531334.0,3267.0,America/Los_Angeles,1981,3,9
1981-03-10,114,Unhealthy for Sensitive Groups,NO2,19,Los Angeles,California,34.1141,-118.4068,12531334.0,3267.0,America/Los_Angeles,1981,3,10
1981-03-11,114,Unhealthy for Sensitive Groups,NO2,20,Los Angeles,California,34.1141,-118.4068,12531334.0,3267.0,America/Los_Angeles,1981,3,11
1981-03-12,105,Unhealthy for Sensitive Groups,Ozone,20,Los Angeles,California,34.1141,-118.4068,12531334.0,3267.0,America/Los_Angeles,1981,3,12
1981-03-13,57,Moderate,NO2,20,Los Angeles,California,34.1141,-118.4068,12531334.0,3267.0,America/Los_Angeles,1981,3,13
1981-03-14,89,Moderate,NO2,20,Los Angeles,California,34.1141,-118.4068,12531334.0,3267.0,America/Los_Angeles,1981,3,14
1981-03-15,103,Unhealthy for Sensitive Groups,NO2,20,Los Angeles,California,34.1141,-118.4068,12531334.0,3267.0,America/Los_Angeles,1981,3,15
1981-03-16,110,Unhealthy for Sensitive Groups,NO2,20,Los Angeles,California,34.1141,-118.4068,12531334.0,3267.0,America/Los_Angeles,1981,3,16
1981-03-17,120,Unhealthy for Sensitive Groups,NO2,20,Los Angeles,California,34.1141,-118.4068,12531334.0,3267.0,America/Los_Angeles,1981,3,17
1981-03-18,106,Unhealthy for Sensitive Groups,NO2,20,Los Angeles,California,34.1141,-118.4068,12531334.0,3267.0,America/Los_Angeles,1981,3,18
1981-03-19,89,Moderate,NO2,20,Los Angeles,California,34.1141,-118.4068,12531334.0,3267.0,America/Los_Angeles,1981,3,19
1981-03-20,47,Good,NO2,20,Los Angeles,California,34.1141,-118.4068,12531334.0,3267.0,America/Los_Angeles,1981,3,20
1981-03-21,57,Moderate,NO2,20,Los Angeles,California,34.1141,-118.4068,12531334.0,3267.0,America/Los_Angeles,1981,3,21
1981-03-22,57,Moderate,NO2,20,Los Angeles,California,34.1141,-118.4068,12531334.0,3267.0,America/Los_Angeles,1981,3,22
1981-03-23,100,Moderate,NO2,20,Los Angeles,California,34.1141,-118.4068,12531334.0,3267.0,America/Los_Angeles,1981,3,23
1981-03-24,169,Unhealthy,Ozone,20,Los Angeles,California,34.1141,-118.4068,12531334.0,3267.0,America/Los_Angeles,1981,3,24
1981-03-25,133,Unhealthy for Sensitive Groups,Ozone,20,Los Angeles,California,34.1141,-118.4068,12531334.0,3267.0,America/Los_Angeles,1981,3,25
1981-03-26,47,Good,NO2,18,Los Angeles,California,34.1141,-118.4068,12531334.0,3267.0,America/Los_Angeles,1981,3,26
1981-03-27,89,Moderate,NO2,18,Los Angeles,California,34.1141,-118.4068,12531334.0,3267.0,America/Los_Angeles,1981,3,27
1981-03-28,68,Moderate,NO2,20,Los Angeles,California,34.1141,-118.4068,12531334.0,3267.0,America/Los_Angeles,1981,3,28
1981-03-29,79,Moderate,NO2,20,Los Angeles,California,34.1141,-118.4068,12531334.0,3267.0,America/Los_Angeles,1981,3,29
1981-03-30,79,Moderate,NO2,19,Los Angeles,California,34.1141,-118.4068,12531334.0,3267.0,America/Los_Angeles,1981,3,30
1981-03-31,154,Unhealthy,Ozone,20,Los Angeles,California,34.1141,-118.4068,12531334.0,3267.0,America/Los_Angeles,1981,3,31
1981-04-01,133,Unhealthy for Sensitive Groups,Ozone,20,Los Angeles,California,34.1141,-118.4068,12531334.0,3267.0,America/Los_Angeles,1981,4,1
1981-04-02,58,Moderate,Ozone,20,Los Angeles,California,34.1141,-118.4068,12531334.0,3267.0,America/Los_Angeles,1981,4,2
1981-04-03,79,Moderate,NO2,20,Los Angeles,California,34.1141,-118.4068,12531334.0,3267.0,America/Los_Angeles,1981,4,3
1981-04-04,143,Unhealthy for Sensitive Groups,Ozone,20,Los Angeles,California,34.1141,-118.4068,12531334.0,3267.0,America/Los_Angeles,1981,4,4
1981-04-05,101,Unhealthy for Sensitive Groups,Ozone,20,Los Angeles,California,34.1141,-118.4068,12531334.0,3267.0,America/Los_Angeles,1981,4,5
1981-04-06,190,Unhealthy,Ozone,20,Los Angeles,California,34.1141,-118.4068,12531334.0,3267.0,America/Los_Angeles,1981,4,6
1981-04-07,108,Unhealthy for Sensitive Groups,Ozone,20,Los Angeles,California,34.1141,-118.4068,12531334.0,3267.0,America/Los_Angeles,1981,4,7
1981-04-08,108,Unhealthy for Sensitive Groups,Ozone,20,Los Angeles,California,34.1141,-118.4068,12531334.0,3267.0,America/Los_Angeles,1981,4,8
1981-04-09,216,Very Unhealthy,Ozone,20,Los Angeles,California,34.1141,-118.4068,12531334.0,3267.0,America/Los_Angeles,1981,4,9
1981-04-10,115,Unhealthy for Sensitive Groups,Ozone,20,Los Angeles,California,34.1141,-118.4068,12531334.0,3267.0,America/Los_Angeles,1981,4,10
1981-04-11,136,Unhealthy for Sensitive Groups,Ozone,20,Los Angeles,California,34.1141,-118.4068,12531334.0,3267.0,America/Los_Angeles,1981,4,11
1981-04-12,210,Very Unhealthy,Ozone,20,Los Angeles,California,34.1141,-118.4068,12531334.0,3267.0,America/Los_Angeles,1981,4,12
1981-04-13,200,Unhealthy,Ozone,20,Los Angeles,California,34.1141,-118.4068,12531334.0,3267.0,America/Los_Angeles,1981,4,13
1981-04-14,226,Very Unhealthy,Ozone,20,Los Angeles,California,34.1141,-118.4068,12531334.0,3267.0,America/Los_Angeles,1981,4,14
1981-04-15,195,Unhealthy,Ozone,20,Los Angeles,California,34.1141,-118.4068,12531334.0,3267.0,America/Los_Angeles,1981,4,15
1981-04-16,200,Unhealthy,Ozone,20,Los Angeles,California,34.1141,-118.4068,12531334.0,3267.0,America/Los_Angeles,1981,4,16
1981-04-17,222,Very Unhealthy,Ozone,20,Los Angeles,California,34.1141,-118.4068,12531334.0,3267.0,America/Los_Angeles,1981,4,17
1981-04-18,71,Moderate,Ozone,20,Los Angeles,California,34.1141,-118.4068,12531334.0,3267.0,America/Los_Angeles,1981,4,18
1981-04-19,57,Moderate,NO2,20,Los Angeles,California,34.1141,-118.4068,12531334.0,3267.0,America/Los_Angeles,1981,4,19
1981-04-20,68,Moderate,NO2,20,Los Angeles,California,34.1141,-118.4068,12531334.0,3267.0,America/Los_Angeles,1981,4,20
1981-04-21,156,Unhealthy,Ozone,20,Los Angeles,California,34.1141,-118.4068,12531334.0,3267.0,America/Los_Angeles,1981,4,21
1981-04-22,227,Very Unhealthy,Ozone,20,Los Angeles,California,34.1141,-118.4068,12531334.0,3267.0,America/Los_Angeles,1981,4,22
1981-04-23,243,Very Unhealthy,Ozone,20,Los Angeles,California,34.1141,-118.4068,12531334.0,3267.0,America/Los_Angeles,1981,4,23
1981-04-24,182,Unhealthy,Ozone,20,Los Angeles,California,34.1141,-118.4068,12531334.0,3267.0,America/Los_Angeles,1981,4,24
1981-04-25,235,Very Unhealthy,Ozone,20,Los Angeles,California,34.1141,-118.4068,12531334.0,3267.0,America/Los_Angeles,1981,4,25
1981-04-26,119,Unhealthy for Sensitive Groups,Ozone,20,Los Angeles,California,34.1141,-118.4068,12531334.0,3267.0,America/Los_Angeles,1981,4,26
1981-04-27,161,Unhealthy,Ozone,20,Los Angeles,California,34.1141,-118.4068,12531334.0,3267.0,America/Los_Angeles,1981,4,27
1981-04-28,190,Unhealthy,Ozone,20,Los Angeles,California,34.1141,-118.4068,12531334.0,3267.0,America/Los_Angeles,1981,4,28
1981-04-29,217,Very Unhealthy,Ozone,20,Los Angeles,California,34.1141,-118.4068,12531334.0,3267.0,America/Los_Angeles,1981,4,29
1981-04-30,218,Very Unhealthy,Ozone,20,Los Angeles,California,34.1141,-118.4068,12531334.0,3267.0,America/Los_Angeles,1981,4,30
1981-05-01,201,Very Unhealthy,Ozone,21,Los Angeles,California,34.1141,-118.4068,12531334.0,3267.0,America/Los_Angeles,1981,5,1
1981-05-02,219,Very Unhealthy,Ozone,21,Los Angeles,California,34.1141,-118.4068,12531334.0,3267.0,America/Los_Angeles,1981,5,2
1981-05-03,150,Unhealthy for Sensitive Groups,Ozone,21,Los Angeles,California,34.1141,-118.4068,12531334.0,3267.0,America/Los_Angeles,1981,5,3
1981-05-04,154,Unhealthy,Ozone,21,Los Angeles,California,34.1141,-118.4068,12531334.0,3267.0,America/Los_Angeles,1981,5,4
1981-05-05,177,Unhealthy,Ozone,21,Los Angeles,California,34.1141,-118.4068,12531334.0,3267.0,America/Los_Angeles,1981,5,5
1981-05-06,140,Unhealthy for Sensitive Groups,Ozone,21,Los Angeles,California,34.1141,-118.4068,12531334.0,3267.0,America/Los_Angeles,1981,5,6
1981-05-07,221,Very Unhealthy,Ozone,21,Los Angeles,California,34.1141,-118.4068,12531334.0,3267.0,America/Los_Angeles,1981,5,7
1981-05-08,242,Very Unhealthy,Ozone,21,Los Angeles,California,34.1141,-118.4068,12531334.0,3267.0,America/Los_Angeles,1981,5,8
1981-05-09,271,Very Unhealthy,Ozone,21,Los Angeles,California,34.1141,-118.4068,12531334.0,3267.0,America/Los_Angeles,1981,5,9
1981-05-10,239,Very Unhealthy,Ozone,21,Los Angeles,California,34.1141,-118.4068,12531334.0,3267.0,America/Los_Angeles,1981,5,10
1981-05-11,227,Very Unhealthy,Ozone,21,Los Angeles,California,34.1141,-118.4068,12531334.0,3267.0,America/Los_Angeles,1981,5,11
1981-05-12,182,Unhealthy,Ozone,21,Los Angeles,California,34.1141,-118.4068,12531334.0,3267.0,America/Los_Angeles,1981,5,12
1981-05-13,202,Very Unhealthy,Ozone,21,Los Angeles,California,34.1141,-118.4068,12531334.0,3267.0,America/Los_Angeles,1981,5,13
1981-05-14,105,Unhealthy for Sensitive Groups,Ozone,21,Los Angeles,California,34.1141,-118.4068,12531334.0,3267.0,America/Los_Angeles,1981,5,14
1981-05-15,74,Moderate,Ozone,21,Los Angeles,California,34.1141,-118.4068,12531334.0,3267.0,America/Los_Angeles,1981,5,15
1981-05-16,90,Moderate,Ozone,21,Los Angeles,California,34.1141,-118.4068,12531334.0,3267.0,America/Los_Angeles,1981,5,16
1981-05-17,177,Unhealthy,Ozone,21,Los Angeles,California,34.1141,-118.4068,12531334.0,3267.0,America/Los_Angeles,1981,5,17
1981-05-18,174,Unhealthy,Ozone,20,Los Angeles,California,34.1141,-118.4068,12531334.0,3267.0,America/Los_Angeles,1981,5,18
1981-05-19,68,Moderate,NO2,20,Los Angeles,California,34.1141,-118.4068,12531334.0,3267.0,America/Los_Angeles,1981,5,19
1981-05-20,68,Moderate,NO2,21,Los Angeles,California,34.1141,-118.4068,12531334.0,3267.0,America/Los_Angeles,1981,5,20
1981-05-21,150,Unhealthy for Sensitive Groups,Ozone,21,Los Angeles,California,34.1141,-118.4068,12531334.0,3267.0,America/Los_Angeles,1981,5,21
1981-05-22,219,Very Unhealthy,Ozone,21,Los Angeles,California,34.1141,-118.4068,12531334.0,3267.0,America/Los_Angeles,1981,5,22
1981-05-23,263,Very Unhealthy,Ozone,21,Los Angeles,California,34.1141,-118.4068,12531334.0,3267.0,America/Los_Angeles,1981,5,23
1981-05-24,271,Very Unhealthy,Ozone,21,Los Angeles,California,34.1141,-118.4068,12531334.0,3267.0,America/Los_Angeles,1981,5,24
1981-05-25,214,Very Unhealthy,Ozone,21,Los Angeles,California,34.1141,-118.4068,12531334.0,3267.0,America/Los_Angeles,1981,5,25
1981-05-26,154,Unhealthy,Ozone,21,Los Angeles,California,34.1141,-118.4068,12531334.0,3267.0,America/Los_Angeles,1981,5,26
1981-05-27,101,Unhealthy for Sensitive Groups,Ozone,21,Los Angeles,California,34.1141,-118.4068,12531334.0,3267.0,America/Los_Angeles,1981,5,27
1981-05-28,216,Very Unhealthy,Ozone,21,Los Angeles,California,34.1141,-118.4068,12531334.0,3267.0,America/Los_Angeles,1981,5,28
1981-05-29,238,Very Unhealthy,Ozone,21,Los Angeles,California,34.1141,-118.4068,12531334.0,3267.0,America/Los_Angeles,1981,5,29
1981-05-30,279,Very Unhealthy,Ozone,21,Los Angeles,California,34.1141,-118.4068,12531334.0,3267.0,America/Los_Angeles,1981,5,30
1981-05-31,251,Very Unhealthy,Ozone,21,Los Angeles,California,34.1141,-118.4068,12531334.0,3267.0,America/Los_Angeles,1981,5,31
1981-06-01,275,Very Unhealthy,Ozone,21,Los Angeles,California,34.1141,-118.4068,12531334.0,3267.0,America/Los_Angeles,1981,6,1
1981-06-02,229,Very Unhealthy,Ozone,21,Los Angeles,California,34.1141,-118.4068,12531334.0,3267.0,America/Los_Angeles,1981,6,2
1981-06-03,268,Very Unhealthy,Ozone,21,Los Angeles,California,34.1141,-118.4068,12531334.0,3267.0,America/Los_Angeles,1981,6,3
1981-06-04,298,Very Unhealthy,Ozone,21,Los Angeles,California,34.1141,-118.4068,12531334.0,3267.0,America/Los_Angeles,1981,6,4
1981-06-05,243,Very Unhealthy,Ozone,21,Los Angeles,California,34.1141,-118.4068,12531334.0,3267.0,America/Los_Angeles,1981,6,5
1981-06-06,279,Very Unhealthy,Ozone,21,Los Angeles,California,34.1141,-118.4068,12531334.0,3267.0,America/Los_Angeles,1981,6,6
1981-06-07,277,Very Unhealthy,Ozone,21,Los Angeles,California,34.1141,-118.4068,12531334.0,3267.0,America/Los_Angeles,1981,6,7
1981-06-08,286,Very Unhealthy,Ozone,21,Los Angeles,California,34.1141,-118.4068,12531334.0,3267.0,America/Los_Angeles,1981,6,8
1981-06-09,242,Very Unhealthy,Ozone,21,Los Angeles,California,34.1141,-118.4068,12531334.0,3267.0,America/Los_Angeles,1981,6,9
1981-06-10,243,Very Unhealthy,Ozone,21,Los Angeles,California,34.1141,-118.4068,12531334.0,3267.0,America/Los_Angeles,1981,6,10
1981-06-11,239,Very Unhealthy,Ozone,21,Los Angeles,California,34.1141,-118.4068,12531334.0,3267.0,America/Los_Angeles,1981,6,11
1981-06-12,190,Unhealthy,Ozone,21,Los Angeles,California,34.1141,-118.4068,12531334.0,3267.0,America/Los_Angeles,1981,6,12
1981-06-13,227,Very Unhealthy,Ozone,21,Los Angeles,California,34.1141,-118.4068,12531334.0,3267.0,America/Los_Angeles,1981,6,13
1981-06-14,240,Very Unhealthy,Ozone,21,Los Angeles,California,34.1141,-118.4068,12531334.0,3267.0,America/Los_Angeles,1981,6,14
1981-06-15,224,Very Unhealthy,Ozone,21,Los Angeles,California,34.1141,-118.4068,12531334.0,3267.0,America/Los_Angeles,1981,6,15
1981-06-16,226,Very Unhealthy,Ozone,21,Los Angeles,California,34.1141,-118.4068,12531334.0,3267.0,America/Los_Angeles,1981,6,16
1981-06-17,298,Very Unhealthy,Ozone,21,Los Angeles,California,34.1141,-118.4068,12531334.0,3267.0,America/Los_Angeles,1981,6,17
1981-06-18,254,Very Unhealthy,Ozone,21,Los Angeles,California,34.1141,-118.4068,12531334.0,3267.0,America/Los_Angeles,1981,6,18
1981-06-19,280,Very Unhealthy,Ozone,21,Los Angeles,California,34.1141,-118.4068,12531334.0,3267.0,America/Los_Angeles,1981,6,19
1981-06-20,280,Very Unhealthy,Ozone,21,Los Angeles,California,34.1141,-118.4068,12531334.0,3267.0,America/Los_Angeles,1981,6,20
1981-06-21,275,Very Unhealthy,Ozone,21,Los Angeles,California,34.1141,-118.4068,12531334.0,3267.0,America/Los_Angeles,1981,6,21
1981-06-22,253,Very Unhealthy,Ozone,21,Los Angeles,California,34.1141,-118.4068,12531334.0,3267.0,America/Los_Angeles,1981,6,22
1981-06-23,260,Very Unhealthy,Ozone,21,Los Angeles,California,34.1141,-118.4068,12531334.0,3267.0,America/Los_Angeles,1981,6,23
1981-06-24,292,Very Unhealthy,Ozone,21,Los Angeles,California,34.1141,-118.4068,12531334.0,3267.0,America/Los_Angeles,1981,6,24
1981-06-25,279,Very Unhealthy,Ozone,21,Los Angeles,California,34.1141,-118.4068,12531334.0,3267.0,America/Los_Angeles,1981,6,25
1981-06-26,293,Very Unhealthy,Ozone,21,Los Angeles,California,34.1141,-118.4068,12531334.0,3267.0,America/Los_Angeles,1981,6,26
1981-06-27,242,Very Unhealthy,Ozone,21,Los Angeles,California,34.1141,-118.4068,12531334.0,3267.0,America/Los_Angeles,1981,6,27
1981-06-28,235,Very Unhealthy,Ozone,21,Los Angeles,California,34.1141,-118.4068,12531334.0,3267.0,America/Los_Angeles,1981,6,28
1981-06-29,259,Very Unhealthy,Ozone,21,Los Angeles,California,34.1141,-118.4068,12531334.0,3267.0,America/Los_Angeles,1981,6,29
1981-06-30,238,Very Unhealthy,Ozone,21,Los Angeles,California,34.1141,-118.4068,12531334.0,3267.0,America/Los_Angeles,1981,6,30
1981-07-01,255,Very Unhealthy,Ozone,21,Los Angeles,California,34.1141,-118.4068,12531334.0,3267.0,America/Los_Angeles,1981,7,1
1981-07-02,260,Very Unhealthy,Ozone,21,Los Angeles,California,34.1141,-118.4068,12531334.0,3267.0,America/Los_Angeles,1981,7,2
1981-07-03,224,Very Unhealthy,Ozone,21,Los Angeles,California,34.1141,-118.4068,12531334.0,3267.0,America/Los_Angeles,1981,7,3
1981-07-04,260,Very Unhealthy,Ozone,21,Los Angeles,California,34.1141,-118.4068,12531334.0,3267.0,America/Los_Angeles,1981,7,4
1981-07-05,228,Very Unhealthy,Ozone,21,Los Angeles,California,34.1141,-118.4068,12531334.0,3267.0,America/Los_Angeles,1981,7,5
1981-07-06,216,Very Unhealthy,Ozone,21,Los Angeles,California,34.1141,-118.4068,12531334.0,3267.0,America/Los_Angeles,1981,7,6
1981-07-07,261,Very Unhealthy,Ozone,20,Los Angeles,California,34.1141,-118.4068,12531334.0,3267.0,America/Los_Angeles,1981,7,7
1981-07-08,217,Very Unhealthy,Ozone,20,Los Angeles,California,34.1141,-118.4068,12531334.0,3267.0,America/Los_Angeles,1981,7,8
1981-07-09,210,Very Unhealthy,Ozone,20,Los Angeles,California,34.1141,-118.4068,12531334.0,3267.0,America/Los_Angeles,1981,7,9
1981-07-10,256,Very Unhealthy,Ozone,20,Los Angeles,California,34.1141,-118.4068,12531334.0,3267.0,America/Los_Angeles,1981,7,10
1981-07-11,263,Very Unhealthy,Ozone,20,Los Angeles,California,34.1141,-118.4068,12531334.0,3267.0,America/Los_Angeles,1981,7,11
1981-07-12,285,Very Unhealthy,Ozone,20,Los Angeles,California,34.1141,-118.4068,12531334.0,3267.0,America/Los_Angeles,1981,7,12
1981-07-13,275,Very Unhealthy,Ozone,21,Los Angeles,California,34.1141,-118.4068,12531334.0,3267.0,America/Los_Angeles,1981,7,13
1981-07-14,274,Very Unhealthy,Ozone,21,Los Angeles,California,34.1141,-118.4068,12531334.0,3267.0,America/Los_Angeles,1981,7,14
1981-07-15,295,Very Unhealthy,Ozone,21,Los Angeles,California,34.1141,-118.4068,12531334.0,3267.0,America/Los_Angeles,1981,7,15
1981-07-16,251,Very Unhealthy,Ozone,21,Los Angeles,California,34.1141,-118.4068,12531334.0,3267.0,America/Los_Angeles,1981,7,16
1981-07-17,261,Very Unhealthy,Ozone,21,Los Angeles,California,34.1141,-118.4068,12531334.0,3267.0,America/Los_Angeles,1981,7,17
1981-07-18,258,Very Unhealthy,Ozone,21,Los Angeles,California,34.1141,-118.4068,12531334.0,3267.0,America/Los_Angeles,1981,7,18
1981-07-19,277,Very Unhealthy,Ozone,21,Los Angeles,California,34.1141,-118.4068,12531334.0,3267.0,America/Los_Angeles,1981,7,19
1981-07-20,247,Very Unhealthy,Ozone,21,Los Angeles,California,34.1141,-118.4068,12531334.0,3267.0,America/Los_Angeles,1981,7,20
1981-07-21,248,Very Unhealthy,Ozone,21,Los Angeles,California,34.1141,-118.4068,12531334.0,3267.0,America/Los_Angeles,1981,7,21
1981-07-22,254,Very Unhealthy,Ozone,21,Los Angeles,California,34.1141,-118.4068,12531334.0,3267.0,America/Los_Angeles,1981,7,22
1981-07-23,279,Very Unhealthy,Ozone,21,Los Angeles,California,34.1141,-118.4068,12531334.0,3267.0,America/Los_Angeles,1981,7,23
1981-07-24,264,Very Unhealthy,Ozone,21,Los Angeles,California,34.1141,-118.4068,12531334.0,3267.0,America/Los_Angeles,1981,7,24
1981-07-25,280,Very Unhealthy,Ozone,21,Los Angeles,California,34.1141,-118.4068,12531334.0,3267.0,America/Los_Angeles,1981,7,25
1981-07-26,242,Very Unhealthy,Ozone,21,Los Angeles,California,34.1141,-118.4068,12531334.0,3267.0,America/Los_Angeles,1981,7,26
1981-07-27,244,Very Unhealthy,Ozone,21,Los Angeles,California,34.1141,-118.4068,12531334.0,3267.0,America/Los_Angeles,1981,7,27
1981-07-28,265,Very Unhealthy,Ozone,21,Los Angeles,California,34.1141,-118.4068,12531334.0,3267.0,America/Los_Angeles,1981,7,28
1981-07-29,264,Very Unhealthy,Ozone,21,Los Angeles,California,34.1141,-118.4068,12531334.0,3267.0,America/Los_Angeles,1981,7,29
1981-07-30,261,Very Unhealthy,Ozone,21,Los Angeles,California,34.1141,-118.4068,12531334.0,3267.0,America/Los_Angeles,1981,7,30
1981-07-31,271,Very Unhealthy,Ozone,20,Los Angeles,California,34.1141,-118.4068,12531334.0,3267.0,America/Los_Angeles,1981,7,31
1981-08-01,297,Very Unhealthy,Ozone,21,Los Angeles,California,34.1141,-118.4068,12531334.0,3267.0,America/Los_Angeles,1981,8,1
1981-08-02,258,Very Unhealthy,Ozone,21,Los Angeles,California,34.1141,-118.4068,12531334.0,3267.0,America/Los_Angeles,1981,8,2
1981-08-03,269,Very Unhealthy,Ozone,21,Los Angeles,California,34.1141,-118.4068,12531334.0,3267.0,America/Los_Angeles,1981,8,3
1981-08-04,266,Very Unhealthy,Ozone,21,Los Angeles,California,34.1141,-118.4068,12531334.0,3267.0,America/Los_Angeles,1981,8,4
1981-08-05,295,Very Unhealthy,Ozone,21,Los Angeles,California,34.1141,-118.4068,12531334.0,3267.0,America/Los_Angeles,1981,8,5
1981-08-06,300,Very Unhealthy,Ozone,21,Los Angeles,California,34.1141,-118.4068,12531334.0,3267.0,America/Los_Angeles,1981,8,6
1981-08-07,289,Very Unhealthy,Ozone,21,Los Angeles,California,34.1141,-118.4068,12531334.0,3267.0,America/Los_Angeles,1981,8,7
1981-08-08,258,Very Unhealthy,Ozone,21,Los Angeles,California,34.1141,-118.4068,12531334.0,3267.0,America/Los_Angeles,1981,8,8
1981-08-09,264,Very Unhealthy,Ozone,21,Los Angeles,California,34.1141,-118.4068,12531334.0,3267.0,America/Los_Angeles,1981,8,9
1981-08-10,228,Very Unhealthy,Ozone,21,Los Angeles,California,34.1141,-118.4068,12531334.0,3267.0,America/Los_Angeles,1981,8,10
1981-08-11,212,Very Unhealthy,Ozone,21,Los Angeles,California,34.1141,-118.4068,12531334.0,3267.0,America/Los_Angeles,1981,8,11
1981-08-12,221,Very Unhealthy,Ozone,21,Los Angeles,California,34.1141,-118.4068,12531334.0,3267.0,America/Los_Angeles,1981,8,12
1981-08-13,229,Very Unhealthy,Ozone,21,Los Angeles,California,34.1141,-118.4068,12531334.0,3267.0,America/Los_Angeles,1981,8,13
1981-08-14,210,Very Unhealthy,Ozone,21,Los Angeles,California,34.1141,-118.4068,12531334.0,3267.0,America/Los_Angeles,1981,8,14
1981-08-15,166,Unhealthy,Ozone,20,Los Angeles,California,34.1141,-118.4068,12531334.0,3267.0,America/Los_Angeles,1981,8,15
1981-08-16,245,Very Unhealthy,Ozone,20,Los Angeles,California,34.1141,-118.4068,12531334.0,3267.0,America/Los_Angeles,1981,8,16
1981-08-17,261,Very Unhealthy,Ozone,21,Los Angeles,California,34.1141,-118.4068,12531334.0,3267.0,America/Los_Angeles,1981,8,17
1981-08-18,216,Very Unhealthy,Ozone,21,Los Angeles,California,34.1141,-118.4068,12531334.0,3267.0,America/Los_Angeles,1981,8,18
1981-08-19,245,Very Unhealthy,Ozone,21,Los Angeles,California,34.1141,-118.4068,12531334.0,3267.0,America/Los_Angeles,1981,8,19
1981-08-20,289,Very Unhealthy,Ozone,21,Los Angeles,California,34.1141,-118.4068,12531334.0,3267.0,America/Los_Angeles,1981,8,20
1981-08-21,279,Very Unhealthy,Ozone,21,Los Angeles,California,34.1141,-118.4068,12531334.0,3267.0,America/Los_Angeles,1981,8,21
1981-08-22,274,Very Unhealthy,Ozone,20,Los Angeles,California,34.1141,-118.4068,12531334.0,3267.0,America/Los_Angeles,1981,8,22
1981-08-23,237,Very Unhealthy,Ozone,20,Los Angeles,California,34.1141,-118.4068,12531334.0,3267.0,America/Los_Angeles,1981,8,23
1981-08-24,234,Very Unhealthy,Ozone,20,Los Angeles,California,34.1141,-118.4068,12531334.0,3267.0,America/Los_Angeles,1981,8,24
1981-08-25,263,Very Unhealthy,Ozone,20,Los Angeles,California,34.1141,-118.4068,12531334.0,3267.0,America/Los_Angeles,1981,8,25
1981-08-26,265,Very Unhealthy,Ozone,20,Los Angeles,California,34.1141,-118.4068,12531334.0,3267.0,America/Los_Angeles,1981,8,26
1981-08-27,293,Very Unhealthy,Ozone,20,Los Angeles,California,34.1141,-118.4068,12531334.0,3267.0,America/Los_Angeles,1981,8,27
1981-08-28,277,Very Unhealthy,Ozone,20,Los Angeles,California,34.1141,-118.4068,12531334.0,3267.0,America/Los_Angeles,1981,8,28
1981-08-29,269,Very Unhealthy,Ozone,20,Los Angeles,California,34.1141,-118.4068,12531334.0,3267.0,America/Los_Angeles,1981,8,29
1981-08-30,210,Very Unhealthy,Ozone,20,Los Angeles,California,34.1141,-118.4068,12531334.0,3267.0,America/Los_Angeles,1981,8,30
1981-08-31,200,Unhealthy,Ozone,20,Los Angeles,California,34.1141,-118.4068,12531334.0,3267.0,America/Los_Angeles,1981,8,31
1981-09-01,234,Very Unhealthy,Ozone,20,Los Angeles,California,34.1141,-118.4068,12531334.0,3267.0,America/Los_Angeles,1981,9,1
1981-09-02,214,Very Unhealthy,Ozone,20,Los Angeles,California,34.1141,-118.4068,12531334.0,3267.0,America/Los_Angeles,1981,9,2
1981-09-03,229,Very Unhealthy,Ozone,20,Los Angeles,California,34.1141,-118.4068,12531334.0,3267.0,America/Los_Angeles,1981,9,3
1981-09-04,232,Very Unhealthy,Ozone,20,Los Angeles,California,34.1141,-118.4068,12531334.0,3267.0,America/Los_Angeles,1981,9,4
1981-09-05,216,Very Unhealthy,Ozone,20,Los Angeles,California,34.1141,-118.4068,12531334.0,3267.0,America/Los_Angeles,1981,9,5
1981-09-06,169,Unhealthy,Ozone,20,Los Angeles,California,34.1141,-118.4068,12531334.0,3267.0,America/Los_Angeles,1981,9,6
1981-09-07,217,Very Unhealthy,Ozone,20,Los Angeles,California,34.1141,-118.4068,12531334.0,3267.0,America/Los_Angeles,1981,9,7
1981-09-08,161,Unhealthy,Ozone,20,Los Angeles,California,34.1141,-118.4068,12531334.0,3267.0,America/Los_Angeles,1981,9,8
1981-09-09,136,Unhealthy for Sensitive Groups,Ozone,20,Los Angeles,California,34.1141,-118.4068,12531334.0,3267.0,America/Los_Angeles,1981,9,9
1981-09-10,221,Very Unhealthy,Ozone,20,Los Angeles,California,34.1141,-118.4068,12531334.0,3267.0,America/Los_Angeles,1981,9,10
1981-09-11,218,Very Unhealthy,Ozone,20,Los Angeles,California,34.1141,-118.4068,12531334.0,3267.0,America/Los_Angeles,1981,9,11
1981-09-12,244,Very Unhealthy,Ozone,20,Los Angeles,California,34.1141,-118.4068,12531334.0,3267.0,America/Los_Angeles,1981,9,12
1981-09-13,207,Very Unhealthy,Ozone,20,Los Angeles,California,34.1141,-118.4068,12531334.0,3267.0,America/Los_Angeles,1981,9,13
1981-09-14,208,Very Unhealthy,Ozone,20,Los Angeles,California,34.1141,-118.4068,12531334.0,3267.0,America/Los_Angeles,1981,9,14
1981-09-15,245,Very Unhealthy,Ozone,20,Los Angeles,California,34.1141,-118.4068,12531334.0,3267.0,America/Los_Angeles,1981,9,15
1981-09-16,259,Very Unhealthy,Ozone,20,Los Angeles,California,34.1141,-118.4068,12531334.0,3267.0,America/Los_Angeles,1981,9,16
1981-09-17,300,Very Unhealthy,Ozone,20,Los Angeles,California,34.1141,-118.4068,12531334.0,3267.0,America/Los_Angeles,1981,9,17
1981-09-18,240,Very Unhealthy,Ozone,20,Los Angeles,California,34.1141,-118.4068,12531334.0,3267.0,America/Los_Angeles,1981,9,18
1981-09-19,221,Very Unhealthy,Ozone,20,Los Angeles,California,34.1141,-118.4068,12531334.0,3267.0,America/Los_Angeles,1981,9,19
1981-09-20,205,Very Unhealthy,Ozone,19,Los Angeles,California,34.1141,-118.4068,12531334.0,3267.0,America/Los_Angeles,1981,9,20
1981-09-21,218,Very Unhealthy,Ozone,19,Los Angeles,California,34.1141,-118.4068,12531334.0,3267.0,America/Los_Angeles,1981,9,21
1981-09-22,187,Unhealthy,Ozone,19,Los Angeles,California,34.1141,-118.4068,12531334.0,3267.0,America/Los_Angeles,1981,9,22
1981-09-23,192,Unhealthy,Ozone,19,Los Angeles,California,34.1141,-118.4068,12531334.0,3267.0,America/Los_Angeles,1981,9,23
1981-09-24,201,Very Unhealthy,Ozone,21,Los Angeles,California,34.1141,-118.4068,12531334.0,3267.0,America/Los_Angeles,1981,9,24
1981-09-25,205,Very Unhealthy,Ozone,21,Los Angeles,California,34.1141,-118.4068,12531334.0,3267.0,America/Los_Angeles,1981,9,25
1981-09-26,222,Very Unhealthy,Ozone,21,Los Angeles,California,34.1141,-118.4068,12531334.0,3267.0,America/Los_Angeles,1981,9,26
1981-09-27,239,Very Unhealthy,Ozone,21,Los Angeles,California,34.1141,-118.4068,12531334.0,3267.0,America/Los_Angeles,1981,9,27
1981-09-28,169,Unhealthy,Ozone,21,Los Angeles,California,34.1141,-118.4068,12531334.0,3267.0,America/Los_Angeles,1981,9,28
1981-09-29,143,Unhealthy for Sensitive Groups,Ozone,21,Los Angeles,California,34.1141,-118.4068,12531334.0,3267.0,America/Los_Angeles,1981,9,29
1981-09-30,106,Unhealthy for Sensitive Groups,NO2,21,Los Angeles,California,34.1141,-118.4068,12531334.0,3267.0,America/Los_Angeles,1981,9,30
1981-10-01,79,Moderate,NO2,21,Los Angeles,California,34.1141,-118.4068,12531334.0,3267.0,America/Los_Angeles,1981,10,1
1981-10-02,74,Moderate,Ozone,21,Los Angeles,California,34.1141,-118.4068,12531334.0,3267.0,America/Los_Angeles,1981,10,2
1981-10-03,67,Moderate,Ozone,21,Los Angeles,California,34.1141,-118.4068,12531334.0,3267.0,America/Los_Angeles,1981,10,3
1981-10-04,154,Unhealthy,Ozone,21,Los Angeles,California,34.1141,-118.4068,12531334.0,3267.0,America/Los_Angeles,1981,10,4
1981-10-05,108,Unhealthy for Sensitive Groups,Ozone,21,Los Angeles,California,34.1141,-118.4068,12531334.0,3267.0,America/Los_Angeles,1981,10,5
1981-10-06,203,Very Unhealthy,Ozone,21,Los Angeles,California,34.1141,-118.4068,12531334.0,3267.0,America/Los_Angeles,1981,10,6
1981-10-07,150,Unhealthy for Sensitive Groups,Ozone,21,Los Angeles,California,34.1141,-118.4068,12531334.0,3267.0,America/Los_Angeles,1981,10,7
1981-10-08,105,Unhealthy for Sensitive Groups,Ozone,21,Los Angeles,California,34.1141,-118.4068,12531334.0,3267.0,America/Los_Angeles,1981,10,8
1981-10-09,190,Unhealthy,Ozone,21,Los Angeles,California,34.1141,-118.4068,12531334.0,3267.0,America/Los_Angeles,1981,10,9
1981-10-10,101,Unhealthy for Sensitive Groups,Ozone,21,Los Angeles,California,34.1141,-118.4068,12531334.0,3267.0,America/Los_Angeles,1981,10,10
1981-10-11,40,Good,Ozone,21,Los Angeles,California,34.1141,-118.4068,12531334.0,3267.0,America/Los_Angeles,1981,10,11
1981-10-12,57,Moderate,NO2,21,Los Angeles,California,34.1141,-118.4068,12531334.0,3267.0,America/Los_Angeles,1981,10,12
1981-10-13,79,Moderate,NO2,21,Los Angeles,California,34.1141,-118.4068,12531334.0,3267.0,America/Los_Angeles,1981,10,13
1981-10-14,100,Moderate,NO2,21,Los Angeles,California,34.1141,-118.4068,12531334.0,3267.0,America/Los_Angeles,1981,10,14
1981-10-15,103,Unhealthy for Sensitive Groups,NO2,21,Los Angeles,California,34.1141,-118.4068,12531334.0,3267.0,America/Los_Angeles,1981,10,15
1981-10-16,110,Unhealthy for Sensitive Groups,NO2,21,Los Angeles,California,34.1141,-118.4068,12531334.0,3267.0,America/Los_Angeles,1981,10,16
1981-10-17,108,Unhealthy for Sensitive Groups,NO2,21,Los Angeles,California,34.1141,-118.4068,12531334.0,3267.0,America/Los_Angeles,1981,10,17
1981-10-18,120,Unhealthy for Sensitive Groups,NO2,21,Los Angeles,California,34.1141,-118.4068,12531334.0,3267.0,America/Los_Angeles,1981,10,18
1981-10-19,143,Unhealthy for Sensitive Groups,CO,21,Los Angeles,California,34.1141,-118.4068,12531334.0,3267.0,America/Los_Angeles,1981,10,19
1981-10-20,174,Unhealthy,Ozone,21,Los Angeles,California,34.1141,-118.4068,12531334.0,3267.0,America/Los_Angeles,1981,10,20
1981-10-21,200,Unhealthy,Ozone,21,Los Angeles,California,34.1141,-118.4068,12531334.0,3267.0,America/Los_Angeles,1981,10,21
1981-10-22,190,Unhealthy,Ozone,21,Los Angeles,California,34.1141,-118.4068,12531334.0,3267.0,America/Los_Angeles,1981,10,22
1981-10-23,150,Unhealthy for Sensitive Groups,NO2,21,Los Angeles,California,34.1141,-118.4068,12531334.0,3267.0,America/Los_Angeles,1981,10,23
1981-10-24,120,Unhealthy for Sensitive Groups,NO2,21,Los Angeles,California,34.1141,-118.4068,12531334.0,3267.0,America/Los_Angeles,1981,10,24
1981-10-25,154,Unhealthy,Ozone,20,Los Angeles,California,34.1141,-118.4068,12531334.0,3267.0,America/Los_Angeles,1981,10,25
1981-10-26,164,Unhealthy,Ozone,21,Los Angeles,California,34.1141,-118.4068,12531334.0,3267.0,America/Los_Angeles,1981,10,26
1981-10-27,106,Unhealthy for Sensitive Groups,NO2,21,Los Angeles,California,34.1141,-118.4068,12531334.0,3267.0,America/Los_Angeles,1981,10,27
1981-10-28,105,Unhealthy for Sensitive Groups,NO2,21,Los Angeles,California,34.1141,-118.4068,12531334.0,3267.0,America/Los_Angeles,1981,10,28
1981-10-29,68,Moderate,NO2,21,Los Angeles,California,34.1141,-118.4068,12531334.0,3267.0,America/Los_Angeles,1981,10,29
1981-10-30,145,Unhealthy for Sensitive Groups,CO,21,Los Angeles,California,34.1141,-118.4068,12531334.0,3267.0,America/Los_Angeles,1981,10,30
1981-10-31,225,Very Unhealthy,CO,21,Los Angeles,California,34.1141,-118.4068,12531334.0,3267.0,America/Los_Angeles,1981,10,31
1981-11-01,214,Very Unhealthy,CO,21,Los Angeles,California,34.1141,-118.4068,12531334.0,3267.0,America/Los_Angeles,1981,11,1
1981-11-02,131,Unhealthy for Sensitive Groups,CO,21,Los Angeles,California,34.1141,-118.4068,12531334.0,3267.0,America/Los_Angeles,1981,11,2
1981-11-03,171,Unhealthy,CO,21,Los Angeles,California,34.1141,-118.4068,12531334.0,3267.0,America/Los_Angeles,1981,11,3
1981-11-04,161,Unhealthy,CO,21,Los Angeles,California,34.1141,-118.4068,12531334.0,3267.0,America/Los_Angeles,1981,11,4
1981-11-05,116,Unhealthy for Sensitive Groups,NO2,21,Los Angeles,California,34.1141,-118.4068,12531334.0,3267.0,America/Los_Angeles,1981,11,5
1981-11-06,68,Moderate,NO2,21,Los Angeles,California,34.1141,-118.4068,12531334.0,3267.0,America/Los_Angeles,1981,11,6
1981-11-07,100,Moderate,NO2,21,Los Angeles,California,34.1141,-118.4068,12531334.0,3267.0,America/Los_Angeles,1981,11,7
1981-11-08,110,Unhealthy for Sensitive Groups,NO2,21,Los Angeles,California,34.1141,-118.4068,12531334.0,3267.0,America/Los_Angeles,1981,11,8
1981-11-09,122,Unhealthy for Sensitive Groups,NO2,21,Los Angeles,California,34.1141,-118.4068,12531334.0,3267.0,America/Los_Angeles,1981,11,9
1981-11-10,127,Unhealthy for Sensitive Groups,NO2,21,Los Angeles,California,34.1141,-118.4068,12531334.0,3267.0,America/Los_Angeles,1981,11,10
1981-11-11,135,Unhealthy for Sensitive Groups,NO2,21,Los Angeles,California,34.1141,-118.4068,12531334.0,3267.0,America/Los_Angeles,1981,11,11
1981-11-12,137,Unhealthy for Sensitive Groups,NO2,21,Los Angeles,California,34.1141,-118.4068,12531334.0,3267.0,America/Los_Angeles,1981,11,12
1981-11-13,116,Unhealthy for Sensitive Groups,NO2,21,Los Angeles,California,34.1141,-118.4068,12531334.0,3267.0,America/Los_Angeles,1981,11,13
1981-11-14,89,Moderate,NO2,21,Los Angeles,California,34.1141,-118.4068,12531334.0,3267.0,America/Los_Angeles,1981,11,14
1981-11-15,105,Unhealthy for Sensitive Groups,NO2,21,Los Angeles,California,34.1141,-118.4068,12531334.0,3267.0,America/Los_Angeles,1981,11,15
1981-11-16,120,Unhealthy for Sensitive Groups,NO2,21,Los Angeles,California,34.1141,-118.4068,12531334.0,3267.0,America/Los_Angeles,1981,11,16
1981-11-17,106,Unhealthy for Sensitive Groups,NO2,21,Los Angeles,California,34.1141,-118.4068,12531334.0,3267.0,America/Los_Angeles,1981,11,17
1981-11-18,126,Unhealthy for Sensitive Groups,CO,21,Los Angeles,California,34.1141,-118.4068,12531334.0,3267.0,America/Los_Angeles,1981,11,18
1981-11-19,158,Unhealthy,CO,21,Los Angeles,California,34.1141,-118.4068,12531334.0,3267.0,America/Los_Angeles,1981,11,19
1981-11-20,173,Unhealthy,CO,21,Los Angeles,California,34.1141,-118.4068,12531334.0,3267.0,America/Los_Angeles,1981,11,20
1981-11-21,212,Very Unhealthy,CO,21,Los Angeles,California,34.1141,-118.4068,12531334.0,3267.0,America/Los_Angeles,1981,11,21
1981-11-22,133,Unhealthy for Sensitive Groups,CO,21,Los Angeles,California,34.1141,-118.4068,12531334.0,3267.0,America/Los_Angeles,1981,11,22
1981-11-23,248,Very Unhealthy,Ozone,21,Los Angeles,California,34.1141,-118.4068,12531334.0,3267.0,America/Los_Angeles,1981,11,23
1981-11-24,133,Unhealthy for Sensitive Groups,CO,21,Los Angeles,California,34.1141,-118.4068,12531334.0,3267.0,America/Los_Angeles,1981,11,24
1981-11-25,68,Moderate,NO2,21,Los Angeles,California,34.1141,-118.4068,12531334.0,3267.0,America/Los_Angeles,1981,11,25
1981-11-26,68,Moderate,NO2,21,Los Angeles,California,34.1141,-118.4068,12531334.0,3267.0,America/Los_Angeles,1981,11,26
1981-11-27,57,Moderate,NO2,21,Los Angeles,California,34.1141,-118.4068,12531334.0,3267.0,America/Los_Angeles,1981,11,27
1981-11-28,71,Moderate,CO,21,Los Angeles,California,34.1141,-118.4068,12531334.0,3267.0,America/Los_Angeles,1981,11,28
1981-11-29,79,Moderate,CO,21,Los Angeles,California,34.1141,-118.4068,12531334.0,3267.0,America/Los_Angeles,1981,11,29
1981-11-30,105,Unhealthy for Sensitive Groups,NO2,21,Los Angeles,California,34.1141,-118.4068,12531334.0,3267.0,America/Los_Angeles,1981,11,30
1981-12-01,173,Unhealthy,CO,21,Los Angeles,California,34.1141,-118.4068,12531334.0,3267.0,America/Los_Angeles,1981,12,1
1981-12-02,183,Unhealthy,CO,21,Los Angeles,California,34.1141,-118.4068,12531334.0,3267.0,America/Los_Angeles,1981,12,2
1981-12-03,188,Unhealthy,CO,21,Los Angeles,California,34.1141,-118.4068,12531334.0,3267.0,America/Los_Angeles,1981,12,3
1981-12-04,207,Very Unhealthy,CO,21,Los Angeles,California,34.1141,-118.4068,12531334.0,3267.0,America/Los_Angeles,1981,12,4
1981-12-05,226,Very Unhealthy,Ozone,21,Los Angeles,California,34.1141,-118.4068,12531334.0,3267.0,America/Los_Angeles,1981,12,5
1981-12-06,207,Very Unhealthy,CO,20,Los Angeles,California,34.1141,-118.4068,12531334.0,3267.0,America/Los_Angeles,1981,12,6
1981-12-07,215,Very Unhealthy,CO,21,Los Angeles,California,34.1141,-118.4068,12531334.0,3267.0,America/Los_Angeles,1981,12,7
1981-12-08,204,Very Unhealthy,CO,21,Los Angeles,California,34.1141,-118.4068,12531334.0,3267.0,America/Los_Angeles,1981,12,8
1981-12-09,208,Very Unhealthy,CO,21,Los Angeles,California,34.1141,-118.4068,12531334.0,3267.0,America/Los_Angeles,1981,12,9
1981-12-10,190,Unhealthy,CO,21,Los Angeles,California,34.1141,-118.4068,12531334.0,3267.0,America/Los_Angeles,1981,12,10
1981-12-11,122,Unhealthy for Sensitive Groups,NO2,21,Los Angeles,California,34.1141,-118.4068,12531334.0,3267.0,America/Los_Angeles,1981,12,11
1981-12-12,142,Unhealthy for Sensitive Groups,CO,21,Los Angeles,California,34.1141,-118.4068,12531334.0,3267.0,America/Los_Angeles,1981,12,12
1981-12-13,109,Unhealthy for Sensitive Groups,CO,21,Los Angeles,California,34.1141,-118.4068,12531334.0,3267.0,America/Los_Angeles,1981,12,13
1981-12-14,190,Unhealthy,CO,21,Los Angeles,California,34.1141,-118.4068,12531334.0,3267.0,America/Los_Angeles,1981,12,14
1981-12-15,226,Very Unhealthy,CO,21,Los Angeles,California,34.1141,-118.4068,12531334.0,3267.0,America/Los_Angeles,1981,12,15
1981-12-16,232,Very Unhealthy,CO,21,Los Angeles,California,34.1141,-118.4068,12531334.0,3267.0,America/Los_Angeles,1981,12,16
1981-12-17,242,Very Unhealthy,CO,21,Los Angeles,California,34.1141,-118.4068,12531334.0,3267.0,America/Los_Angeles,1981,12,17
1981-12-18,210,Very Unhealthy,CO,21,Los Angeles,California,34.1141,-118.4068,12531334.0,3267.0,America/Los_Angeles,1981,12,18
1981-12-19,226,Very Unhealthy,CO,21,Los Angeles,California,34.1141,-118.4068,12531334.0,3267.0,America/Los_Angeles,1981,12,19
1981-12-20,120,Unhealthy for Sensitive Groups,CO,21,Los Angeles,California,34.1141,-118.4068,12531334.0,3267.0,America/Los_Angeles,1981,12,20
1981-12-21,68,Moderate,NO2,21,Los Angeles,California,34.1141,-118.4068,12531334.0,3267.0,America/Los_Angeles,1981,12,21
1981-12-22,105,Unhealthy for Sensitive Groups,NO2,21,Los Angeles,California,34.1141,-118.4068,12531334.0,3267.0,America/Los_Angeles,1981,12,22
1981-12-23,123,Unhealthy for Sensitive Groups,CO,21,Los Angeles,California,34.1141,-118.4068,12531334.0,3267.0,America/Los_Angeles,1981,12,23
1981-12-24,125,Unhealthy for Sensitive Groups,CO,21,Los Angeles,California,34.1141,-118.4068,12531334.0,3267.0,America/Los_Angeles,1981,12,24
1981-12-25,148,Unhealthy for Sensitive Groups,CO,21,Los Angeles,California,34.1141,-118.4068,12531334.0,3267.0,America/Los_Angeles,1981,12,25
1981-12-26,138,Unhealthy for Sensitive Groups,CO,21,Los Angeles,California,34.1141,-118.4068,12531334.0,3267.0,America/Los_Angeles,1981,12,26
1981-12-27,109,Unhealthy for Sensitive Groups,CO,21,Los Angeles,California,34.1141,-118.4068,12531334.0,3267.0,America/Los_Angeles,1981,12,27
1981-12-28,105,Unhealthy for Sensitive Groups,NO2,20,Los Angeles,California,34.1141,-118.4068,12531334.0,3267.0,America/Los_Angeles,1981,12,28
1981-12-29,147,Unhealthy for Sensitive Groups,CO,21,Los Angeles,California,34.1141,-118.4068,12531334.0,3267.0,America/Los_Angeles,1981,12,29
1981-12-30,100,Moderate,NO2,21,Los Angeles,California,34.1141,-118.4068,12531334.0,3267.0,America/Los_Angeles,1981,12,30
1981-12-31,47,Good,NO2,21,Los Angeles,California,34.1141,-118.4068,12531334.0,3267.0,America/Los_Angeles,1981,12,31
1982-01-01,47,Good,NO2,22,Los Angeles,California,34.1141,-118.4068,12531334.0,3267.0,America/Los_Angeles,1982,1,1
1982-01-02,47,Good,NO2,22,Los Angeles,California,34.1141,-118.4068,12531334.0,3267.0,America/Los_Angeles,1982,1,2
1982-01-03,84,Moderate,CO,22,Los Angeles,California,34.1141,-118.4068,12531334.0,3267.0,America/Los_Angeles,1982,1,3
1982-01-04,121,Unhealthy for Sensitive Groups,CO,22,Los Angeles,California,34.1141,-118.4068,12531334.0,3267.0,America/Los_Angeles,1982,1,4
1982-01-05,68,Moderate,NO2,22,Los Angeles,California,34.1141,-118.4068,12531334.0,3267.0,America/Los_Angeles,1982,1,5
1982-01-06,79,Moderate,NO2,21,Los Angeles,California,34.1141,-118.4068,12531334.0,3267.0,America/Los_Angeles,1982,1,6
1982-01-07,108,Unhealthy for Sensitive Groups,NO2,22,Los Angeles,California,34.1141,-118.4068,12531334.0,3267.0,America/Los_Angeles,1982,1,7
1982-01-08,226,Very Unhealthy,CO,22,Los Angeles,California,34.1141,-118.4068,12531334.0,3267.0,America/Los_Angeles,1982,1,8
1982-01-09,206,Very Unhealthy,CO,22,Los Angeles,California,34.1141,-118.4068,12531334.0,3267.0,America/Los_Angeles,1982,1,9
1982-01-10,125,Unhealthy for Sensitive Groups,CO,22,Los Angeles,California,34.1141,-118.4068,12531334.0,3267.0,America/Los_Angeles,1982,1,10
1982-01-11,100,Moderate,NO2,22,Los Angeles,California,34.1141,-118.4068,12531334.0,3267.0,America/Los_Angeles,1982,1,11
1982-01-12,100,Moderate,NO2,22,Los Angeles,California,34.1141,-118.4068,12531334.0,3267.0,America/Los_Angeles,1982,1,12
1982-01-13,143,Unhealthy for Sensitive Groups,CO,22,Los Angeles,California,34.1141,-118.4068,12531334.0,3267.0,America/Los_Angeles,1982,1,13
1982-01-14,156,Unhealthy,CO,22,Los Angeles,California,34.1141,-118.4068,12531334.0,3267.0,America/Los_Angeles,1982,1,14
1982-01-15,176,Unhealthy,CO,22,Los Angeles,California,34.1141,-118.4068,12531334.0,3267.0,America/Los_Angeles,1982,1,15
1982-01-16,221,Very Unhealthy,CO,22,Los Angeles,California,34.1141,-118.4068,12531334.0,3267.0,America/Los_Angeles,1982,1,16
1982-01-17,175,Unhealthy,CO,22,Los Angeles,California,34.1141,-118.4068,12531334.0,3267.0,America/Los_Angeles,1982,1,17
1982-01-18,105,Unhealthy for Sensitive Groups,NO2,22,Los Angeles,California,34.1141,-118.4068,12531334.0,3267.0,America/Los_Angeles,1982,1,18
1982-01-19,111,Unhealthy for Sensitive Groups,CO,22,Los Angeles,California,34.1141,-118.4068,12531334.0,3267.0,America/Los_Angeles,1982,1,19
1982-01-20,57,Moderate,NO2,22,Los Angeles,California,34.1141,-118.4068,12531334.0,3267.0,America/Los_Angeles,1982,1,20
1982-01-21,57,Moderate,NO2,22,Los Angeles,California,34.1141,-118.4068,12531334.0,3267.0,America/Los_Angeles,1982,1,21
1982-01-22,89,Moderate,NO2,22,Los Angeles,California,34.1141,-118.4068,12531334.0,3267.0,America/Los_Angeles,1982,1,22
1982-01-23,100,Moderate,NO2,22,Los Angeles,California,34.1141,-118.4068,12531334.0,3267.0,America/Los_Angeles,1982,1,23
1982-01-24,105,Unhealthy for Sensitive Groups,NO2,22,Los Angeles,California,34.1141,-118.4068,12531334.0,3267.0,America/Los_Angeles,1982,1,24
1982-01-25,129,Unhealthy for Sensitive Groups,NO2,22,Los Angeles,California,34.1141,-118.4068,12531334.0,3267.0,America/Los_Angeles,1982,1,25
1982-01-26,96,Moderate,CO,22,Los Angeles,California,34.1141,-118.4068,12531334.0,3267.0,America/Los_Angeles,1982,1,26
1982-01-27,79,Moderate,NO2,22,Los Angeles,California,34.1141,-118.4068,12531334.0,3267.0,America/Los_Angeles,1982,1,27
1982-01-28,57,Moderate,NO2,22,Los Angeles,California,34.1141,-118.4068,12531334.0,3267.0,America/Los_Angeles,1982,1,28
1982-01-29,100,Moderate,NO2,22,Los Angeles,California,34.1141,-118.4068,12531334.0,3267.0,America/Los_Angeles,1982,1,29
1982-01-30,103,Unhealthy for Sensitive Groups,NO2,22,Los Angeles,California,34.1141,-118.4068,12531334.0,3267.0,America/Los_Angeles,1982,1,30
1982-01-31,122,Unhealthy for Sensitive Groups,NO2,22,Los Angeles,California,34.1141,-118.4068,12531334.0,3267.0,America/Los_Angeles,1982,1,31
1982-02-01,142,Unhealthy for Sensitive Groups,CO,22,Los Angeles,California,34.1141,-118.4068,12531334.0,3267.0,America/Los_Angeles,1982,2,1
1982-02-02,120,Unhealthy for Sensitive Groups,CO,22,Los Angeles,California,34.1141,-118.4068,12531334.0,3267.0,America/Los_Angeles,1982,2,2
1982-02-03,108,Unhealthy for Sensitive Groups,CO,22,Los Angeles,California,34.1141,-118.4068,12531334.0,3267.0,America/Los_Angeles,1982,2,3
1982-02-04,112,Unhealthy for Sensitive Groups,NO2,21,Los Angeles,California,34.1141,-118.4068,12531334.0,3267.0,America/Los_Angeles,1982,2,4
1982-02-05,105,Unhealthy for Sensitive Groups,NO2,22,Los Angeles,California,34.1141,-118.4068,12531334.0,3267.0,America/Los_Angeles,1982,2,5
1982-02-06,89,Moderate,NO2,22,Los Angeles,California,34.1141,-118.4068,12531334.0,3267.0,America/Los_Angeles,1982,2,6
1982-02-07,89,Moderate,NO2,22,Los Angeles,California,34.1141,-118.4068,12531334.0,3267.0,America/Los_Angeles,1982,2,7
1982-02-08,89,Moderate,NO2,22,Los Angeles,California,34.1141,-118.4068,12531334.0,3267.0,America/Los_Angeles,1982,2,8
1982-02-09,100,Moderate,NO2,22,Los Angeles,California,34.1141,-118.4068,12531334.0,3267.0,America/Los_Angeles,1982,2,9
1982-02-10,89,Moderate,NO2,22,Los Angeles,California,34.1141,-118.4068,12531334.0,3267.0,America/Los_Angeles,1982,2,10
1982-02-11,100,Moderate,NO2,22,Los Angeles,California,34.1141,-118.4068,12531334.0,3267.0,America/Los_Angeles,1982,2,11
1982-02-12,110,Unhealthy for Sensitive Groups,NO2,22,Los Angeles,California,34.1141,-118.4068,12531334.0,3267.0,America/Los_Angeles,1982,2,12
1982-02-13,136,Unhealthy for Sensitive Groups,CO,22,Los Angeles,California,34.1141,-118.4068,12531334.0,3267.0,America/Los_Angeles,1982,2,13
1982-02-14,100,Moderate,NO2,22,Los Angeles,California,34.1141,-118.4068,12531334.0,3267.0,America/Los_Angeles,1982,2,14
1982-02-15,79,Moderate,NO2,22,Los Angeles,California,34.1141,-118.4068,12531334.0,3267.0,America/Los_Angeles,1982,2,15
1982-02-16,57,Moderate,NO2,22,Los Angeles,California,34.1141,-118.4068,12531334.0,3267.0,America/Los_Angeles,1982,2,16
1982-02-17,100,Moderate,NO2,22,Los Angeles,California,34.1141,-118.4068,12531334.0,3267.0,America/Los_Angeles,1982,2,17
1982-02-18,112,Unhealthy for Sensitive Groups,NO2,22,Los Angeles,California,34.1141,-118.4068,12531334.0,3267.0,America/Los_Angeles,1982,2,18
1982-02-19,165,Unhealthy,CO,22,Los Angeles,California,34.1141,-118.4068,12531334.0,3267.0,America/Los_Angeles,1982,2,19
1982-02-20,217,Very Unhealthy,Ozone,22,Los Angeles,California,34.1141,-118.4068,12531334.0,3267.0,America/Los_Angeles,1982,2,20
1982-02-21,261,Very Unhealthy,Ozone,22,Los Angeles,California,34.1141,-118.4068,12531334.0,3267.0,America/Los_Angeles,1982,2,21
1982-02-22,210,Very Unhealthy,Ozone,22,Los Angeles,California,34.1141,-118.4068,12531334.0,3267.0,America/Los_Angeles,1982,2,22
1982-02-23,100,Moderate,NO2,22,Los Angeles,California,34.1141,-118.4068,12531334.0,3267.0,America/Los_Angeles,1982,2,23
1982-02-24,79,Moderate,NO2,22,Los Angeles,California,34.1141,-118.4068,12531334.0,3267.0,America/Los_Angeles,1982,2,24
1982-02-25,100,Moderate,NO2,22,Los Angeles,California,34.1141,-118.4068,12531334.0,3267.0,America/Los_Angeles,1982,2,25
1982-02-26,105,Unhealthy for Sensitive Groups,NO2,22,Los Angeles,California,34.1141,-118.4068,12531334.0,3267.0,America/Los_Angeles,1982,2,26
1982-02-27,169,Unhealthy,Ozone,22,Los Angeles,California,34.1141,-118.4068,12531334.0,3267.0,America/Los_Angeles,1982,2,27
1982-02-28,207,Very Unhealthy,Ozone,22,Los Angeles,California,34.1141,-118.4068,12531334.0,3267.0,America/Los_Angeles,1982,2,28
1982-03-01,105,Unhealthy for Sensitive Groups,NO2,22,Los Angeles,California,34.1141,-118.4068,12531334.0,3267.0,America/Los_Angeles,1982,3,1
1982-03-02,83,Moderate,CO,22,Los Angeles,California,34.1141,-118.4068,12531334.0,3267.0,America/Los_Angeles,1982,3,2
1982-03-03,89,Moderate,NO2,22,Los Angeles,California,34.1141,-118.4068,12531334.0,3267.0,America/Los_Angeles,1982,3,3
1982-03-04,106,Unhealthy for Sensitive Groups,NO2,21,Los Angeles,California,34.1141,-118.4068,12531334.0,3267.0,America/Los_Angeles,1982,3,4
1982-03-05,118,Unhealthy for Sensitive Groups,CO,22,Los Angeles,California,34.1141,-118.4068,12531334.0,3267.0,America/Los_Angeles,1982,3,5
1982-03-06,178,Unhealthy,CO,22,Los Angeles,California,34.1141,-118.4068,12531334.0,3267.0,America/Los_Angeles,1982,3,6
1982-03-07,105,Unhealthy for Sensitive Groups,NO2,22,Los Angeles,California,34.1141,-118.4068,12531334.0,3267.0,America/Los_Angeles,1982,3,7
1982-03-08,106,Unhealthy for Sensitive Groups,NO2,22,Los Angeles,California,34.1141,-118.4068,12531334.0,3267.0,America/Los_Angeles,1982,3,8
1982-03-09,143,Unhealthy for Sensitive Groups,Ozone,22,Los Angeles,California,34.1141,-118.4068,12531334.0,3267.0,America/Los_Angeles,1982,3,9
1982-03-10,202,Very Unhealthy,Ozone,22,Los Angeles,California,34.1141,-118.4068,12531334.0,3267.0,America/Los_Angeles,1982,3,10
1982-03-11,118,Unhealthy for Sensitive Groups,NO2,22,Los Angeles,California,34.1141,-118.4068,12531334.0,3267.0,America/Los_Angeles,1982,3,11
1982-03-12,89,Moderate,NO2,22,Los Angeles,California,34.1141,-118.4068,12531334.0,3267.0,America/Los_Angeles,1982,3,12
1982-03-13,57,Moderate,NO2,22,Los Angeles,California,34.1141,-118.4068,12531334.0,3267.0,America/Los_Angeles,1982,3,13
1982-03-14,68,Moderate,NO2,22,Los Angeles,California,34.1141,-118.4068,12531334.0,3267.0,America/Los_Angeles,1982,3,14
1982-03-15,100,Moderate,NO2,22,Los Angeles,California,34.1141,-118.4068,12531334.0,3267.0,America/Los_Angeles,1982,3,15
1982-03-16,68,Moderate,NO2,22,Los Angeles,California,34.1141,-118.4068,12531334.0,3267.0,America/Los_Angeles,1982,3,16
1982-03-17,106,Unhealthy for Sensitive Groups,NO2,22,Los Angeles,California,34.1141,-118.4068,12531334.0,3267.0,America/Los_Angeles,1982,3,17
1982-03-18,68,Moderate,NO2,22,Los Angeles,California,34.1141,-118.4068,12531334.0,3267.0,America/Los_Angeles,1982,3,18
1982-03-19,79,Moderate,NO2,22,Los Angeles,California,34.1141,-118.4068,12531334.0,3267.0,America/Los_Angeles,1982,3,19
1982-03-20,105,Unhealthy for Sensitive Groups,Ozone,22,Los Angeles,California,34.1141,-118.4068,12531334.0,3267.0,America/Los_Angeles,1982,3,20
1982-03-21,143,Unhealthy for Sensitive Groups,Ozone,22,Los Angeles,California,34.1141,-118.4068,12531334.0,3267.0,America/Los_Angeles,1982,3,21
1982-03-22,156,Unhealthy,Ozone,22,Los Angeles,California,34.1141,-118.4068,12531334.0,3267.0,America/Los_Angeles,1982,3,22
1982-03-23,202,Very Unhealthy,Ozone,22,Los Angeles,California,34.1141,-118.4068,12531334.0,3267.0,America/Los_Angeles,1982,3,23
1982-03-24,195,Unhealthy,Ozone,23,Los Angeles,California,34.1141,-118.4068,12531334.0,3267.0,America/Los_Angeles,1982,3,24
1982-03-25,124,Unhealthy for Sensitive Groups,NO2,23,Los Angeles,California,34.1141,-118.4068,12531334.0,3267.0,America/Los_Angeles,1982,3,25
1982-03-26,89,Moderate,NO2,23,Los Angeles,California,34.1141,-118.4068,12531334.0,3267.0,America/Los_Angeles,1982,3,26
1982-03-27,68,Moderate,NO2,23,Los Angeles,California,34.1141,-118.4068,12531334.0,3267.0,America/Los_Angeles,1982,3,27
1982-03-28,68,Moderate,NO2,23,Los Angeles,California,34.1141,-118.4068,12531334.0,3267.0,America/Los_Angeles,1982,3,28
1982-03-29,68,Moderate,NO2,21,Los Angeles,California,34.1141,-118.4068,12531334.0,3267.0,America/Los_Angeles,1982,3,29
1982-03-30,79,Moderate,NO2,21,Los Angeles,California,34.1141,-118.4068,12531334.0,3267.0,America/Los_Angeles,1982,3,30
1982-03-31,68,Moderate,NO2,21,Los Angeles,California,34.1141,-118.4068,12531334.0,3267.0,America/Los_Angeles,1982,3,31
1982-04-01,57,Moderate,NO2,21,Los Angeles,California,34.1141,-118.4068,12531334.0,3267.0,America/Los_Angeles,1982,4,1
1982-04-02,100,Moderate,NO2,21,Los Angeles,California,34.1141,-118.4068,12531334.0,3267.0,America/Los_Angeles,1982,4,2
1982-04-03,89,Moderate,NO2,21,Los Angeles,California,34.1141,-118.4068,12531334.0,3267.0,America/Los_Angeles,1982,4,3
1982-04-04,68,Moderate,NO2,21,Los Angeles,California,34.1141,-118.4068,12531334.0,3267.0,America/Los_Angeles,1982,4,4
1982-04-05,89,Moderate,NO2,21,Los Angeles,California,34.1141,-118.4068,12531334.0,3267.0,America/Los_Angeles,1982,4,5
1982-04-06,57,Moderate,NO2,21,Los Angeles,California,34.1141,-118.4068,12531334.0,3267.0,America/Los_Angeles,1982,4,6
1982-04-07,79,Moderate,NO2,21,Los Angeles,California,34.1141,-118.4068,12531334.0,3267.0,America/Los_Angeles,1982,4,7
1982-04-08,114,Unhealthy for Sensitive Groups,NO2,21,Los Angeles,California,34.1141,-118.4068,12531334.0,3267.0,America/Los_Angeles,1982,4,8
1982-04-09,105,Unhealthy for Sensitive Groups,NO2,20,Los Angeles,California,34.1141,-118.4068,12531334.0,3267.0,America/Los_Angeles,1982,4,9
1982-04-10,200,Unhealthy,Ozone,21,Los Angeles,California,34.1141,-118.4068,12531334.0,3267.0,America/Los_Angeles,1982,4,10
1982-04-11,110,Unhealthy for Sensitive Groups,NO2,21,Los Angeles,California,34.1141,-118.4068,12531334.0,3267.0,America/Los_Angeles,1982,4,11
1982-04-12,89,Moderate,NO2,20,Los Angeles,California,34.1141,-118.4068,12531334.0,3267.0,America/Los_Angeles,1982,4,12
1982-04-13,100,Moderate,NO2,21,Los Angeles,California,34.1141,-118.4068,12531334.0,3267.0,America/Los_Angeles,1982,4,13
1982-04-14,100,Moderate,NO2,21,Los Angeles,California,34.1141,-118.4068,12531334.0,3267.0,America/Los_Angeles,1982,4,14
1982-04-15,105,Unhealthy for Sensitive Groups,NO2,21,Los Angeles,California,34.1141,-118.4068,12531334.0,3267.0,America/Los_Angeles,1982,4,15
1982-04-16,105,Unhealthy for Sensitive Groups,NO2,21,Los Angeles,California,34.1141,-118.4068,12531334.0,3267.0,America/Los_Angeles,1982,4,16
1982-04-17,187,Unhealthy,Ozone,20,Los Angeles,California,34.1141,-118.4068,12531334.0,3267.0,America/Los_Angeles,1982,4,17
1982-04-18,239,Very Unhealthy,Ozone,20,Los Angeles,California,34.1141,-118.4068,12531334.0,3267.0,America/Los_Angeles,1982,4,18
1982-04-19,258,Very Unhealthy,Ozone,21,Los Angeles,California,34.1141,-118.4068,12531334.0,3267.0,America/Los_Angeles,1982,4,19
1982-04-20,209,Very Unhealthy,Ozone,21,Los Angeles,California,34.1141,-118.4068,12531334.0,3267.0,America/Los_Angeles,1982,4,20
1982-04-21,105,Unhealthy for Sensitive Groups,NO2,21,Los Angeles,California,34.1141,-118.4068,12531334.0,3267.0,America/Los_Angeles,1982,4,21
1982-04-22,109,Unhealthy for Sensitive Groups,CO,21,Los Angeles,California,34.1141,-118.4068,12531334.0,3267.0,America/Los_Angeles,1982,4,22
1982-04-23,182,Unhealthy,Ozone,21,Los Angeles,California,34.1141,-118.4068,12531334.0,3267.0,America/Los_Angeles,1982,4,23
1982-04-24,212,Very Unhealthy,Ozone,21,Los Angeles,California,34.1141,-118.4068,12531334.0,3267.0,America/Los_Angeles,1982,4,24
1982-04-25,201,Very Unhealthy,Ozone,21,Los Angeles,California,34.1141,-118.4068,12531334.0,3267.0,America/Los_Angeles,1982,4,25
1982-04-26,177,Unhealthy,Ozone,21,Los Angeles,California,34.1141,-118.4068,12531334.0,3267.0,America/Los_Angeles,1982,4,26
1982-04-27,238,Very Unhealthy,Ozone,20,Los Angeles,California,34.1141,-118.4068,12531334.0,3267.0,America/Los_Angeles,1982,4,27
1982-04-28,190,Unhealthy,Ozone,21,Los Angeles,California,34.1141,-118.4068,12531334.0,3267.0,America/Los_Angeles,1982,4,28
1982-04-29,169,Unhealthy,Ozone,21,Los Angeles,California,34.1141,-118.4068,12531334.0,3267.0,America/Los_Angeles,1982,4,29
1982-04-30,179,Unhealthy,Ozone,21,Los Angeles,California,34.1141,-118.4068,12531334.0,3267.0,America/Los_Angeles,1982,4,30
1982-05-01,202,Very Unhealthy,Ozone,21,Los Angeles,California,34.1141,-118.4068,12531334.0,3267.0,America/Los_Angeles,1982,5,1
1982-05-02,208,Very Unhealthy,Ozone,21,Los Angeles,California,34.1141,-118.4068,12531334.0,3267.0,America/Los_Angeles,1982,5,2
1982-05-03,179,Unhealthy,Ozone,21,Los Angeles,California,34.1141,-118.4068,12531334.0,3267.0,America/Los_Angeles,1982,5,3
1982-05-04,89,Moderate,NO2,21,Los Angeles,California,34.1141,-118.4068,12531334.0,3267.0,America/Los_Angeles,1982,5,4
1982-05-05,101,Unhealthy for Sensitive Groups,Ozone,21,Los Angeles,California,34.1141,-118.4068,12531334.0,3267.0,America/Los_Angeles,1982,5,5
1982-05-06,238,Very Unhealthy,Ozone,21,Los Angeles,California,34.1141,-118.4068,12531334.0,3267.0,America/Los_Angeles,1982,5,6
1982-05-07,216,Very Unhealthy,Ozone,21,Los Angeles,California,34.1141,-118.4068,12531334.0,3267.0,America/Los_Angeles,1982,5,7
1982-05-08,48,Good,Ozone,21,Los Angeles,California,34.1141,-118.4068,12531334.0,3267.0,America/Los_Angeles,1982,5,8
1982-05-09,47,Good,NO2,21,Los Angeles,California,34.1141,-118.4068,12531334.0,3267.0,America/Los_Angeles,1982,5,9
1982-05-10,57,Moderate,NO2,21,Los Angeles,California,34.1141,-118.4068,12531334.0,3267.0,America/Los_Angeles,1982,5,10
1982-05-11,100,Moderate,NO2,21,Los Angeles,California,34.1141,-118.4068,12531334.0,3267.0,America/Los_Angeles,1982,5,11
1982-05-12,122,Unhealthy for Sensitive Groups,Ozone,21,Los Angeles,California,34.1141,-118.4068,12531334.0,3267.0,America/Los_Angeles,1982,5,12
1982-05-13,202,Very Unhealthy,Ozone,21,Los Angeles,California,34.1141,-118.4068,12531334.0,3267.0,America/Los_Angeles,1982,5,13
1982-05-14,161,Unhealthy,Ozone,21,Los Angeles,California,34.1141,-118.4068,12531334.0,3267.0,America/Los_Angeles,1982,5,14
1982-05-15,244,Very Unhealthy,Ozone,21,Los Angeles,California,34.1141,-118.4068,12531334.0,3267.0,America/Los_Angeles,1982,5,15
1982-05-16,280,Very Unhealthy,Ozone,21,Los Angeles,California,34.1141,-118.4068,12531334.0,3267.0,America/Los_Angeles,1982,5,16
1982-05-17,254,Very Unhealthy,Ozone,21,Los Angeles,California,34.1141,-118.4068,12531334.0,3267.0,America/Los_Angeles,1982,5,17
1982-05-18,84,Moderate,Ozone,21,Los Angeles,California,34.1141,-118.4068,12531334.0,3267.0,America/Los_Angeles,1982,5,18
1982-05-19,203,Very Unhealthy,Ozone,21,Los Angeles,California,34.1141,-118.4068,12531334.0,3267.0,America/Los_Angeles,1982,5,19
1982-05-20,224,Very Unhealthy,Ozone,21,Los Angeles,California,34.1141,-118.4068,12531334.0,3267.0,America/Los_Angeles,1982,5,20
1982-05-21,208,Very Unhealthy,Ozone,21,Los Angeles,California,34.1141,-118.4068,12531334.0,3267.0,America/Los_Angeles,1982,5,21
1982-05-22,239,Very Unhealthy,Ozone,21,Los Angeles,California,34.1141,-118.4068,12531334.0,3267.0,America/Los_Angeles,1982,5,22
1982-05-23,247,Very Unhealthy,Ozone,21,Los Angeles,California,34.1141,-118.4068,12531334.0,3267.0,America/Los_Angeles,1982,5,23
1982-05-24,263,Very Unhealthy,Ozone,21,Los Angeles,California,34.1141,-118.4068,12531334.0,3267.0,America/Los_Angeles,1982,5,24
1982-05-25,227,Very Unhealthy,Ozone,21,Los Angeles,California,34.1141,-118.4068,12531334.0,3267.0,America/Los_Angeles,1982,5,25
1982-05-26,190,Unhealthy,Ozone,21,Los Angeles,California,34.1141,-118.4068,12531334.0,3267.0,America/Los_Angeles,1982,5,26
1982-05-27,101,Unhealthy for Sensitive Groups,Ozone,21,Los Angeles,California,34.1141,-118.4068,12531334.0,3267.0,America/Los_Angeles,1982,5,27
1982-05-28,93,Moderate,Ozone,21,Los Angeles,California,34.1141,-118.4068,12531334.0,3267.0,America/Los_Angeles,1982,5,28
1982-05-29,68,Moderate,NO2,21,Los Angeles,California,34.1141,-118.4068,12531334.0,3267.0,America/Los_Angeles,1982,5,29
1982-05-30,192,Unhealthy,Ozone,21,Los Angeles,California,34.1141,-118.4068,12531334.0,3267.0,America/Los_Angeles,1982,5,30
1982-05-31,136,Unhealthy for Sensitive Groups,Ozone,21,Los Angeles,California,34.1141,-118.4068,12531334.0,3267.0,America/Los_Angeles,1982,5,31
1982-06-01,151,Unhealthy,Ozone,20,Los Angeles,California,34.1141,-118.4068,12531334.0,3267.0,America/Los_Angeles,1982,6,1
1982-06-02,79,Moderate,NO2,20,Los Angeles,California,34.1141,-118.4068,12531334.0,3267.0,America/Los_Angeles,1982,6,2
1982-06-03,200,Unhealthy,Ozone,20,Los Angeles,California,34.1141,-118.4068,12531334.0,3267.0,America/Los_Angeles,1982,6,3
1982-06-04,187,Unhealthy,Ozone,19,Los Angeles,California,34.1141,-118.4068,12531334.0,3267.0,America/Los_Angeles,1982,6,4
1982-06-05,143,Unhealthy for Sensitive Groups,Ozone,20,Los Angeles,California,34.1141,-118.4068,12531334.0,3267.0,America/Los_Angeles,1982,6,5
1982-06-06,190,Unhealthy,Ozone,20,Los Angeles,California,34.1141,-118.4068,12531334.0,3267.0,America/Los_Angeles,1982,6,6
1982-06-07,151,Unhealthy,Ozone,20,Los Angeles,California,34.1141,-118.4068,12531334.0,3267.0,America/Los_Angeles,1982,6,7
1982-06-08,182,Unhealthy,Ozone,20,Los Angeles,California,34.1141,-118.4068,12531334.0,3267.0,America/Los_Angeles,1982,6,8
1982-06-09,212,Very Unhealthy,Ozone,20,Los Angeles,California,34.1141,-118.4068,12531334.0,3267.0,America/Los_Angeles,1982,6,9
1982-06-10,192,Unhealthy,Ozone,19,Los Angeles,California,34.1141,-118.4068,12531334.0,3267.0,America/Los_Angeles,1982,6,10
1982-06-11,207,Very Unhealthy,Ozone,20,Los Angeles,California,34.1141,-118.4068,12531334.0,3267.0,America/Los_Angeles,1982,6,11
1982-06-12,201,Very Unhealthy,Ozone,20,Los Angeles,California,34.1141,-118.4068,12531334.0,3267.0,America/Los_Angeles,1982,6,12
1982-06-13,115,Unhealthy for Sensitive Groups,Ozone,20,Los Angeles,California,34.1141,-118.4068,12531334.0,3267.0,America/Los_Angeles,1982,6,13
1982-06-14,80,Moderate,Ozone,20,Los Angeles,California,34.1141,-118.4068,12531334.0,3267.0,America/Los_Angeles,1982,6,14
1982-06-15,228,Very Unhealthy,Ozone,20,Los Angeles,California,34.1141,-118.4068,12531334.0,3267.0,America/Los_Angeles,1982,6,15
1982-06-16,212,Very Unhealthy,Ozone,20,Los Angeles,California,34.1141,-118.4068,12531334.0,3267.0,America/Los_Angeles,1982,6,16
1982-06-17,156,Unhealthy,Ozone,20,Los Angeles,California,34.1141,-118.4068,12531334.0,3267.0,America/Los_Angeles,1982,6,17
1982-06-18,87,Moderate,Ozone,20,Los Angeles,California,34.1141,-118.4068,12531334.0,3267.0,America/Los_Angeles,1982,6,18
1982-06-19,192,Unhealthy,Ozone,20,Los Angeles,California,34.1141,-118.4068,12531334.0,3267.0,America/Los_Angeles,1982,6,19
1982-06-20,161,Unhealthy,Ozone,20,Los Angeles,California,34.1141,-118.4068,12531334.0,3267.0,America/Los_Angeles,1982,6,20
1982-06-21,200,Unhealthy,Ozone,20,Los Angeles,California,34.1141,-118.4068,12531334.0,3267.0,America/Los_Angeles,1982,6,21
1982-06-22,164,Unhealthy,Ozone,20,Los Angeles,California,34.1141,-118.4068,12531334.0,3267.0,America/Los_Angeles,1982,6,22
1982-06-23,150,Unhealthy for Sensitive Groups,Ozone,20,Los Angeles,California,34.1141,-118.4068,12531334.0,3267.0,America/Los_Angeles,1982,6,23
1982-06-24,219,Very Unhealthy,Ozone,20,Los Angeles,California,34.1141,-118.4068,12531334.0,3267.0,America/Los_Angeles,1982,6,24
1982-06-25,253,Very Unhealthy,Ozone,20,Los Angeles,California,34.1141,-118.4068,12531334.0,3267.0,America/Los_Angeles,1982,6,25
1982-06-26,271,Very Unhealthy,Ozone,20,Los Angeles,California,34.1141,-118.4068,12531334.0,3267.0,America/Los_Angeles,1982,6,26
1982-06-27,264,Very Unhealthy,Ozone,20,Los Angeles,California,34.1141,-118.4068,12531334.0,3267.0,America/Los_Angeles,1982,6,27
1982-06-28,100,Moderate,Ozone,20,Los Angeles,California,34.1141,-118.4068,12531334.0,3267.0,America/Los_Angeles,1982,6,28
1982-06-29,47,Good,NO2,20,Los Angeles,California,34.1141,-118.4068,12531334.0,3267.0,America/Los_Angeles,1982,6,29
1982-06-30,47,Good,NO2,20,Los Angeles,California,34.1141,-118.4068,12531334.0,3267.0,America/Los_Angeles,1982,6,30
1982-07-01,203,Very Unhealthy,Ozone,21,Los Angeles,California,34.1141,-118.4068,12531334.0,3267.0,America/Los_Angeles,1982,7,1
1982-07-02,212,Very Unhealthy,Ozone,21,Los Angeles,California,34.1141,-118.4068,12531334.0,3267.0,America/Los_Angeles,1982,7,2
1982-07-03,218,Very Unhealthy,Ozone,21,Los Angeles,California,34.1141,-118.4068,12531334.0,3267.0,America/Los_Angeles,1982,7,3
1982-07-04,228,Very Unhealthy,Ozone,21,Los Angeles,California,34.1141,-118.4068,12531334.0,3267.0,America/Los_Angeles,1982,7,4
1982-07-05,164,Unhealthy,Ozone,21,Los Angeles,California,34.1141,-118.4068,12531334.0,3267.0,America/Los_Angeles,1982,7,5
1982-07-06,147,Unhealthy for Sensitive Groups,Ozone,21,Los Angeles,California,34.1141,-118.4068,12531334.0,3267.0,America/Los_Angeles,1982,7,6
1982-07-07,223,Very Unhealthy,Ozone,21,Los Angeles,California,34.1141,-118.4068,12531334.0,3267.0,America/Los_Angeles,1982,7,7
1982-07-08,248,Very Unhealthy,Ozone,21,Los Angeles,California,34.1141,-118.4068,12531334.0,3267.0,America/Los_Angeles,1982,7,8
1982-07-09,239,Very Unhealthy,Ozone,21,Los Angeles,California,34.1141,-118.4068,12531334.0,3267.0,America/Los_Angeles,1982,7,9
1982-07-10,295,Very Unhealthy,Ozone,21,Los Angeles,California,34.1141,-118.4068,12531334.0,3267.0,America/Los_Angeles,1982,7,10
1982-07-11,293,Very Unhealthy,Ozone,21,Los Angeles,California,34.1141,-118.4068,12531334.0,3267.0,America/Los_Angeles,1982,7,11
1982-07-12,261,Very Unhealthy,Ozone,21,Los Angeles,California,34.1141,-118.4068,12531334.0,3267.0,America/Los_Angeles,1982,7,12
1982-07-13,277,Very Unhealthy,Ozone,21,Los Angeles,California,34.1141,-118.4068,12531334.0,3267.0,America/Los_Angeles,1982,7,13
1982-07-14,265,Very Unhealthy,Ozone,21,Los Angeles,California,34.1141,-118.4068,12531334.0,3267.0,America/Los_Angeles,1982,7,14
1982-07-15,219,Very Unhealthy,Ozone,21,Los Angeles,California,34.1141,-118.4068,12531334.0,3267.0,America/Los_Angeles,1982,7,15
1982-07-16,202,Very Unhealthy,Ozone,21,Los Angeles,California,34.1141,-118.4068,12531334.0,3267.0,America/Los_Angeles,1982,7,16
1982-07-17,268,Very Unhealthy,Ozone,20,Los Angeles,California,34.1141,-118.4068,12531334.0,3267.0,America/Los_Angeles,1982,7,17
1982-07-18,265,Very Unhealthy,Ozone,20,Los Angeles,California,34.1141,-118.4068,12531334.0,3267.0,America/Los_Angeles,1982,7,18
1982-07-19,295,Very Unhealthy,Ozone,20,Los Angeles,California,34.1141,-118.4068,12531334.0,3267.0,America/Los_Angeles,1982,7,19
1982-07-20,279,Very Unhealthy,Ozone,21,Los Angeles,California,34.1141,-118.4068,12531334.0,3267.0,America/Los_Angeles,1982,7,20
1982-07-21,276,Very Unhealthy,Ozone,21,Los Angeles,California,34.1141,-118.4068,12531334.0,3267.0,America/Los_Angeles,1982,7,21
1982-07-22,300,Very Unhealthy,Ozone,21,Los Angeles,California,34.1141,-118.4068,12531334.0,3267.0,America/Los_Angeles,1982,7,22
1982-07-23,247,Very Unhealthy,Ozone,21,Los Angeles,California,34.1141,-118.4068,12531334.0,3267.0,America/Los_Angeles,1982,7,23
1982-07-24,271,Very Unhealthy,Ozone,21,Los Angeles,California,34.1141,-118.4068,12531334.0,3267.0,America/Los_Angeles,1982,7,24
1982-07-25,253,Very Unhealthy,Ozone,21,Los Angeles,California,34.1141,-118.4068,12531334.0,3267.0,America/Los_Angeles,1982,7,25
1982-07-26,286,Very Unhealthy,Ozone,21,Los Angeles,California,34.1141,-118.4068,12531334.0,3267.0,America/Los_Angeles,1982,7,26
1982-07-27,295,Very Unhealthy,Ozone,21,Los Angeles,California,34.1141,-118.4068,12531334.0,3267.0,America/Los_Angeles,1982,7,27
1982-07-28,243,Very Unhealthy,Ozone,21,Los Angeles,California,34.1141,-118.4068,12531334.0,3267.0,America/Los_Angeles,1982,7,28
1982-07-29,261,Very Unhealthy,Ozone,21,Los Angeles,California,34.1141,-118.4068,12531334.0,3267.0,America/Los_Angeles,1982,7,29
1982-07-30,223,Very Unhealthy,Ozone,21,Los Angeles,California,34.1141,-118.4068,12531334.0,3267.0,America/Los_Angeles,1982,7,30
1982-07-31,284,Very Unhealthy,Ozone,21,Los Angeles,California,34.1141,-118.4068,12531334.0,3267.0,America/Los_Angeles,1982,7,31
1982-08-01,280,Very Unhealthy,Ozone,20,Los Angeles,California,34.1141,-118.4068,12531334.0,3267.0,America/Los_Angeles,1982,8,1
1982-08-02,226,Very Unhealthy,Ozone,20,Los Angeles,California,34.1141,-118.4068,12531334.0,3267.0,America/Los_Angeles,1982,8,2
1982-08-03,229,Very Unhealthy,Ozone,20,Los Angeles,California,34.1141,-118.4068,12531334.0,3267.0,America/Los_Angeles,1982,8,3
1982-08-04,286,Very Unhealthy,Ozone,20,Los Angeles,California,34.1141,-118.4068,12531334.0,3267.0,America/Los_Angeles,1982,8,4
1982-08-05,268,Very Unhealthy,Ozone,20,Los Angeles,California,34.1141,-118.4068,12531334.0,3267.0,America/Los_Angeles,1982,8,5
1982-08-06,277,Very Unhealthy,Ozone,20,Los Angeles,California,34.1141,-118.4068,12531334.0,3267.0,America/Los_Angeles,1982,8,6
1982-08-07,264,Very Unhealthy,Ozone,20,Los Angeles,California,34.1141,-118.4068,12531334.0,3267.0,America/Los_Angeles,1982,8,7
1982-08-08,287,Very Unhealthy,Ozone,20,Los Angeles,California,34.1141,-118.4068,12531334.0,3267.0,America/Los_Angeles,1982,8,8
1982-08-09,275,Very Unhealthy,Ozone,20,Los Angeles,California,34.1141,-118.4068,12531334.0,3267.0,America/Los_Angeles,1982,8,9
1982-08-10,297,Very Unhealthy,Ozone,20,Los Angeles,California,34.1141,-118.4068,12531334.0,3267.0,America/Los_Angeles,1982,8,10
1982-08-11,237,Very Unhealthy,Ozone,20,Los Angeles,California,34.1141,-118.4068,12531334.0,3267.0,America/Los_Angeles,1982,8,11
1982-08-12,229,Very Unhealthy,Ozone,20,Los Angeles,California,34.1141,-118.4068,12531334.0,3267.0,America/Los_Angeles,1982,8,12
1982-08-13,221,Very Unhealthy,Ozone,19,Los Angeles,California,34.1141,-118.4068,12531334.0,3267.0,America/Los_Angeles,1982,8,13
1982-08-14,255,Very Unhealthy,Ozone,20,Los Angeles,California,34.1141,-118.4068,12531334.0,3267.0,America/Los_Angeles,1982,8,14
1982-08-15,271,Very Unhealthy,Ozone,20,Los Angeles,California,34.1141,-118.4068,12531334.0,3267.0,America/Los_Angeles,1982,8,15
1982-08-16,260,Very Unhealthy,Ozone,20,Los Angeles,California,34.1141,-118.4068,12531334.0,3267.0,America/Los_Angeles,1982,8,16
1982-08-17,280,Very Unhealthy,Ozone,19,Los Angeles,California,34.1141,-118.4068,12531334.0,3267.0,America/Los_Angeles,1982,8,17
1982-08-18,263,Very Unhealthy,Ozone,19,Los Angeles,California,34.1141,-118.4068,12531334.0,3267.0,America/Los_Angeles,1982,8,18
1982-08-19,266,Very Unhealthy,Ozone,19,Los Angeles,California,34.1141,-118.4068,12531334.0,3267.0,America/Los_Angeles,1982,8,19
1982-08-20,276,Very Unhealthy,Ozone,19,Los Angeles,California,34.1141,-118.4068,12531334.0,3267.0,America/Los_Angeles,1982,8,20
1982-08-21,238,Very Unhealthy,Ozone,19,Los Angeles,California,34.1141,-118.4068,12531334.0,3267.0,America/Los_Angeles,1982,8,21
1982-08-22,233,Very Unhealthy,Ozone,19,Los Angeles,California,34.1141,-118.4068,12531334.0,3267.0,America/Los_Angeles,1982,8,22
1982-08-23,214,Very Unhealthy,Ozone,19,Los Angeles,California,34.1141,-118.4068,12531334.0,3267.0,America/Los_Angeles,1982,8,23
1982-08-24,179,Unhealthy,Ozone,19,Los Angeles,California,34.1141,-118.4068,12531334.0,3267.0,America/Los_Angeles,1982,8,24
1982-08-25,259,Very Unhealthy,Ozone,19,Los Angeles,California,34.1141,-118.4068,12531334.0,3267.0,America/Los_Angeles,1982,8,25
1982-08-26,289,Very Unhealthy,Ozone,19,Los Angeles,California,34.1141,-118.4068,12531334.0,3267.0,America/Los_Angeles,1982,8,26
1982-08-27,240,Very Unhealthy,Ozone,19,Los Angeles,California,34.1141,-118.4068,12531334.0,3267.0,America/Los_Angeles,1982,8,27
1982-08-28,218,Very Unhealthy,Ozone,19,Los Angeles,California,34.1141,-118.4068,12531334.0,3267.0,America/Los_Angeles,1982,8,28
1982-08-29,232,Very Unhealthy,Ozone,19,Los Angeles,California,34.1141,-118.4068,12531334.0,3267.0,America/Los_Angeles,1982,8,29
1982-08-30,233,Very Unhealthy,Ozone,19,Los Angeles,California,34.1141,-118.4068,12531334.0,3267.0,America/Los_Angeles,1982,8,30
1982-08-31,261,Very Unhealthy,Ozone,19,Los Angeles,California,34.1141,-118.4068,12531334.0,3267.0,America/Los_Angeles,1982,8,31
1982-09-01,279,Very Unhealthy,Ozone,19,Los Angeles,California,34.1141,-118.4068,12531334.0,3267.0,America/Los_Angeles,1982,9,1
1982-09-02,298,Very Unhealthy,Ozone,19,Los Angeles,California,34.1141,-118.4068,12531334.0,3267.0,America/Los_Angeles,1982,9,2
1982-09-03,263,Very Unhealthy,Ozone,19,Los Angeles,California,34.1141,-118.4068,12531334.0,3267.0,America/Los_Angeles,1982,9,3
1982-09-04,293,Very Unhealthy,Ozone,19,Los Angeles,California,34.1141,-118.4068,12531334.0,3267.0,America/Los_Angeles,1982,9,4
1982-09-05,282,Very Unhealthy,Ozone,19,Los Angeles,California,34.1141,-118.4068,12531334.0,3267.0,America/Los_Angeles,1982,9,5
1982-09-06,280,Very Unhealthy,Ozone,19,Los Angeles,California,34.1141,-118.4068,12531334.0,3267.0,America/Los_Angeles,1982,9,6
1982-09-07,292,Very Unhealthy,Ozone,19,Los Angeles,California,34.1141,-118.4068,12531334.0,3267.0,America/Los_Angeles,1982,9,7
1982-09-08,125,Unhealthy for Sensitive Groups,NO2,19,Los Angeles,California,34.1141,-118.4068,12531334.0,3267.0,America/Los_Angeles,1982,9,8
1982-09-09,272,Very Unhealthy,Ozone,19,Los Angeles,California,34.1141,-118.4068,12531334.0,3267.0,America/Los_Angeles,1982,9,9
1982-09-10,115,Unhealthy for Sensitive Groups,Ozone,19,Los Angeles,California,34.1141,-118.4068,12531334.0,3267.0,America/Los_Angeles,1982,9,10
1982-09-11,156,Unhealthy,Ozone,19,Los Angeles,California,34.1141,-118.4068,12531334.0,3267.0,America/Los_Angeles,1982,9,11
1982-09-12,206,Very Unhealthy,Ozone,19,Los Angeles,California,34.1141,-118.4068,12531334.0,3267.0,America/Los_Angeles,1982,9,12
1982-09-13,115,Unhealthy for Sensitive Groups,Ozone,19,Los Angeles,California,34.1141,-118.4068,12531334.0,3267.0,America/Los_Angeles,1982,9,13
1982-09-14,68,Moderate,NO2,19,Los Angeles,California,34.1141,-118.4068,12531334.0,3267.0,America/Los_Angeles,1982,9,14
1982-09-15,47,Good,NO2,19,Los Angeles,California,34.1141,-118.4068,12531334.0,3267.0,America/Los_Angeles,1982,9,15
1982-09-16,68,Moderate,NO2,19,Los Angeles,California,34.1141,-118.4068,12531334.0,3267.0,America/Los_Angeles,1982,9,16
1982-09-17,143,Unhealthy for Sensitive Groups,Ozone,19,Los Angeles,California,34.1141,-118.4068,12531334.0,3267.0,America/Los_Angeles,1982,9,17
1982-09-18,93,Moderate,Ozone,19,Los Angeles,California,34.1141,-118.4068,12531334.0,3267.0,America/Los_Angeles,1982,9,18
1982-09-19,122,Unhealthy for Sensitive Groups,Ozone,19,Los Angeles,California,34.1141,-118.4068,12531334.0,3267.0,America/Los_Angeles,1982,9,19
1982-09-20,219,Very Unhealthy,Ozone,19,Los Angeles,California,34.1141,-118.4068,12531334.0,3267.0,America/Los_Angeles,1982,9,20
1982-09-21,269,Very Unhealthy,Ozone,19,Los Angeles,California,34.1141,-118.4068,12531334.0,3267.0,America/Los_Angeles,1982,9,21
1982-09-22,287,Very Unhealthy,Ozone,19,Los Angeles,California,34.1141,-118.4068,12531334.0,3267.0,America/Los_Angeles,1982,9,22
1982-09-23,275,Very Unhealthy,Ozone,19,Los Angeles,California,34.1141,-118.4068,12531334.0,3267.0,America/Los_Angeles,1982,9,23
1982-09-24,203,Very Unhealthy,Ozone,19,Los Angeles,California,34.1141,-118.4068,12531334.0,3267.0,America/Los_Angeles,1982,9,24
1982-09-25,110,Unhealthy for Sensitive Groups,NO2,19,Los Angeles,California,34.1141,-118.4068,12531334.0,3267.0,America/Los_Angeles,1982,9,25
1982-09-26,57,Moderate,NO2,19,Los Angeles,California,34.1141,-118.4068,12531334.0,3267.0,America/Los_Angeles,1982,9,26
1982-09-27,79,Moderate,NO2,19,Los Angeles,California,34.1141,-118.4068,12531334.0,3267.0,America/Los_Angeles,1982,9,27
1982-09-28,68,Moderate,NO2,19,Los Angeles,California,34.1141,-118.4068,12531334.0,3267.0,America/Los_Angeles,1982,9,28
1982-09-29,68,Moderate,NO2,19,Los Angeles,California,34.1141,-118.4068,12531334.0,3267.0,America/Los_Angeles,1982,9,29
1982-09-30,100,Moderate,NO2,19,Los Angeles,California,34.1141,-118.4068,12531334.0,3267.0,America/Los_Angeles,1982,9,30
1982-10-01,156,Unhealthy,Ozone,20,Los Angeles,California,34.1141,-118.4068,12531334.0,3267.0,America/Los_Angeles,1982,10,1
1982-10-02,205,Very Unhealthy,Ozone,20,Los Angeles,California,34.1141,-118.4068,12531334.0,3267.0,America/Los_Angeles,1982,10,2
1982-10-03,207,Very Unhealthy,Ozone,20,Los Angeles,California,34.1141,-118.4068,12531334.0,3267.0,America/Los_Angeles,1982,10,3
1982-10-04,203,Very Unhealthy,Ozone,20,Los Angeles,California,34.1141,-118.4068,12531334.0,3267.0,America/Los_Angeles,1982,10,4
1982-10-05,206,Very Unhealthy,Ozone,20,Los Angeles,California,34.1141,-118.4068,12531334.0,3267.0,America/Los_Angeles,1982,10,5
1982-10-06,224,Very Unhealthy,Ozone,20,Los Angeles,California,34.1141,-118.4068,12531334.0,3267.0,America/Los_Angeles,1982,10,6
1982-10-07,156,Unhealthy,Ozone,20,Los Angeles,California,34.1141,-118.4068,12531334.0,3267.0,America/Los_Angeles,1982,10,7
1982-10-08,179,Unhealthy,Ozone,19,Los Angeles,California,34.1141,-118.4068,12531334.0,3267.0,America/Los_Angeles,1982,10,8
1982-10-09,171,Unhealthy,CO,20,Los Angeles,California,34.1141,-118.4068,12531334.0,3267.0,America/Los_Angeles,1982,10,9
1982-10-10,108,Unhealthy for Sensitive Groups,CO,20,Los Angeles,California,34.1141,-118.4068,12531334.0,3267.0,America/Los_Angeles,1982,10,10
1982-10-11,120,Unhealthy for Sensitive Groups,CO,20,Los Angeles,California,34.1141,-118.4068,12531334.0,3267.0,America/Los_Angeles,1982,10,11
1982-10-12,129,Unhealthy for Sensitive Groups,NO2,20,Los Angeles,California,34.1141,-118.4068,12531334.0,3267.0,America/Los_Angeles,1982,10,12
1982-10-13,124,Unhealthy for Sensitive Groups,NO2,20,Los Angeles,California,34.1141,-118.4068,12531334.0,3267.0,America/Los_Angeles,1982,10,13
1982-10-14,122,Unhealthy for Sensitive Groups,NO2,20,Los Angeles,California,34.1141,-118.4068,12531334.0,3267.0,America/Los_Angeles,1982,10,14
1982-10-15,122,Unhealthy for Sensitive Groups,NO2,20,Los Angeles,California,34.1141,-118.4068,12531334.0,3267.0,America/Los_Angeles,1982,10,15
1982-10-16,232,Very Unhealthy,Ozone,19,Los Angeles,California,34.1141,-118.4068,12531334.0,3267.0,America/Los_Angeles,1982,10,16
1982-10-17,239,Very Unhealthy,Ozone,19,Los Angeles,California,34.1141,-118.4068,12531334.0,3267.0,America/Los_Angeles,1982,10,17
1982-10-18,223,Very Unhealthy,Ozone,19,Los Angeles,California,34.1141,-118.4068,12531334.0,3267.0,America/Los_Angeles,1982,10,18
1982-10-19,217,Very Unhealthy,Ozone,19,Los Angeles,California,34.1141,-118.4068,12531334.0,3267.0,America/Los_Angeles,1982,10,19
1982-10-20,150,Unhealthy for Sensitive Groups,Ozone,19,Los Angeles,California,34.1141,-118.4068,12531334.0,3267.0,America/Los_Angeles,1982,10,20
1982-10-21,201,Very Unhealthy,Ozone,19,Los Angeles,California,34.1141,-118.4068,12531334.0,3267.0,America/Los_Angeles,1982,10,21
1982-10-22,234,Very Unhealthy,Ozone,19,Los Angeles,California,34.1141,-118.4068,12531334.0,3267.0,America/Los_Angeles,1982,10,22
1982-10-23,181,Unhealthy,CO,19,Los Angeles,California,34.1141,-118.4068,12531334.0,3267.0,America/Los_Angeles,1982,10,23
1982-10-24,100,Moderate,NO2,19,Los Angeles,California,34.1141,-118.4068,12531334.0,3267.0,America/Los_Angeles,1982,10,24
1982-10-25,114,Unhealthy for Sensitive Groups,NO2,19,Los Angeles,California,34.1141,-118.4068,12531334.0,3267.0,America/Los_Angeles,1982,10,25
1982-10-26,79,Moderate,NO2,20,Los Angeles,California,34.1141,-118.4068,12531334.0,3267.0,America/Los_Angeles,1982,10,26
1982-10-27,106,Unhealthy for Sensitive Groups,NO2,20,Los Angeles,California,34.1141,-118.4068,12531334.0,3267.0,America/Los_Angeles,1982,10,27
1982-10-28,116,Unhealthy for Sensitive Groups,NO2,20,Los Angeles,California,34.1141,-118.4068,12531334.0,3267.0,America/Los_Angeles,1982,10,28
1982-10-29,125,Unhealthy for Sensitive Groups,NO2,20,Los Angeles,California,34.1141,-118.4068,12531334.0,3267.0,America/Los_Angeles,1982,10,29
1982-10-30,126,Unhealthy for Sensitive Groups,CO,20,Los Angeles,California,34.1141,-118.4068,12531334.0,3267.0,America/Los_Angeles,1982,10,30
1982-10-31,100,Moderate,NO2,20,Los Angeles,California,34.1141,-118.4068,12531334.0,3267.0,America/Los_Angeles,1982,10,31
1982-11-01,182,Unhealthy,Ozone,20,Los Angeles,California,34.1141,-118.4068,12531334.0,3267.0,America/Los_Angeles,1982,11,1
1982-11-02,131,Unhealthy for Sensitive Groups,CO,20,Los Angeles,California,34.1141,-118.4068,12531334.0,3267.0,America/Los_Angeles,1982,11,2
1982-11-03,138,Unhealthy for Sensitive Groups,CO,20,Los Angeles,California,34.1141,-118.4068,12531334.0,3267.0,America/Los_Angeles,1982,11,3
1982-11-04,116,Unhealthy for Sensitive Groups,NO2,20,Los Angeles,California,34.1141,-118.4068,12531334.0,3267.0,America/Los_Angeles,1982,11,4
1982-11-05,186,Unhealthy,CO,20,Los Angeles,California,34.1141,-118.4068,12531334.0,3267.0,America/Los_Angeles,1982,11,5
1982-11-06,204,Very Unhealthy,CO,20,Los Angeles,California,34.1141,-118.4068,12531334.0,3267.0,America/Los_Angeles,1982,11,6
1982-11-07,170,Unhealthy,CO,20,Los Angeles,California,34.1141,-118.4068,12531334.0,3267.0,America/Los_Angeles,1982,11,7
1982-11-08,100,Moderate,NO2,20,Los Angeles,California,34.1141,-118.4068,12531334.0,3267.0,America/Los_Angeles,1982,11,8
1982-11-09,68,Moderate,NO2,20,Los Angeles,California,34.1141,-118.4068,12531334.0,3267.0,America/Los_Angeles,1982,11,9
1982-11-10,79,Moderate,NO2,20,Los Angeles,California,34.1141,-118.4068,12531334.0,3267.0,America/Los_Angeles,1982,11,10
1982-11-11,106,Unhealthy for Sensitive Groups,NO2,20,Los Angeles,California,34.1141,-118.4068,12531334.0,3267.0,America/Los_Angeles,1982,11,11
1982-11-12,105,Unhealthy for Sensitive Groups,NO2,20,Los Angeles,California,34.1141,-118.4068,12531334.0,3267.0,America/Los_Angeles,1982,11,12
1982-11-13,125,Unhealthy for Sensitive Groups,CO,20,Los Angeles,California,34.1141,-118.4068,12531334.0,3267.0,America/Los_Angeles,1982,11,13
1982-11-14,166,Unhealthy,CO,20,Los Angeles,California,34.1141,-118.4068,12531334.0,3267.0,America/Los_Angeles,1982,11,14
1982-11-15,110,Unhealthy for Sensitive Groups,NO2,20,Los Angeles,California,34.1141,-118.4068,12531334.0,3267.0,America/Los_Angeles,1982,11,15
1982-11-16,118,Unhealthy for Sensitive Groups,NO2,20,Los Angeles,California,34.1141,-118.4068,12531334.0,3267.0,America/Los_Angeles,1982,11,16
1982-11-17,131,Unhealthy for Sensitive Groups,CO,20,Los Angeles,California,34.1141,-118.4068,12531334.0,3267.0,America/Los_Angeles,1982,11,17
1982-11-18,100,Moderate,NO2,20,Los Angeles,California,34.1141,-118.4068,12531334.0,3267.0,America/Los_Angeles,1982,11,18
1982-11-19,57,Moderate,NO2,20,Los Angeles,California,34.1141,-118.4068,12531334.0,3267.0,America/Los_Angeles,1982,11,19
1982-11-20,94,Moderate,CO,20,Los Angeles,California,34.1141,-118.4068,12531334.0,3267.0,America/Los_Angeles,1982,11,20
1982-11-21,125,Unhealthy for Sensitive Groups,CO,20,Los Angeles,California,34.1141,-118.4068,12531334.0,3267.0,America/Los_Angeles,1982,11,21
1982-11-22,108,Unhealthy for Sensitive Groups,NO2,20,Los Angeles,California,34.1141,-118.4068,12531334.0,3267.0,America/Los_Angeles,1982,11,22
1982-11-23,158,Unhealthy,CO,20,Los Angeles,California,34.1141,-118.4068,12531334.0,3267.0,America/Los_Angeles,1982,11,23
1982-11-24,186,Unhealthy,CO,20,Los Angeles,California,34.1141,-118.4068,12531334.0,3267.0,America/Los_Angeles,1982,11,24
1982-11-25,138,Unhealthy for Sensitive Groups,CO,20,Los Angeles,California,34.1141,-118.4068,12531334.0,3267.0,America/Los_Angeles,1982,11,25
1982-11-26,133,Unhealthy for Sensitive Groups,CO,20,Los Angeles,California,34.1141,-118.4068,12531334.0,3267.0,America/Los_Angeles,1982,11,26
1982-11-27,120,Unhealthy for Sensitive Groups,CO,20,Los Angeles,California,34.1141,-118.4068,12531334.0,3267.0,America/Los_Angeles,1982,11,27
1982-11-28,115,Unhealthy for Sensitive Groups,CO,20,Los Angeles,California,34.1141,-118.4068,12531334.0,3267.0,America/Los_Angeles,1982,11,28
1982-11-29,110,Unhealthy for Sensitive Groups,NO2,20,Los Angeles,California,34.1141,-118.4068,12531334.0,3267.0,America/Los_Angeles,1982,11,29
1982-11-30,68,Moderate,NO2,19,Los Angeles,California,34.1141,-118.4068,12531334.0,3267.0,America/Los_Angeles,1982,11,30
1982-12-01,89,Moderate,NO2,19,Los Angeles,California,34.1141,-118.4068,12531334.0,3267.0,America/Los_Angeles,1982,12,1
1982-12-02,108,Unhealthy for Sensitive Groups,NO2,20,Los Angeles,California,34.1141,-118.4068,12531334.0,3267.0,America/Los_Angeles,1982,12,2
1982-12-03,138,Unhealthy for Sensitive Groups,CO,20,Los Angeles,California,34.1141,-118.4068,12531334.0,3267.0,America/Los_Angeles,1982,12,3
1982-12-04,193,Unhealthy,CO,20,Los Angeles,California,34.1141,-118.4068,12531334.0,3267.0,America/Los_Angeles,1982,12,4
1982-12-05,195,Unhealthy,CO,20,Los Angeles,California,34.1141,-118.4068,12531334.0,3267.0,America/Los_Angeles,1982,12,5
1982-12-06,224,Very Unhealthy,CO,20,Los Angeles,California,34.1141,-118.4068,12531334.0,3267.0,America/Los_Angeles,1982,12,6
1982-12-07,206,Very Unhealthy,CO,20,Los Angeles,California,34.1141,-118.4068,12531334.0,3267.0,America/Los_Angeles,1982,12,7
1982-12-08,150,Unhealthy for Sensitive Groups,CO,20,Los Angeles,California,34.1141,-118.4068,12531334.0,3267.0,America/Los_Angeles,1982,12,8
1982-12-09,168,Unhealthy,CO,20,Los Angeles,California,34.1141,-118.4068,12531334.0,3267.0,America/Los_Angeles,1982,12,9
1982-12-10,105,Unhealthy for Sensitive Groups,NO2,20,Los Angeles,California,34.1141,-118.4068,12531334.0,3267.0,America/Los_Angeles,1982,12,10
1982-12-11,108,Unhealthy for Sensitive Groups,CO,20,Los Angeles,California,34.1141,-118.4068,12531334.0,3267.0,America/Los_Angeles,1982,12,11
1982-12-12,109,Unhealthy for Sensitive Groups,CO,20,Los Angeles,California,34.1141,-118.4068,12531334.0,3267.0,America/Los_Angeles,1982,12,12
1982-12-13,105,Unhealthy for Sensitive Groups,NO2,20,Los Angeles,California,34.1141,-118.4068,12531334.0,3267.0,America/Los_Angeles,1982,12,13
1982-12-14,178,Unhealthy,CO,20,Los Angeles,California,34.1141,-118.4068,12531334.0,3267.0,America/Los_Angeles,1982,12,14
1982-12-15,198,Unhealthy,CO,20,Los Angeles,California,34.1141,-118.4068,12531334.0,3267.0,America/Los_Angeles,1982,12,15
1982-12-16,198,Unhealthy,CO,20,Los Angeles,California,34.1141,-118.4068,12531334.0,3267.0,America/Los_Angeles,1982,12,16
1982-12-17,228,Very Unhealthy,CO,20,Los Angeles,California,34.1141,-118.4068,12531334.0,3267.0,America/Los_Angeles,1982,12,17
1982-12-18,209,Very Unhealthy,CO,20,Los Angeles,California,34.1141,-118.4068,12531334.0,3267.0,America/Los_Angeles,1982,12,18
1982-12-19,227,Very Unhealthy,CO,20,Los Angeles,California,34.1141,-118.4068,12531334.0,3267.0,America/Los_Angeles,1982,12,19
1982-12-20,240,Very Unhealthy,CO,19,Los Angeles,California,34.1141,-118.4068,12531334.0,3267.0,America/Los_Angeles,1982,12,20
1982-12-21,105,Unhealthy for Sensitive Groups,NO2,20,Los Angeles,California,34.1141,-118.4068,12531334.0,3267.0,America/Los_Angeles,1982,12,21
1982-12-22,68,Moderate,NO2,20,Los Angeles,California,34.1141,-118.4068,12531334.0,3267.0,America/Los_Angeles,1982,12,22
1982-12-23,68,Moderate,NO2,20,Los Angeles,California,34.1141,-118.4068,12531334.0,3267.0,America/Los_Angeles,1982,12,23
1982-12-24,79,Moderate,NO2,20,Los Angeles,California,34.1141,-118.4068,12531334.0,3267.0,America/Los_Angeles,1982,12,24
1982-12-25,192,Unhealthy,CO,20,Los Angeles,California,34.1141,-118.4068,12531334.0,3267.0,America/Los_Angeles,1982,12,25
1982-12-26,121,Unhealthy for Sensitive Groups,CO,20,Los Angeles,California,34.1141,-118.4068,12531334.0,3267.0,America/Los_Angeles,1982,12,26
1982-12-27,103,Unhealthy for Sensitive Groups,NO2,20,Los Angeles,California,34.1141,-118.4068,12531334.0,3267.0,America/Los_Angeles,1982,12,27
1982-12-28,121,Unhealthy for Sensitive Groups,CO,20,Los Angeles,California,34.1141,-118.4068,12531334.0,3267.0,America/Los_Angeles,1982,12,28
1982-12-29,68,Moderate,NO2,20,Los Angeles,California,34.1141,-118.4068,12531334.0,3267.0,America/Los_Angeles,1982,12,29
1982-12-30,116,Unhealthy for Sensitive Groups,NO2,20,Los Angeles,California,34.1141,-118.4068,12531334.0,3267.0,America/Los_Angeles,1982,12,30
1982-12-31,158,Unhealthy,CO,20,Los Angeles,California,34.1141,-118.4068,12531334.0,3267.0,America/Los_Angeles,1982,12,31
1983-01-01,147,Unhealthy for Sensitive Groups,CO,21,Los Angeles,California,34.1141,-118.4068,12531334.0,3267.0,America/Los_Angeles,1983,1,1
1983-01-02,129,Unhealthy for Sensitive Groups,NO2,21,Los Angeles,California,34.1141,-118.4068,12531334.0,3267.0,America/Los_Angeles,1983,1,2
1983-01-03,148,Unhealthy for Sensitive Groups,CO,21,Los Angeles,California,34.1141,-118.4068,12531334.0,3267.0,America/Los_Angeles,1983,1,3
1983-01-04,159,Unhealthy,CO,21,Los Angeles,California,34.1141,-118.4068,12531334.0,3267.0,America/Los_Angeles,1983,1,4
1983-01-05,216,Very Unhealthy,CO,20,Los Angeles,California,34.1141,-118.4068,12531334.0,3267.0,America/Los_Angeles,1983,1,5
1983-01-06,192,Unhealthy,CO,21,Los Angeles,California,34.1141,-118.4068,12531334.0,3267.0,America/Los_Angeles,1983,1,6
1983-01-07,204,Very Unhealthy,CO,21,Los Angeles,California,34.1141,-118.4068,12531334.0,3267.0,America/Los_Angeles,1983,1,7
1983-01-08,206,Very Unhealthy,CO,21,Los Angeles,California,34.1141,-118.4068,12531334.0,3267.0,America/Los_Angeles,1983,1,8
1983-01-09,181,Unhealthy,CO,21,Los Angeles,California,34.1141,-118.4068,12531334.0,3267.0,America/Los_Angeles,1983,1,9
1983-01-10,224,Very Unhealthy,CO,20,Los Angeles,California,34.1141,-118.4068,12531334.0,3267.0,America/Los_Angeles,1983,1,10
1983-01-11,237,Very Unhealthy,CO,21,Los Angeles,California,34.1141,-118.4068,12531334.0,3267.0,America/Los_Angeles,1983,1,11
1983-01-12,210,Very Unhealthy,CO,21,Los Angeles,California,34.1141,-118.4068,12531334.0,3267.0,America/Los_Angeles,1983,1,12
1983-01-13,125,Unhealthy for Sensitive Groups,NO2,21,Los Angeles,California,34.1141,-118.4068,12531334.0,3267.0,America/Los_Angeles,1983,1,13
1983-01-14,175,Unhealthy,CO,21,Los Angeles,California,34.1141,-118.4068,12531334.0,3267.0,America/Los_Angeles,1983,1,14
1983-01-15,204,Very Unhealthy,CO,21,Los Angeles,California,34.1141,-118.4068,12531334.0,3267.0,America/Los_Angeles,1983,1,15
1983-01-16,112,Unhealthy for Sensitive Groups,NO2,21,Los Angeles,California,34.1141,-118.4068,12531334.0,3267.0,America/Los_Angeles,1983,1,16
1983-01-17,105,Unhealthy for Sensitive Groups,NO2,20,Los Angeles,California,34.1141,-118.4068,12531334.0,3267.0,America/Los_Angeles,1983,1,17
1983-01-18,105,Unhealthy for Sensitive Groups,NO2,21,Los Angeles,California,34.1141,-118.4068,12531334.0,3267.0,America/Los_Angeles,1983,1,18
1983-01-19,57,Moderate,NO2,21,Los Angeles,California,34.1141,-118.4068,12531334.0,3267.0,America/Los_Angeles,1983,1,19
1983-01-20,79,Moderate,NO2,21,Los Angeles,California,34.1141,-118.4068,12531334.0,3267.0,America/Los_Angeles,1983,1,20
1983-01-21,100,Moderate,NO2,21,Los Angeles,California,34.1141,-118.4068,12531334.0,3267.0,America/Los_Angeles,1983,1,21
1983-01-22,68,Moderate,NO2,21,Los Angeles,California,34.1141,-118.4068,12531334.0,3267.0,America/Los_Angeles,1983,1,22
1983-01-23,68,Moderate,NO2,21,Los Angeles,California,34.1141,-118.4068,12531334.0,3267.0,America/Los_Angeles,1983,1,23
1983-01-24,67,Moderate,CO,21,Los Angeles,California,34.1141,-118.4068,12531334.0,3267.0,America/Los_Angeles,1983,1,24
1983-01-25,103,Unhealthy for Sensitive Groups,NO2,21,Los Angeles,California,34.1141,-118.4068,12531334.0,3267.0,America/Los_Angeles,1983,1,25
1983-01-26,110,Unhealthy for Sensitive Groups,NO2,21,Los Angeles,California,34.1141,-118.4068,12531334.0,3267.0,America/Los_Angeles,1983,1,26
1983-01-27,57,Moderate,NO2,20,Los Angeles,California,34.1141,-118.4068,12531334.0,3267.0,America/Los_Angeles,1983,1,27
1983-01-28,59,Moderate,CO,21,Los Angeles,California,34.1141,-118.4068,12531334.0,3267.0,America/Los_Angeles,1983,1,28
1983-01-29,57,Moderate,NO2,21,Los Angeles,California,34.1141,-118.4068,12531334.0,3267.0,America/Los_Angeles,1983,1,29
1983-01-30,105,Unhealthy for Sensitive Groups,NO2,21,Los Angeles,California,34.1141,-118.4068,12531334.0,3267.0,America/Los_Angeles,1983,1,30
1983-01-31,100,Moderate,NO2,21,Los Angeles,California,34.1141,-118.4068,12531334.0,3267.0,America/Los_Angeles,1983,1,31
1983-02-01,116,Unhealthy for Sensitive Groups,NO2,21,Los Angeles,California,34.1141,-118.4068,12531334.0,3267.0,America/Los_Angeles,1983,2,1
1983-02-02,100,Moderate,NO2,21,Los Angeles,California,34.1141,-118.4068,12531334.0,3267.0,America/Los_Angeles,1983,2,2
1983-02-03,79,Moderate,NO2,21,Los Angeles,California,34.1141,-118.4068,12531334.0,3267.0,America/Los_Angeles,1983,2,3
1983-02-04,105,Unhealthy for Sensitive Groups,NO2,21,Los Angeles,California,34.1141,-118.4068,12531334.0,3267.0,America/Los_Angeles,1983,2,4
1983-02-05,95,Moderate,CO,21,Los Angeles,California,34.1141,-118.4068,12531334.0,3267.0,America/Los_Angeles,1983,2,5
1983-02-06,79,Moderate,NO2,21,Los Angeles,California,34.1141,-118.4068,12531334.0,3267.0,America/Los_Angeles,1983,2,6
1983-02-07,57,Moderate,NO2,21,Los Angeles,California,34.1141,-118.4068,12531334.0,3267.0,America/Los_Angeles,1983,2,7
1983-02-08,57,Moderate,NO2,21,Los Angeles,California,34.1141,-118.4068,12531334.0,3267.0,America/Los_Angeles,1983,2,8
1983-02-09,105,Unhealthy for Sensitive Groups,NO2,21,Los Angeles,California,34.1141,-118.4068,12531334.0,3267.0,America/Los_Angeles,1983,2,9
1983-02-10,110,Unhealthy for Sensitive Groups,NO2,21,Los Angeles,California,34.1141,-118.4068,12531334.0,3267.0,America/Los_Angeles,1983,2,10
1983-02-11,125,Unhealthy for Sensitive Groups,NO2,21,Los Angeles,California,34.1141,-118.4068,12531334.0,3267.0,America/Los_Angeles,1983,2,11
1983-02-12,150,Unhealthy for Sensitive Groups,CO,21,Los Angeles,California,34.1141,-118.4068,12531334.0,3267.0,America/Los_Angeles,1983,2,12
1983-02-13,100,Moderate,NO2,21,Los Angeles,California,34.1141,-118.4068,12531334.0,3267.0,America/Los_Angeles,1983,2,13
1983-02-14,108,Unhealthy for Sensitive Groups,NO2,21,Los Angeles,California,34.1141,-118.4068,12531334.0,3267.0,America/Los_Angeles,1983,2,14
1983-02-15,126,Unhealthy for Sensitive Groups,CO,21,Los Angeles,California,34.1141,-118.4068,12531334.0,3267.0,America/Los_Angeles,1983,2,15
1983-02-16,120,Unhealthy for Sensitive Groups,NO2,21,Los Angeles,California,34.1141,-118.4068,12531334.0,3267.0,America/Los_Angeles,1983,2,16
1983-02-17,166,Unhealthy,Ozone,21,Los Angeles,California,34.1141,-118.4068,12531334.0,3267.0,America/Los_Angeles,1983,2,17
1983-02-18,123,Unhealthy for Sensitive Groups,CO,21,Los Angeles,California,34.1141,-118.4068,12531334.0,3267.0,America/Los_Angeles,1983,2,18
1983-02-19,110,Unhealthy for Sensitive Groups,NO2,21,Los Angeles,California,34.1141,-118.4068,12531334.0,3267.0,America/Los_Angeles,1983,2,19
1983-02-20,154,Unhealthy,Ozone,21,Los Angeles,California,34.1141,-118.4068,12531334.0,3267.0,America/Los_Angeles,1983,2,20
1983-02-21,112,Unhealthy for Sensitive Groups,NO2,21,Los Angeles,California,34.1141,-118.4068,12531334.0,3267.0,America/Los_Angeles,1983,2,21
1983-02-22,213,Very Unhealthy,Ozone,21,Los Angeles,California,34.1141,-118.4068,12531334.0,3267.0,America/Los_Angeles,1983,2,22
1983-02-23,106,Unhealthy for Sensitive Groups,NO2,21,Los Angeles,California,34.1141,-118.4068,12531334.0,3267.0,America/Los_Angeles,1983,2,23
1983-02-24,68,Moderate,NO2,21,Los Angeles,California,34.1141,-118.4068,12531334.0,3267.0,America/Los_Angeles,1983,2,24
1983-02-25,68,Moderate,NO2,21,Los Angeles,California,34.1141,-118.4068,12531334.0,3267.0,America/Los_Angeles,1983,2,25
1983-02-26,68,Moderate,NO2,21,Los Angeles,California,34.1141,-118.4068,12531334.0,3267.0,America/Los_Angeles,1983,2,26
1983-02-27,47,Good,NO2,21,Los Angeles,California,34.1141,-118.4068,12531334.0,3267.0,America/Los_Angeles,1983,2,27
1983-02-28,57,Moderate,NO2,21,Los Angeles,California,34.1141,-118.4068,12531334.0,3267.0,America/Los_Angeles,1983,2,28
1983-03-01,47,Good,NO2,21,Los Angeles,California,34.1141,-118.4068,12531334.0,3267.0,America/Los_Angeles,1983,3,1
1983-03-02,57,Moderate,NO2,21,Los Angeles,California,34.1141,-118.4068,12531334.0,3267.0,America/Los_Angeles,1983,3,2
1983-03-03,96,Moderate,CO,21,Los Angeles,California,34.1141,-118.4068,12531334.0,3267.0,America/Los_Angeles,1983,3,3
1983-03-04,138,Unhealthy for Sensitive Groups,CO,21,Los Angeles,California,34.1141,-118.4068,12531334.0,3267.0,America/Los_Angeles,1983,3,4
1983-03-05,81,Moderate,CO,21,Los Angeles,California,34.1141,-118.4068,12531334.0,3267.0,America/Los_Angeles,1983,3,5
1983-03-06,57,Moderate,NO2,21,Los Angeles,California,34.1141,-118.4068,12531334.0,3267.0,America/Los_Angeles,1983,3,6
1983-03-07,79,Moderate,NO2,21,Los Angeles,California,34.1141,-118.4068,12531334.0,3267.0,America/Los_Angeles,1983,3,7
1983-03-08,103,Unhealthy for Sensitive Groups,NO2,21,Los Angeles,California,34.1141,-118.4068,12531334.0,3267.0,America/Los_Angeles,1983,3,8
1983-03-09,169,Unhealthy,Ozone,21,Los Angeles,California,34.1141,-118.4068,12531334.0,3267.0,America/Los_Angeles,1983,3,9
1983-03-10,89,Moderate,NO2,21,Los Angeles,California,34.1141,-118.4068,12531334.0,3267.0,America/Los_Angeles,1983,3,10
1983-03-11,79,Moderate,NO2,21,Los Angeles,California,34.1141,-118.4068,12531334.0,3267.0,America/Los_Angeles,1983,3,11
1983-03-12,150,Unhealthy for Sensitive Groups,Ozone,21,Los Angeles,California,34.1141,-118.4068,12531334.0,3267.0,America/Los_Angeles,1983,3,12
1983-03-13,68,Moderate,NO2,21,Los Angeles,California,34.1141,-118.4068,12531334.0,3267.0,America/Los_Angeles,1983,3,13
1983-03-14,79,Moderate,NO2,21,Los Angeles,California,34.1141,-118.4068,12531334.0,3267.0,America/Los_Angeles,1983,3,14
1983-03-15,105,Unhealthy for Sensitive Groups,NO2,21,Los Angeles,California,34.1141,-118.4068,12531334.0,3267.0,America/Los_Angeles,1983,3,15
1983-03-16,100,Moderate,NO2,21,Los Angeles,California,34.1141,-118.4068,12531334.0,3267.0,America/Los_Angeles,1983,3,16
1983-03-17,47,Good,NO2,21,Los Angeles,California,34.1141,-118.4068,12531334.0,3267.0,America/Los_Angeles,1983,3,17
1983-03-18,47,Good,NO2,21,Los Angeles,California,34.1141,-118.4068,12531334.0,3267.0,America/Los_Angeles,1983,3,18
1983-03-19,68,Moderate,NO2,21,Los Angeles,California,34.1141,-118.4068,12531334.0,3267.0,America/Los_Angeles,1983,3,19
1983-03-20,57,Moderate,NO2,21,Los Angeles,California,34.1141,-118.4068,12531334.0,3267.0,America/Los_Angeles,1983,3,20
1983-03-21,57,Moderate,NO2,21,Los Angeles,California,34.1141,-118.4068,12531334.0,3267.0,America/Los_Angeles,1983,3,21
1983-03-22,57,Moderate,NO2,21,Los Angeles,California,34.1141,-118.4068,12531334.0,3267.0,America/Los_Angeles,1983,3,22
1983-03-23,79,Moderate,NO2,21,Los Angeles,California,34.1141,-118.4068,12531334.0,3267.0,America/Los_Angeles,1983,3,23
1983-03-24,79,Moderate,NO2,21,Los Angeles,California,34.1141,-118.4068,12531334.0,3267.0,America/Los_Angeles,1983,3,24
1983-03-25,57,Moderate,NO2,21,Los Angeles,California,34.1141,-118.4068,12531334.0,3267.0,America/Los_Angeles,1983,3,25
1983-03-26,87,Moderate,Ozone,21,Los Angeles,California,34.1141,-118.4068,12531334.0,3267.0,America/Los_Angeles,1983,3,26
1983-03-27,68,Moderate,NO2,21,Los Angeles,California,34.1141,-118.4068,12531334.0,3267.0,America/Los_Angeles,1983,3,27
1983-03-28,89,Moderate,NO2,21,Los Angeles,California,34.1141,-118.4068,12531334.0,3267.0,America/Los_Angeles,1983,3,28
1983-03-29,100,Moderate,NO2,21,Los Angeles,California,34.1141,-118.4068,12531334.0,3267.0,America/Los_Angeles,1983,3,29
1983-03-30,239,Very Unhealthy,Ozone,21,Los Angeles,California,34.1141,-118.4068,12531334.0,3267.0,America/Los_Angeles,1983,3,30
1983-03-31,133,Unhealthy for Sensitive Groups,Ozone,21,Los Angeles,California,34.1141,-118.4068,12531334.0,3267.0,America/Los_Angeles,1983,3,31
1983-04-01,136,Unhealthy for Sensitive Groups,Ozone,21,Los Angeles,California,34.1141,-118.4068,12531334.0,3267.0,America/Los_Angeles,1983,4,1
1983-04-02,187,Unhealthy,Ozone,21,Los Angeles,California,34.1141,-118.4068,12531334.0,3267.0,America/Los_Angeles,1983,4,2
1983-04-03,47,Good,NO2,21,Los Angeles,California,34.1141,-118.4068,12531334.0,3267.0,America/Los_Angeles,1983,4,3
1983-04-04,79,Moderate,NO2,21,Los Angeles,California,34.1141,-118.4068,12531334.0,3267.0,America/Los_Angeles,1983,4,4
1983-04-05,80,Moderate,CO,21,Los Angeles,California,34.1141,-118.4068,12531334.0,3267.0,America/Los_Angeles,1983,4,5
1983-04-06,100,Moderate,NO2,21,Los Angeles,California,34.1141,-118.4068,12531334.0,3267.0,America/Los_Angeles,1983,4,6
1983-04-07,89,Moderate,NO2,21,Los Angeles,California,34.1141,-118.4068,12531334.0,3267.0,America/Los_Angeles,1983,4,7
1983-04-08,100,Moderate,NO2,21,Los Angeles,California,34.1141,-118.4068,12531334.0,3267.0,America/Los_Angeles,1983,4,8
1983-04-09,103,Unhealthy for Sensitive Groups,NO2,21,Los Angeles,California,34.1141,-118.4068,12531334.0,3267.0,America/Los_Angeles,1983,4,9
1983-04-10,57,Moderate,NO2,21,Los Angeles,California,34.1141,-118.4068,12531334.0,3267.0,America/Los_Angeles,1983,4,10
1983-04-11,47,Good,NO2,21,Los Angeles,California,34.1141,-118.4068,12531334.0,3267.0,America/Los_Angeles,1983,4,11
1983-04-12,89,Moderate,NO2,20,Los Angeles,California,34.1141,-118.4068,12531334.0,3267.0,America/Los_Angeles,1983,4,12
1983-04-13,79,Moderate,NO2,20,Los Angeles,California,34.1141,-118.4068,12531334.0,3267.0,America/Los_Angeles,1983,4,13
1983-04-14,100,Moderate,Ozone,20,Los Angeles,California,34.1141,-118.4068,12531334.0,3267.0,America/Los_Angeles,1983,4,14
1983-04-15,143,Unhealthy for Sensitive Groups,Ozone,21,Los Angeles,California,34.1141,-118.4068,12531334.0,3267.0,America/Los_Angeles,1983,4,15
1983-04-16,166,Unhealthy,Ozone,21,Los Angeles,California,34.1141,-118.4068,12531334.0,3267.0,America/Los_Angeles,1983,4,16
1983-04-17,106,Unhealthy for Sensitive Groups,NO2,21,Los Angeles,California,34.1141,-118.4068,12531334.0,3267.0,America/Los_Angeles,1983,4,17
1983-04-18,47,Good,NO2,20,Los Angeles,California,34.1141,-118.4068,12531334.0,3267.0,America/Los_Angeles,1983,4,18
1983-04-19,68,Moderate,NO2,21,Los Angeles,California,34.1141,-118.4068,12531334.0,3267.0,America/Los_Angeles,1983,4,19
1983-04-20,57,Moderate,NO2,21,Los Angeles,California,34.1141,-118.4068,12531334.0,3267.0,America/Los_Angeles,1983,4,20
1983-04-21,57,Moderate,NO2,21,Los Angeles,California,34.1141,-118.4068,12531334.0,3267.0,America/Los_Angeles,1983,4,21
1983-04-22,79,Moderate,NO2,21,Los Angeles,California,34.1141,-118.4068,12531334.0,3267.0,America/Los_Angeles,1983,4,22
1983-04-23,115,Unhealthy for Sensitive Groups,Ozone,21,Los Angeles,California,34.1141,-118.4068,12531334.0,3267.0,America/Los_Angeles,1983,4,23
1983-04-24,58,Moderate,Ozone,21,Los Angeles,California,34.1141,-118.4068,12531334.0,3267.0,America/Los_Angeles,1983,4,24
1983-04-25,68,Moderate,NO2,21,Los Angeles,California,34.1141,-118.4068,12531334.0,3267.0,America/Los_Angeles,1983,4,25
1983-04-26,57,Moderate,NO2,21,Los Angeles,California,34.1141,-118.4068,12531334.0,3267.0,America/Los_Angeles,1983,4,26
1983-04-27,90,Moderate,Ozone,21,Los Angeles,California,34.1141,-118.4068,12531334.0,3267.0,America/Los_Angeles,1983,4,27
1983-04-28,68,Moderate,NO2,21,Los Angeles,California,34.1141,-118.4068,12531334.0,3267.0,America/Los_Angeles,1983,4,28
1983-04-29,47,Good,NO2,21,Los Angeles,California,34.1141,-118.4068,12531334.0,3267.0,America/Los_Angeles,1983,4,29
1983-04-30,57,Moderate,NO2,21,Los Angeles,California,34.1141,-118.4068,12531334.0,3267.0,America/Los_Angeles,1983,4,30
1983-05-01,57,Moderate,NO2,21,Los Angeles,California,34.1141,-118.4068,12531334.0,3267.0,America/Los_Angeles,1983,5,1
1983-05-02,100,Moderate,Ozone,21,Los Angeles,California,34.1141,-118.4068,12531334.0,3267.0,America/Los_Angeles,1983,5,2
1983-05-03,217,Very Unhealthy,Ozone,21,Los Angeles,California,34.1141,-118.4068,12531334.0,3267.0,America/Los_Angeles,1983,5,3
1983-05-04,90,Moderate,Ozone,21,Los Angeles,California,34.1141,-118.4068,12531334.0,3267.0,America/Los_Angeles,1983,5,4
1983-05-05,57,Moderate,NO2,21,Los Angeles,California,34.1141,-118.4068,12531334.0,3267.0,America/Los_Angeles,1983,5,5
1983-05-06,87,Moderate,Ozone,21,Los Angeles,California,34.1141,-118.4068,12531334.0,3267.0,America/Los_Angeles,1983,5,6
1983-05-07,205,Very Unhealthy,Ozone,21,Los Angeles,California,34.1141,-118.4068,12531334.0,3267.0,America/Los_Angeles,1983,5,7
1983-05-08,203,Very Unhealthy,Ozone,21,Los Angeles,California,34.1141,-118.4068,12531334.0,3267.0,America/Los_Angeles,1983,5,8
1983-05-09,156,Unhealthy,Ozone,21,Los Angeles,California,34.1141,-118.4068,12531334.0,3267.0,America/Los_Angeles,1983,5,9
1983-05-10,103,Unhealthy for Sensitive Groups,NO2,21,Los Angeles,California,34.1141,-118.4068,12531334.0,3267.0,America/Los_Angeles,1983,5,10
1983-05-11,93,Moderate,Ozone,21,Los Angeles,California,34.1141,-118.4068,12531334.0,3267.0,America/Los_Angeles,1983,5,11
1983-05-12,154,Unhealthy,Ozone,21,Los Angeles,California,34.1141,-118.4068,12531334.0,3267.0,America/Los_Angeles,1983,5,12
1983-05-13,108,Unhealthy for Sensitive Groups,Ozone,21,Los Angeles,California,34.1141,-118.4068,12531334.0,3267.0,America/Los_Angeles,1983,5,13
1983-05-14,206,Very Unhealthy,Ozone,21,Los Angeles,California,34.1141,-118.4068,12531334.0,3267.0,America/Los_Angeles,1983,5,14
1983-05-15,223,Very Unhealthy,Ozone,21,Los Angeles,California,34.1141,-118.4068,12531334.0,3267.0,America/Los_Angeles,1983,5,15
1983-05-16,202,Very Unhealthy,Ozone,21,Los Angeles,California,34.1141,-118.4068,12531334.0,3267.0,America/Los_Angeles,1983,5,16
1983-05-17,164,Unhealthy,Ozone,21,Los Angeles,California,34.1141,-118.4068,12531334.0,3267.0,America/Los_Angeles,1983,5,17
1983-05-18,208,Very Unhealthy,Ozone,21,Los Angeles,California,34.1141,-118.4068,12531334.0,3267.0,America/Los_Angeles,1983,5,18
1983-05-19,238,Very Unhealthy,Ozone,21,Los Angeles,California,34.1141,-118.4068,12531334.0,3267.0,America/Los_Angeles,1983,5,19
1983-05-20,248,Very Unhealthy,Ozone,21,Los Angeles,California,34.1141,-118.4068,12531334.0,3267.0,America/Los_Angeles,1983,5,20
1983-05-21,256,Very Unhealthy,Ozone,21,Los Angeles,California,34.1141,-118.4068,12531334.0,3267.0,America/Los_Angeles,1983,5,21
1983-05-22,265,Very Unhealthy,Ozone,21,Los Angeles,California,34.1141,-118.4068,12531334.0,3267.0,America/Los_Angeles,1983,5,22
1983-05-23,286,Very Unhealthy,Ozone,21,Los Angeles,California,34.1141,-118.4068,12531334.0,3267.0,America/Los_Angeles,1983,5,23
1983-05-24,291,Very Unhealthy,Ozone,21,Los Angeles,California,34.1141,-118.4068,12531334.0,3267.0,America/Los_Angeles,1983,5,24
1983-05-25,295,Very Unhealthy,Ozone,21,Los Angeles,California,34.1141,-118.4068,12531334.0,3267.0,America/Los_Angeles,1983,5,25
1983-05-26,284,Very Unhealthy,Ozone,21,Los Angeles,California,34.1141,-118.4068,12531334.0,3267.0,America/Los_Angeles,1983,5,26
1983-05-27,295,Very Unhealthy,Ozone,21,Los Angeles,California,34.1141,-118.4068,12531334.0,3267.0,America/Los_Angeles,1983,5,27
1983-05-28,296,Very Unhealthy,Ozone,21,Los Angeles,California,34.1141,-118.4068,12531334.0,3267.0,America/Los_Angeles,1983,5,28
1983-05-29,282,Very Unhealthy,Ozone,21,Los Angeles,California,34.1141,-118.4068,12531334.0,3267.0,America/Los_Angeles,1983,5,29
1983-05-30,227,Very Unhealthy,Ozone,21,Los Angeles,California,34.1141,-118.4068,12531334.0,3267.0,America/Los_Angeles,1983,5,30
1983-05-31,68,Moderate,NO2,21,Los Angeles,California,34.1141,-118.4068,12531334.0,3267.0,America/Los_Angeles,1983,5,31
1983-06-01,57,Moderate,NO2,21,Los Angeles,California,34.1141,-118.4068,12531334.0,3267.0,America/Los_Angeles,1983,6,1
1983-06-02,68,Moderate,NO2,21,Los Angeles,California,34.1141,-118.4068,12531334.0,3267.0,America/Los_Angeles,1983,6,2
1983-06-03,119,Unhealthy for Sensitive Groups,Ozone,21,Los Angeles,California,34.1141,-118.4068,12531334.0,3267.0,America/Los_Angeles,1983,6,3
1983-06-04,214,Very Unhealthy,Ozone,21,Los Angeles,California,34.1141,-118.4068,12531334.0,3267.0,America/Los_Angeles,1983,6,4
1983-06-05,249,Very Unhealthy,Ozone,21,Los Angeles,California,34.1141,-118.4068,12531334.0,3267.0,America/Los_Angeles,1983,6,5
1983-06-06,280,Very Unhealthy,Ozone,21,Los Angeles,California,34.1141,-118.4068,12531334.0,3267.0,America/Los_Angeles,1983,6,6
1983-06-07,266,Very Unhealthy,Ozone,21,Los Angeles,California,34.1141,-118.4068,12531334.0,3267.0,America/Los_Angeles,1983,6,7
1983-06-08,214,Very Unhealthy,Ozone,21,Los Angeles,California,34.1141,-118.4068,12531334.0,3267.0,America/Los_Angeles,1983,6,8
1983-06-09,187,Unhealthy,Ozone,21,Los Angeles,California,34.1141,-118.4068,12531334.0,3267.0,America/Los_Angeles,1983,6,9
1983-06-10,258,Very Unhealthy,Ozone,21,Los Angeles,California,34.1141,-118.4068,12531334.0,3267.0,America/Los_Angeles,1983,6,10
1983-06-11,164,Unhealthy,Ozone,21,Los Angeles,California,34.1141,-118.4068,12531334.0,3267.0,America/Los_Angeles,1983,6,11
1983-06-12,151,Unhealthy,Ozone,21,Los Angeles,California,34.1141,-118.4068,12531334.0,3267.0,America/Los_Angeles,1983,6,12
1983-06-13,282,Very Unhealthy,Ozone,21,Los Angeles,California,34.1141,-118.4068,12531334.0,3267.0,America/Los_Angeles,1983,6,13
1983-06-14,276,Very Unhealthy,Ozone,21,Los Angeles,California,34.1141,-118.4068,12531334.0,3267.0,America/Los_Angeles,1983,6,14
1983-06-15,295,Very Unhealthy,Ozone,21,Los Angeles,California,34.1141,-118.4068,12531334.0,3267.0,America/Los_Angeles,1983,6,15
1983-06-16,264,Very Unhealthy,Ozone,21,Los Angeles,California,34.1141,-118.4068,12531334.0,3267.0,America/Los_Angeles,1983,6,16
1983-06-17,286,Very Unhealthy,Ozone,21,Los Angeles,California,34.1141,-118.4068,12531334.0,3267.0,America/Los_Angeles,1983,6,17
1983-06-18,253,Very Unhealthy,Ozone,21,Los Angeles,California,34.1141,-118.4068,12531334.0,3267.0,America/Los_Angeles,1983,6,18
1983-06-19,223,Very Unhealthy,Ozone,21,Los Angeles,California,34.1141,-118.4068,12531334.0,3267.0,America/Los_Angeles,1983,6,19
1983-06-20,203,Very Unhealthy,Ozone,21,Los Angeles,California,34.1141,-118.4068,12531334.0,3267.0,America/Los_Angeles,1983,6,20
1983-06-21,222,Very Unhealthy,Ozone,21,Los Angeles,California,34.1141,-118.4068,12531334.0,3267.0,America/Los_Angeles,1983,6,21
1983-06-22,213,Very Unhealthy,Ozone,21,Los Angeles,California,34.1141,-118.4068,12531334.0,3267.0,America/Los_Angeles,1983,6,22
1983-06-23,249,Very Unhealthy,Ozone,21,Los Angeles,California,34.1141,-118.4068,12531334.0,3267.0,America/Los_Angeles,1983,6,23
1983-06-24,263,Very Unhealthy,Ozone,21,Los Angeles,California,34.1141,-118.4068,12531334.0,3267.0,America/Los_Angeles,1983,6,24
1983-06-25,229,Very Unhealthy,Ozone,21,Los Angeles,California,34.1141,-118.4068,12531334.0,3267.0,America/Los_Angeles,1983,6,25
1983-06-26,154,Unhealthy,Ozone,21,Los Angeles,California,34.1141,-118.4068,12531334.0,3267.0,America/Los_Angeles,1983,6,26
1983-06-27,101,Unhealthy for Sensitive Groups,Ozone,21,Los Angeles,California,34.1141,-118.4068,12531334.0,3267.0,America/Los_Angeles,1983,6,27
1983-06-28,174,Unhealthy,Ozone,21,Los Angeles,California,34.1141,-118.4068,12531334.0,3267.0,America/Los_Angeles,1983,6,28
1983-06-29,213,Very Unhealthy,Ozone,21,Los Angeles,California,34.1141,-118.4068,12531334.0,3267.0,America/Los_Angeles,1983,6,29
1983-06-30,161,Unhealthy,Ozone,21,Los Angeles,California,34.1141,-118.4068,12531334.0,3267.0,America/Los_Angeles,1983,6,30
1983-07-01,218,Very Unhealthy,Ozone,21,Los Angeles,California,34.1141,-118.4068,12531334.0,3267.0,America/Los_Angeles,1983,7,1
1983-07-02,169,Unhealthy,Ozone,21,Los Angeles,California,34.1141,-118.4068,12531334.0,3267.0,America/Los_Angeles,1983,7,2
1983-07-03,229,Very Unhealthy,Ozone,21,Los Angeles,California,34.1141,-118.4068,12531334.0,3267.0,America/Los_Angeles,1983,7,3
1983-07-04,243,Very Unhealthy,Ozone,21,Los Angeles,California,34.1141,-118.4068,12531334.0,3267.0,America/Los_Angeles,1983,7,4
1983-07-05,263,Very Unhealthy,Ozone,21,Los Angeles,California,34.1141,-118.4068,12531334.0,3267.0,America/Los_Angeles,1983,7,5
1983-07-06,272,Very Unhealthy,Ozone,21,Los Angeles,California,34.1141,-118.4068,12531334.0,3267.0,America/Los_Angeles,1983,7,6
1983-07-07,269,Very Unhealthy,Ozone,21,Los Angeles,California,34.1141,-118.4068,12531334.0,3267.0,America/Los_Angeles,1983,7,7
1983-07-08,243,Very Unhealthy,Ozone,21,Los Angeles,California,34.1141,-118.4068,12531334.0,3267.0,America/Los_Angeles,1983,7,8
1983-07-09,284,Very Unhealthy,Ozone,21,Los Angeles,California,34.1141,-118.4068,12531334.0,3267.0,America/Los_Angeles,1983,7,9
1983-07-10,291,Very Unhealthy,Ozone,21,Los Angeles,California,34.1141,-118.4068,12531334.0,3267.0,America/Los_Angeles,1983,7,10
1983-07-11,293,Very Unhealthy,Ozone,21,Los Angeles,California,34.1141,-118.4068,12531334.0,3267.0,America/Los_Angeles,1983,7,11
1983-07-12,295,Very Unhealthy,Ozone,21,Los Angeles,California,34.1141,-118.4068,12531334.0,3267.0,America/Los_Angeles,1983,7,12
1983-07-13,298,Very Unhealthy,Ozone,21,Los Angeles,California,34.1141,-118.4068,12531334.0,3267.0,America/Los_Angeles,1983,7,13
1983-07-14,263,Very Unhealthy,Ozone,21,Los Angeles,California,34.1141,-118.4068,12531334.0,3267.0,America/Los_Angeles,1983,7,14
1983-07-15,208,Very Unhealthy,Ozone,21,Los Angeles,California,34.1141,-118.4068,12531334.0,3267.0,America/Los_Angeles,1983,7,15
1983-07-16,202,Very Unhealthy,Ozone,21,Los Angeles,California,34.1141,-118.4068,12531334.0,3267.0,America/Los_Angeles,1983,7,16
1983-07-17,219,Very Unhealthy,Ozone,21,Los Angeles,California,34.1141,-118.4068,12531334.0,3267.0,America/Los_Angeles,1983,7,17
1983-07-18,266,Very Unhealthy,Ozone,21,Los Angeles,California,34.1141,-118.4068,12531334.0,3267.0,America/Los_Angeles,1983,7,18
1983-07-19,265,Very Unhealthy,Ozone,21,Los Angeles,California,34.1141,-118.4068,12531334.0,3267.0,America/Los_Angeles,1983,7,19
1983-07-20,287,Very Unhealthy,Ozone,21,Los Angeles,California,34.1141,-118.4068,12531334.0,3267.0,America/Los_Angeles,1983,7,20
1983-07-21,263,Very Unhealthy,Ozone,21,Los Angeles,California,34.1141,-118.4068,12531334.0,3267.0,America/Los_Angeles,1983,7,21
1983-07-22,277,Very Unhealthy,Ozone,21,Los Angeles,California,34.1141,-118.4068,12531334.0,3267.0,America/Los_Angeles,1983,7,22
1983-07-23,287,Very Unhealthy,Ozone,21,Los Angeles,California,34.1141,-118.4068,12531334.0,3267.0,America/Los_Angeles,1983,7,23
1983-07-24,224,Very Unhealthy,Ozone,21,Los Angeles,California,34.1141,-118.4068,12531334.0,3267.0,America/Los_Angeles,1983,7,24
1983-07-25,202,Very Unhealthy,Ozone,21,Los Angeles,California,34.1141,-118.4068,12531334.0,3267.0,America/Los_Angeles,1983,7,25
1983-07-26,248,Very Unhealthy,Ozone,21,Los Angeles,California,34.1141,-118.4068,12531334.0,3267.0,America/Los_Angeles,1983,7,26
1983-07-27,206,Very Unhealthy,Ozone,21,Los Angeles,California,34.1141,-118.4068,12531334.0,3267.0,America/Los_Angeles,1983,7,27
1983-07-28,221,Very Unhealthy,Ozone,21,Los Angeles,California,34.1141,-118.4068,12531334.0,3267.0,America/Los_Angeles,1983,7,28
1983-07-29,297,Very Unhealthy,Ozone,21,Los Angeles,California,34.1141,-118.4068,12531334.0,3267.0,America/Los_Angeles,1983,7,29
1983-07-30,296,Very Unhealthy,Ozone,21,Los Angeles,California,34.1141,-118.4068,12531334.0,3267.0,America/Los_Angeles,1983,7,30
1983-07-31,275,Very Unhealthy,Ozone,21,Los Angeles,California,34.1141,-118.4068,12531334.0,3267.0,America/Los_Angeles,1983,7,31
1983-08-01,284,Very Unhealthy,Ozone,21,Los Angeles,California,34.1141,-118.4068,12531334.0,3267.0,America/Los_Angeles,1983,8,1
1983-08-02,297,Very Unhealthy,Ozone,21,Los Angeles,California,34.1141,-118.4068,12531334.0,3267.0,America/Los_Angeles,1983,8,2
1983-08-03,280,Very Unhealthy,Ozone,21,Los Angeles,California,34.1141,-118.4068,12531334.0,3267.0,America/Los_Angeles,1983,8,3
1983-08-04,300,Very Unhealthy,Ozone,21,Los Angeles,California,34.1141,-118.4068,12531334.0,3267.0,America/Los_Angeles,1983,8,4
1983-08-05,300,Very Unhealthy,Ozone,21,Los Angeles,California,34.1141,-118.4068,12531334.0,3267.0,America/Los_Angeles,1983,8,5
1983-08-06,253,Very Unhealthy,Ozone,21,Los Angeles,California,34.1141,-118.4068,12531334.0,3267.0,America/Los_Angeles,1983,8,6
1983-08-07,277,Very Unhealthy,Ozone,21,Los Angeles,California,34.1141,-118.4068,12531334.0,3267.0,America/Los_Angeles,1983,8,7
1983-08-08,264,Very Unhealthy,Ozone,21,Los Angeles,California,34.1141,-118.4068,12531334.0,3267.0,America/Los_Angeles,1983,8,8
1983-08-09,205,Very Unhealthy,Ozone,21,Los Angeles,California,34.1141,-118.4068,12531334.0,3267.0,America/Los_Angeles,1983,8,9
1983-08-10,213,Very Unhealthy,Ozone,21,Los Angeles,California,34.1141,-118.4068,12531334.0,3267.0,America/Los_Angeles,1983,8,10
1983-08-11,217,Very Unhealthy,Ozone,21,Los Angeles,California,34.1141,-118.4068,12531334.0,3267.0,America/Los_Angeles,1983,8,11
1983-08-12,282,Very Unhealthy,Ozone,21,Los Angeles,California,34.1141,-118.4068,12531334.0,3267.0,America/Los_Angeles,1983,8,12
1983-08-13,242,Very Unhealthy,Ozone,21,Los Angeles,California,34.1141,-118.4068,12531334.0,3267.0,America/Los_Angeles,1983,8,13
1983-08-14,238,Very Unhealthy,Ozone,21,Los Angeles,California,34.1141,-118.4068,12531334.0,3267.0,America/Los_Angeles,1983,8,14
1983-08-15,261,Very Unhealthy,Ozone,21,Los Angeles,California,34.1141,-118.4068,12531334.0,3267.0,America/Los_Angeles,1983,8,15
1983-08-16,271,Very Unhealthy,Ozone,21,Los Angeles,California,34.1141,-118.4068,12531334.0,3267.0,America/Los_Angeles,1983,8,16
1983-08-17,213,Very Unhealthy,Ozone,21,Los Angeles,California,34.1141,-118.4068,12531334.0,3267.0,America/Los_Angeles,1983,8,17
1983-08-18,65,Moderate,CO,21,Los Angeles,California,34.1141,-118.4068,12531334.0,3267.0,America/Los_Angeles,1983,8,18
1983-08-19,68,Moderate,NO2,21,Los Angeles,California,34.1141,-118.4068,12531334.0,3267.0,America/Los_Angeles,1983,8,19
1983-08-20,54,Moderate,Ozone,21,Los Angeles,California,34.1141,-118.4068,12531334.0,3267.0,America/Los_Angeles,1983,8,20
1983-08-21,100,Moderate,Ozone,21,Los Angeles,California,34.1141,-118.4068,12531334.0,3267.0,America/Los_Angeles,1983,8,21
1983-08-22,151,Unhealthy,Ozone,21,Los Angeles,California,34.1141,-118.4068,12531334.0,3267.0,America/Los_Angeles,1983,8,22
1983-08-23,237,Very Unhealthy,Ozone,21,Los Angeles,California,34.1141,-118.4068,12531334.0,3267.0,America/Los_Angeles,1983,8,23
1983-08-24,237,Very Unhealthy,Ozone,21,Los Angeles,California,34.1141,-118.4068,12531334.0,3267.0,America/Los_Angeles,1983,8,24
1983-08-25,281,Very Unhealthy,Ozone,21,Los Angeles,California,34.1141,-118.4068,12531334.0,3267.0,America/Los_Angeles,1983,8,25
1983-08-26,291,Very Unhealthy,Ozone,21,Los Angeles,California,34.1141,-118.4068,12531334.0,3267.0,America/Los_Angeles,1983,8,26
1983-08-27,293,Very Unhealthy,Ozone,21,Los Angeles,California,34.1141,-118.4068,12531334.0,3267.0,America/Los_Angeles,1983,8,27
1983-08-28,255,Very Unhealthy,Ozone,21,Los Angeles,California,34.1141,-118.4068,12531334.0,3267.0,America/Los_Angeles,1983,8,28
1983-08-29,259,Very Unhealthy,Ozone,21,Los Angeles,California,34.1141,-118.4068,12531334.0,3267.0,America/Los_Angeles,1983,8,29
1983-08-30,277,Very Unhealthy,Ozone,21,Los Angeles,California,34.1141,-118.4068,12531334.0,3267.0,America/Los_Angeles,1983,8,30
1983-08-31,222,Very Unhealthy,Ozone,21,Los Angeles,California,34.1141,-118.4068,12531334.0,3267.0,America/Los_Angeles,1983,8,31
1983-09-01,245,Very Unhealthy,Ozone,21,Los Angeles,California,34.1141,-118.4068,12531334.0,3267.0,America/Los_Angeles,1983,9,1
1983-09-02,296,Very Unhealthy,Ozone,21,Los Angeles,California,34.1141,-118.4068,12531334.0,3267.0,America/Los_Angeles,1983,9,2
1983-09-03,268,Very Unhealthy,Ozone,21,Los Angeles,California,34.1141,-118.4068,12531334.0,3267.0,America/Los_Angeles,1983,9,3
1983-09-04,271,Very Unhealthy,Ozone,21,Los Angeles,California,34.1141,-118.4068,12531334.0,3267.0,America/Los_Angeles,1983,9,4
1983-09-05,281,Very Unhealthy,Ozone,21,Los Angeles,California,34.1141,-118.4068,12531334.0,3267.0,America/Los_Angeles,1983,9,5
1983-09-06,296,Very Unhealthy,Ozone,21,Los Angeles,California,34.1141,-118.4068,12531334.0,3267.0,America/Los_Angeles,1983,9,6
1983-09-07,273,Very Unhealthy,Ozone,21,Los Angeles,California,34.1141,-118.4068,12531334.0,3267.0,America/Los_Angeles,1983,9,7
1983-09-08,212,Very Unhealthy,Ozone,21,Los Angeles,California,34.1141,-118.4068,12531334.0,3267.0,America/Los_Angeles,1983,9,8
1983-09-09,224,Very Unhealthy,Ozone,21,Los Angeles,California,34.1141,-118.4068,12531334.0,3267.0,America/Los_Angeles,1983,9,9
1983-09-10,292,Very Unhealthy,Ozone,21,Los Angeles,California,34.1141,-118.4068,12531334.0,3267.0,America/Los_Angeles,1983,9,10
1983-09-11,296,Very Unhealthy,Ozone,21,Los Angeles,California,34.1141,-118.4068,12531334.0,3267.0,America/Los_Angeles,1983,9,11
1983-09-12,274,Very Unhealthy,Ozone,21,Los Angeles,California,34.1141,-118.4068,12531334.0,3267.0,America/Los_Angeles,1983,9,12
1983-09-13,297,Very Unhealthy,Ozone,21,Los Angeles,California,34.1141,-118.4068,12531334.0,3267.0,America/Los_Angeles,1983,9,13
1983-09-14,285,Very Unhealthy,Ozone,21,Los Angeles,California,34.1141,-118.4068,12531334.0,3267.0,America/Los_Angeles,1983,9,14
1983-09-15,289,Very Unhealthy,Ozone,21,Los Angeles,California,34.1141,-118.4068,12531334.0,3267.0,America/Los_Angeles,1983,9,15
1983-09-16,298,Very Unhealthy,Ozone,21,Los Angeles,California,34.1141,-118.4068,12531334.0,3267.0,America/Los_Angeles,1983,9,16
1983-09-17,275,Very Unhealthy,Ozone,21,Los Angeles,California,34.1141,-118.4068,12531334.0,3267.0,America/Los_Angeles,1983,9,17
1983-09-18,259,Very Unhealthy,Ozone,21,Los Angeles,California,34.1141,-118.4068,12531334.0,3267.0,America/Los_Angeles,1983,9,18
1983-09-19,154,Unhealthy,Ozone,21,Los Angeles,California,34.1141,-118.4068,12531334.0,3267.0,America/Los_Angeles,1983,9,19
1983-09-20,118,Unhealthy for Sensitive Groups,NO2,21,Los Angeles,California,34.1141,-118.4068,12531334.0,3267.0,America/Los_Angeles,1983,9,20
1983-09-21,190,Unhealthy,Ozone,21,Los Angeles,California,34.1141,-118.4068,12531334.0,3267.0,America/Los_Angeles,1983,9,21
1983-09-22,100,Moderate,Ozone,21,Los Angeles,California,34.1141,-118.4068,12531334.0,3267.0,America/Los_Angeles,1983,9,22
1983-09-23,136,Unhealthy for Sensitive Groups,Ozone,21,Los Angeles,California,34.1141,-118.4068,12531334.0,3267.0,America/Los_Angeles,1983,9,23
1983-09-24,164,Unhealthy,Ozone,21,Los Angeles,California,34.1141,-118.4068,12531334.0,3267.0,America/Los_Angeles,1983,9,24
1983-09-25,219,Very Unhealthy,Ozone,21,Los Angeles,California,34.1141,-118.4068,12531334.0,3267.0,America/Los_Angeles,1983,9,25
1983-09-26,79,Moderate,NO2,21,Los Angeles,California,34.1141,-118.4068,12531334.0,3267.0,America/Los_Angeles,1983,9,26
1983-09-27,79,Moderate,NO2,21,Los Angeles,California,34.1141,-118.4068,12531334.0,3267.0,America/Los_Angeles,1983,9,27
1983-09-28,68,Moderate,NO2,21,Los Angeles,California,34.1141,-118.4068,12531334.0,3267.0,America/Los_Angeles,1983,9,28
1983-09-29,68,Moderate,NO2,21,Los Angeles,California,34.1141,-118.4068,12531334.0,3267.0,America/Los_Angeles,1983,9,29
1983-09-30,71,Moderate,CO,21,Los Angeles,California,34.1141,-118.4068,12531334.0,3267.0,America/Los_Angeles,1983,9,30
1983-10-01,53,Moderate,CO,21,Los Angeles,California,34.1141,-118.4068,12531334.0,3267.0,America/Los_Angeles,1983,10,1
1983-10-02,68,Moderate,NO2,20,Los Angeles,California,34.1141,-118.4068,12531334.0,3267.0,America/Los_Angeles,1983,10,2
1983-10-03,206,Very Unhealthy,Ozone,20,Los Angeles,California,34.1141,-118.4068,12531334.0,3267.0,America/Los_Angeles,1983,10,3
1983-10-04,161,Unhealthy,Ozone,20,Los Angeles,California,34.1141,-118.4068,12531334.0,3267.0,America/Los_Angeles,1983,10,4
1983-10-05,89,Moderate,NO2,20,Los Angeles,California,34.1141,-118.4068,12531334.0,3267.0,America/Los_Angeles,1983,10,5
1983-10-06,213,Very Unhealthy,Ozone,20,Los Angeles,California,34.1141,-118.4068,12531334.0,3267.0,America/Los_Angeles,1983,10,6
1983-10-07,161,Unhealthy,Ozone,20,Los Angeles,California,34.1141,-118.4068,12531334.0,3267.0,America/Los_Angeles,1983,10,7
1983-10-08,89,Moderate,NO2,20,Los Angeles,California,34.1141,-118.4068,12531334.0,3267.0,America/Los_Angeles,1983,10,8
1983-10-09,57,Moderate,NO2,20,Los Angeles,California,34.1141,-118.4068,12531334.0,3267.0,America/Los_Angeles,1983,10,9
1983-10-10,154,Unhealthy,Ozone,20,Los Angeles,California,34.1141,-118.4068,12531334.0,3267.0,America/Los_Angeles,1983,10,10
1983-10-11,218,Very Unhealthy,Ozone,20,Los Angeles,California,34.1141,-118.4068,12531334.0,3267.0,America/Los_Angeles,1983,10,11
1983-10-12,195,Unhealthy,Ozone,20,Los Angeles,California,34.1141,-118.4068,12531334.0,3267.0,America/Los_Angeles,1983,10,12
1983-10-13,140,Unhealthy for Sensitive Groups,Ozone,19,Los Angeles,California,34.1141,-118.4068,12531334.0,3267.0,America/Los_Angeles,1983,10,13
1983-10-14,100,Moderate,NO2,20,Los Angeles,California,34.1141,-118.4068,12531334.0,3267.0,America/Los_Angeles,1983,10,14
1983-10-15,105,Unhealthy for Sensitive Groups,Ozone,20,Los Angeles,California,34.1141,-118.4068,12531334.0,3267.0,America/Los_Angeles,1983,10,15
1983-10-16,190,Unhealthy,Ozone,20,Los Angeles,California,34.1141,-118.4068,12531334.0,3267.0,America/Los_Angeles,1983,10,16
1983-10-17,105,Unhealthy for Sensitive Groups,NO2,20,Los Angeles,California,34.1141,-118.4068,12531334.0,3267.0,America/Los_Angeles,1983,10,17
1983-10-18,216,Very Unhealthy,Ozone,20,Los Angeles,California,34.1141,-118.4068,12531334.0,3267.0,America/Los_Angeles,1983,10,18
1983-10-19,244,Very Unhealthy,Ozone,20,Los Angeles,California,34.1141,-118.4068,12531334.0,3267.0,America/Los_Angeles,1983,10,19
1983-10-20,222,Very Unhealthy,Ozone,20,Los Angeles,California,34.1141,-118.4068,12531334.0,3267.0,America/Los_Angeles,1983,10,20
1983-10-21,226,Very Unhealthy,Ozone,20,Los Angeles,California,34.1141,-118.4068,12531334.0,3267.0,America/Los_Angeles,1983,10,21
1983-10-22,249,Very Unhealthy,Ozone,20,Los Angeles,California,34.1141,-118.4068,12531334.0,3267.0,America/Los_Angeles,1983,10,22
1983-10-23,207,Very Unhealthy,Ozone,20,Los Angeles,California,34.1141,-118.4068,12531334.0,3267.0,America/Los_Angeles,1983,10,23
1983-10-24,143,Unhealthy for Sensitive Groups,Ozone,20,Los Angeles,California,34.1141,-118.4068,12531334.0,3267.0,America/Los_Angeles,1983,10,24
1983-10-25,220,Very Unhealthy,CO,20,Los Angeles,California,34.1141,-118.4068,12531334.0,3267.0,America/Los_Angeles,1983,10,25
1983-10-26,168,Unhealthy,CO,20,Los Angeles,California,34.1141,-118.4068,12531334.0,3267.0,America/Los_Angeles,1983,10,26
1983-10-27,118,Unhealthy for Sensitive Groups,CO,20,Los Angeles,California,34.1141,-118.4068,12531334.0,3267.0,America/Los_Angeles,1983,10,27
1983-10-28,203,Very Unhealthy,Ozone,20,Los Angeles,California,34.1141,-118.4068,12531334.0,3267.0,America/Los_Angeles,1983,10,28
1983-10-29,150,Unhealthy for Sensitive Groups,Ozone,20,Los Angeles,California,34.1141,-118.4068,12531334.0,3267.0,America/Los_Angeles,1983,10,29
1983-10-30,89,Moderate,NO2,20,Los Angeles,California,34.1141,-118.4068,12531334.0,3267.0,America/Los_Angeles,1983,10,30
1983-10-31,57,Moderate,NO2,20,Los Angeles,California,34.1141,-118.4068,12531334.0,3267.0,America/Los_Angeles,1983,10,31
1983-11-01,109,Unhealthy for Sensitive Groups,CO,20,Los Angeles,California,34.1141,-118.4068,12531334.0,3267.0,America/Los_Angeles,1983,11,1
1983-11-02,108,Unhealthy for Sensitive Groups,NO2,20,Los Angeles,California,34.1141,-118.4068,12531334.0,3267.0,America/Los_Angeles,1983,11,2
1983-11-03,145,Unhealthy for Sensitive Groups,CO,20,Los Angeles,California,34.1141,-118.4068,12531334.0,3267.0,America/Los_Angeles,1983,11,3
1983-11-04,150,Unhealthy for Sensitive Groups,Ozone,20,Los Angeles,California,34.1141,-118.4068,12531334.0,3267.0,America/Los_Angeles,1983,11,4
1983-11-05,143,Unhealthy for Sensitive Groups,CO,20,Los Angeles,California,34.1141,-118.4068,12531334.0,3267.0,America/Los_Angeles,1983,11,5
1983-11-06,216,Very Unhealthy,Ozone,20,Los Angeles,California,34.1141,-118.4068,12531334.0,3267.0,America/Los_Angeles,1983,11,6
1983-11-07,133,Unhealthy for Sensitive Groups,Ozone,20,Los Angeles,California,34.1141,-118.4068,12531334.0,3267.0,America/Los_Angeles,1983,11,7
1983-11-08,122,Unhealthy for Sensitive Groups,Ozone,20,Los Angeles,California,34.1141,-118.4068,12531334.0,3267.0,America/Los_Angeles,1983,11,8
1983-11-09,156,Unhealthy,Ozone,20,Los Angeles,California,34.1141,-118.4068,12531334.0,3267.0,America/Los_Angeles,1983,11,9
1983-11-10,120,Unhealthy for Sensitive Groups,NO2,20,Los Angeles,California,34.1141,-118.4068,12531334.0,3267.0,America/Los_Angeles,1983,11,10
1983-11-11,100,Moderate,NO2,20,Los Angeles,California,34.1141,-118.4068,12531334.0,3267.0,America/Los_Angeles,1983,11,11
1983-11-12,69,Moderate,CO,20,Los Angeles,California,34.1141,-118.4068,12531334.0,3267.0,America/Los_Angeles,1983,11,12
1983-11-13,76,Moderate,CO,20,Los Angeles,California,34.1141,-118.4068,12531334.0,3267.0,America/Los_Angeles,1983,11,13
1983-11-14,103,Unhealthy for Sensitive Groups,NO2,20,Los Angeles,California,34.1141,-118.4068,12531334.0,3267.0,America/Los_Angeles,1983,11,14
1983-11-15,114,Unhealthy for Sensitive Groups,NO2,20,Los Angeles,California,34.1141,-118.4068,12531334.0,3267.0,America/Los_Angeles,1983,11,15
1983-11-16,112,Unhealthy for Sensitive Groups,NO2,20,Los Angeles,California,34.1141,-118.4068,12531334.0,3267.0,America/Los_Angeles,1983,11,16
1983-11-17,100,Moderate,NO2,20,Los Angeles,California,34.1141,-118.4068,12531334.0,3267.0,America/Los_Angeles,1983,11,17
1983-11-18,79,Moderate,NO2,20,Los Angeles,California,34.1141,-118.4068,12531334.0,3267.0,America/Los_Angeles,1983,11,18
1983-11-19,103,Unhealthy for Sensitive Groups,NO2,19,Los Angeles,California,34.1141,-118.4068,12531334.0,3267.0,America/Los_Angeles,1983,11,19
1983-11-20,82,Moderate,CO,19,Los Angeles,California,34.1141,-118.4068,12531334.0,3267.0,America/Los_Angeles,1983,11,20
1983-11-21,66,Moderate,CO,19,Los Angeles,California,34.1141,-118.4068,12531334.0,3267.0,America/Los_Angeles,1983,11,21
1983-11-22,105,Unhealthy for Sensitive Groups,NO2,20,Los Angeles,California,34.1141,-118.4068,12531334.0,3267.0,America/Los_Angeles,1983,11,22
1983-11-23,108,Unhealthy for Sensitive Groups,NO2,20,Los Angeles,California,34.1141,-118.4068,12531334.0,3267.0,America/Los_Angeles,1983,11,23
1983-11-24,109,Unhealthy for Sensitive Groups,CO,20,Los Angeles,California,34.1141,-118.4068,12531334.0,3267.0,America/Los_Angeles,1983,11,24
1983-11-25,47,Good,NO2,20,Los Angeles,California,34.1141,-118.4068,12531334.0,3267.0,America/Los_Angeles,1983,11,25
1983-11-26,126,Unhealthy for Sensitive Groups,CO,20,Los Angeles,California,34.1141,-118.4068,12531334.0,3267.0,America/Los_Angeles,1983,11,26
1983-11-27,158,Unhealthy,CO,20,Los Angeles,California,34.1141,-118.4068,12531334.0,3267.0,America/Los_Angeles,1983,11,27
1983-11-28,120,Unhealthy for Sensitive Groups,CO,20,Los Angeles,California,34.1141,-118.4068,12531334.0,3267.0,America/Los_Angeles,1983,11,28
1983-11-29,143,Unhealthy for Sensitive Groups,CO,20,Los Angeles,California,34.1141,-118.4068,12531334.0,3267.0,America/Los_Angeles,1983,11,29
1983-11-30,109,Unhealthy for Sensitive Groups,CO,20,Los Angeles,California,34.1141,-118.4068,12531334.0,3267.0,America/Los_Angeles,1983,11,30
1983-12-01,87,Moderate,CO,20,Los Angeles,California,34.1141,-118.4068,12531334.0,3267.0,America/Los_Angeles,1983,12,1
1983-12-02,126,Unhealthy for Sensitive Groups,CO,20,Los Angeles,California,34.1141,-118.4068,12531334.0,3267.0,America/Los_Angeles,1983,12,2
1983-12-03,108,Unhealthy for Sensitive Groups,CO,20,Los Angeles,California,34.1141,-118.4068,12531334.0,3267.0,America/Los_Angeles,1983,12,3
1983-12-04,67,Moderate,CO,20,Los Angeles,California,34.1141,-118.4068,12531334.0,3267.0,America/Los_Angeles,1983,12,4
1983-12-05,103,Unhealthy for Sensitive Groups,NO2,20,Los Angeles,California,34.1141,-118.4068,12531334.0,3267.0,America/Los_Angeles,1983,12,5
1983-12-06,158,Unhealthy,CO,20,Los Angeles,California,34.1141,-118.4068,12531334.0,3267.0,America/Los_Angeles,1983,12,6
1983-12-07,192,Unhealthy,CO,20,Los Angeles,California,34.1141,-118.4068,12531334.0,3267.0,America/Los_Angeles,1983,12,7
1983-12-08,224,Very Unhealthy,CO,20,Los Angeles,California,34.1141,-118.4068,12531334.0,3267.0,America/Los_Angeles,1983,12,8
1983-12-09,208,Very Unhealthy,CO,20,Los Angeles,California,34.1141,-118.4068,12531334.0,3267.0,America/Los_Angeles,1983,12,9
1983-12-10,109,Unhealthy for Sensitive Groups,CO,20,Los Angeles,California,34.1141,-118.4068,12531334.0,3267.0,America/Los_Angeles,1983,12,10
1983-12-11,165,Unhealthy,CO,20,Los Angeles,California,34.1141,-118.4068,12531334.0,3267.0,America/Los_Angeles,1983,12,11
1983-12-12,103,Unhealthy for Sensitive Groups,NO2,20,Los Angeles,California,34.1141,-118.4068,12531334.0,3267.0,America/Los_Angeles,1983,12,12
1983-12-13,153,Unhealthy,CO,20,Los Angeles,California,34.1141,-118.4068,12531334.0,3267.0,America/Los_Angeles,1983,12,13
1983-12-14,124,Unhealthy for Sensitive Groups,NO2,20,Los Angeles,California,34.1141,-118.4068,12531334.0,3267.0,America/Los_Angeles,1983,12,14
1983-12-15,148,Unhealthy for Sensitive Groups,CO,20,Los Angeles,California,34.1141,-118.4068,12531334.0,3267.0,America/Los_Angeles,1983,12,15
1983-12-16,181,Unhealthy,CO,20,Los Angeles,California,34.1141,-118.4068,12531334.0,3267.0,America/Los_Angeles,1983,12,16
1983-12-17,89,Moderate,NO2,20,Los Angeles,California,34.1141,-118.4068,12531334.0,3267.0,America/Los_Angeles,1983,12,17
1983-12-18,143,Unhealthy for Sensitive Groups,CO,20,Los Angeles,California,34.1141,-118.4068,12531334.0,3267.0,America/Los_Angeles,1983,12,18
1983-12-19,116,Unhealthy for Sensitive Groups,CO,20,Los Angeles,California,34.1141,-118.4068,12531334.0,3267.0,America/Los_Angeles,1983,12,19
1983-12-20,110,Unhealthy for Sensitive Groups,NO2,20,Los Angeles,California,34.1141,-118.4068,12531334.0,3267.0,America/Los_Angeles,1983,12,20
1983-12-21,103,Unhealthy for Sensitive Groups,CO,20,Los Angeles,California,34.1141,-118.4068,12531334.0,3267.0,America/Los_Angeles,1983,12,21
1983-12-22,68,Moderate,NO2,20,Los Angeles,California,34.1141,-118.4068,12531334.0,3267.0,America/Los_Angeles,1983,12,22
1983-12-23,97,Moderate,CO,20,Los Angeles,California,34.1141,-118.4068,12531334.0,3267.0,America/Los_Angeles,1983,12,23
1983-12-24,84,Moderate,CO,20,Los Angeles,California,34.1141,-118.4068,12531334.0,3267.0,America/Los_Angeles,1983,12,24
1983-12-25,47,Good,NO2,20,Los Angeles,California,34.1141,-118.4068,12531334.0,3267.0,America/Los_Angeles,1983,12,25
1983-12-26,38,Good,NO2,20,Los Angeles,California,34.1141,-118.4068,12531334.0,3267.0,America/Los_Angeles,1983,12,26
1983-12-27,100,Moderate,NO2,20,Los Angeles,California,34.1141,-118.4068,12531334.0,3267.0,America/Los_Angeles,1983,12,27
1983-12-28,100,Moderate,CO,20,Los Angeles,California,34.1141,-118.4068,12531334.0,3267.0,America/Los_Angeles,1983,12,28
1983-12-29,105,Unhealthy for Sensitive Groups,NO2,20,Los Angeles,California,34.1141,-118.4068,12531334.0,3267.0,America/Los_Angeles,1983,12,29
1983-12-30,110,Unhealthy for Sensitive Groups,NO2,20,Los Angeles,California,34.1141,-118.4068,12531334.0,3267.0,America/Los_Angeles,1983,12,30
1983-12-31,120,Unhealthy for Sensitive Groups,NO2,20,Los Angeles,California,34.1141,-118.4068,12531334.0,3267.0,America/Los_Angeles,1983,12,31
1984-01-01,176,Unhealthy,CO,20,Los Angeles,California,34.1141,-118.4068,12531334.0,3267.0,America/Los_Angeles,1984,1,1
1984-01-02,153,Unhealthy,CO,20,Los Angeles,California,34.1141,-118.4068,12531334.0,3267.0,America/Los_Angeles,1984,1,2
1984-01-03,220,Very Unhealthy,CO,20,Los Angeles,California,34.1141,-118.4068,12531334.0,3267.0,America/Los_Angeles,1984,1,3
1984-01-04,224,Very Unhealthy,CO,20,Los Angeles,California,34.1141,-118.4068,12531334.0,3267.0,America/Los_Angeles,1984,1,4
1984-01-05,209,Very Unhealthy,CO,20,Los Angeles,California,34.1141,-118.4068,12531334.0,3267.0,America/Los_Angeles,1984,1,5
1984-01-06,145,Unhealthy for Sensitive Groups,CO,20,Los Angeles,California,34.1141,-118.4068,12531334.0,3267.0,America/Los_Angeles,1984,1,6
1984-01-07,122,Unhealthy for Sensitive Groups,NO2,20,Los Angeles,California,34.1141,-118.4068,12531334.0,3267.0,America/Los_Angeles,1984,1,7
1984-01-08,89,Moderate,NO2,20,Los Angeles,California,34.1141,-118.4068,12531334.0,3267.0,America/Los_Angeles,1984,1,8
1984-01-09,108,Unhealthy for Sensitive Groups,NO2,20,Los Angeles,California,34.1141,-118.4068,12531334.0,3267.0,America/Los_Angeles,1984,1,9
1984-01-10,171,Unhealthy,CO,20,Los Angeles,California,34.1141,-118.4068,12531334.0,3267.0,America/Los_Angeles,1984,1,10
1984-01-11,210,Very Unhealthy,CO,20,Los Angeles,California,34.1141,-118.4068,12531334.0,3267.0,America/Los_Angeles,1984,1,11
1984-01-12,229,Very Unhealthy,CO,20,Los Angeles,California,34.1141,-118.4068,12531334.0,3267.0,America/Los_Angeles,1984,1,12
1984-01-13,150,Unhealthy for Sensitive Groups,CO,20,Los Angeles,California,34.1141,-118.4068,12531334.0,3267.0,America/Los_Angeles,1984,1,13
1984-01-14,71,Moderate,CO,20,Los Angeles,California,34.1141,-118.4068,12531334.0,3267.0,America/Los_Angeles,1984,1,14
1984-01-15,116,Unhealthy for Sensitive Groups,CO,20,Los Angeles,California,34.1141,-118.4068,12531334.0,3267.0,America/Los_Angeles,1984,1,15
1984-01-16,133,Unhealthy for Sensitive Groups,CO,20,Los Angeles,California,34.1141,-118.4068,12531334.0,3267.0,America/Los_Angeles,1984,1,16
1984-01-17,142,Unhealthy for Sensitive Groups,CO,20,Los Angeles,California,34.1141,-118.4068,12531334.0,3267.0,America/Los_Angeles,1984,1,17
1984-01-18,158,Unhealthy,CO,20,Los Angeles,California,34.1141,-118.4068,12531334.0,3267.0,America/Los_Angeles,1984,1,18
1984-01-19,131,Unhealthy for Sensitive Groups,CO,20,Los Angeles,California,34.1141,-118.4068,12531334.0,3267.0,America/Los_Angeles,1984,1,19
1984-01-20,136,Unhealthy for Sensitive Groups,CO,20,Los Angeles,California,34.1141,-118.4068,12531334.0,3267.0,America/Los_Angeles,1984,1,20
1984-01-21,105,Unhealthy for Sensitive Groups,NO2,20,Los Angeles,California,34.1141,-118.4068,12531334.0,3267.0,America/Los_Angeles,1984,1,21
1984-01-22,104,Unhealthy for Sensitive Groups,CO,20,Los Angeles,California,34.1141,-118.4068,12531334.0,3267.0,America/Los_Angeles,1984,1,22
1984-01-23,142,Unhealthy for Sensitive Groups,CO,20,Los Angeles,California,34.1141,-118.4068,12531334.0,3267.0,America/Los_Angeles,1984,1,23
1984-01-24,207,Very Unhealthy,CO,20,Los Angeles,California,34.1141,-118.4068,12531334.0,3267.0,America/Los_Angeles,1984,1,24
1984-01-25,218,Very Unhealthy,CO,20,Los Angeles,California,34.1141,-118.4068,12531334.0,3267.0,America/Los_Angeles,1984,1,25
1984-01-26,165,Unhealthy,CO,20,Los Angeles,California,34.1141,-118.4068,12531334.0,3267.0,America/Los_Angeles,1984,1,26
1984-01-27,128,Unhealthy for Sensitive Groups,CO,20,Los Angeles,California,34.1141,-118.4068,12531334.0,3267.0,America/Los_Angeles,1984,1,27
1984-01-28,171,Unhealthy,CO,20,Los Angeles,California,34.1141,-118.4068,12531334.0,3267.0,America/Los_Angeles,1984,1,28
1984-01-29,204,Very Unhealthy,CO,20,Los Angeles,California,34.1141,-118.4068,12531334.0,3267.0,America/Los_Angeles,1984,1,29
1984-01-30,150,Unhealthy for Sensitive Groups,CO,20,Los Angeles,California,34.1141,-118.4068,12531334.0,3267.0,America/Los_Angeles,1984,1,30
1984-01-31,140,Unhealthy for Sensitive Groups,CO,20,Los Angeles,California,34.1141,-118.4068,12531334.0,3267.0,America/Los_Angeles,1984,1,31
1984-02-01,79,Moderate,NO2,20,Los Angeles,California,34.1141,-118.4068,12531334.0,3267.0,America/Los_Angeles,1984,2,1
1984-02-02,111,Unhealthy for Sensitive Groups,CO,19,Los Angeles,California,34.1141,-118.4068,12531334.0,3267.0,America/Los_Angeles,1984,2,2
1984-02-03,133,Unhealthy for Sensitive Groups,CO,20,Los Angeles,California,34.1141,-118.4068,12531334.0,3267.0,America/Los_Angeles,1984,2,3
1984-02-04,166,Unhealthy,Ozone,20,Los Angeles,California,34.1141,-118.4068,12531334.0,3267.0,America/Los_Angeles,1984,2,4
1984-02-05,214,Very Unhealthy,Ozone,20,Los Angeles,California,34.1141,-118.4068,12531334.0,3267.0,America/Los_Angeles,1984,2,5
1984-02-06,150,Unhealthy for Sensitive Groups,CO,20,Los Angeles,California,34.1141,-118.4068,12531334.0,3267.0,America/Los_Angeles,1984,2,6
1984-02-07,192,Unhealthy,Ozone,20,Los Angeles,California,34.1141,-118.4068,12531334.0,3267.0,America/Los_Angeles,1984,2,7
1984-02-08,154,Unhealthy,Ozone,20,Los Angeles,California,34.1141,-118.4068,12531334.0,3267.0,America/Los_Angeles,1984,2,8
1984-02-09,110,Unhealthy for Sensitive Groups,NO2,20,Los Angeles,California,34.1141,-118.4068,12531334.0,3267.0,America/Los_Angeles,1984,2,9
1984-02-10,79,Moderate,NO2,20,Los Angeles,California,34.1141,-118.4068,12531334.0,3267.0,America/Los_Angeles,1984,2,10
1984-02-11,89,Moderate,NO2,20,Los Angeles,California,34.1141,-118.4068,12531334.0,3267.0,America/Los_Angeles,1984,2,11
1984-02-12,114,Unhealthy for Sensitive Groups,NO2,20,Los Angeles,California,34.1141,-118.4068,12531334.0,3267.0,America/Los_Angeles,1984,2,12
1984-02-13,128,Unhealthy for Sensitive Groups,CO,20,Los Angeles,California,34.1141,-118.4068,12531334.0,3267.0,America/Los_Angeles,1984,2,13
1984-02-14,89,Moderate,NO2,20,Los Angeles,California,34.1141,-118.4068,12531334.0,3267.0,America/Los_Angeles,1984,2,14
1984-02-15,128,Unhealthy for Sensitive Groups,CO,20,Los Angeles,California,34.1141,-118.4068,12531334.0,3267.0,America/Los_Angeles,1984,2,15
1984-02-16,100,Moderate,NO2,20,Los Angeles,California,34.1141,-118.4068,12531334.0,3267.0,America/Los_Angeles,1984,2,16
1984-02-17,68,Moderate,NO2,20,Los Angeles,California,34.1141,-118.4068,12531334.0,3267.0,America/Los_Angeles,1984,2,17
1984-02-18,89,Moderate,NO2,20,Los Angeles,California,34.1141,-118.4068,12531334.0,3267.0,America/Los_Angeles,1984,2,18
1984-02-19,104,Unhealthy for Sensitive Groups,CO,20,Los Angeles,California,34.1141,-118.4068,12531334.0,3267.0,America/Los_Angeles,1984,2,19
1984-02-20,126,Unhealthy for Sensitive Groups,CO,20,Los Angeles,California,34.1141,-118.4068,12531334.0,3267.0,America/Los_Angeles,1984,2,20
1984-02-21,110,Unhealthy for Sensitive Groups,NO2,20,Los Angeles,California,34.1141,-118.4068,12531334.0,3267.0,America/Los_Angeles,1984,2,21
1984-02-22,105,Unhealthy for Sensitive Groups,NO2,20,Los Angeles,California,34.1141,-118.4068,12531334.0,3267.0,America/Los_Angeles,1984,2,22
1984-02-23,110,Unhealthy for Sensitive Groups,NO2,20,Los Angeles,California,34.1141,-118.4068,12531334.0,3267.0,America/Los_Angeles,1984,2,23
1984-02-24,110,Unhealthy for Sensitive Groups,NO2,20,Los Angeles,California,34.1141,-118.4068,12531334.0,3267.0,America/Los_Angeles,1984,2,24
1984-02-25,79,Moderate,NO2,20,Los Angeles,California,34.1141,-118.4068,12531334.0,3267.0,America/Los_Angeles,1984,2,25
1984-02-26,100,Moderate,NO2,20,Los Angeles,California,34.1141,-118.4068,12531334.0,3267.0,America/Los_Angeles,1984,2,26
1984-02-27,105,Unhealthy for Sensitive Groups,NO2,20,Los Angeles,California,34.1141,-118.4068,12531334.0,3267.0,America/Los_Angeles,1984,2,27
1984-02-28,114,Unhealthy for Sensitive Groups,NO2,20,Los Angeles,California,34.1141,-118.4068,12531334.0,3267.0,America/Los_Angeles,1984,2,28
1984-02-29,115,Unhealthy for Sensitive Groups,Ozone,20,Los Angeles,California,34.1141,-118.4068,12531334.0,3267.0,America/Los_Angeles,1984,2,29
1984-03-01,164,Unhealthy,Ozone,20,Los Angeles,California,34.1141,-118.4068,12531334.0,3267.0,America/Los_Angeles,1984,3,1
1984-03-02,206,Very Unhealthy,Ozone,20,Los Angeles,California,34.1141,-118.4068,12531334.0,3267.0,America/Los_Angeles,1984,3,2
1984-03-03,243,Very Unhealthy,Ozone,20,Los Angeles,California,34.1141,-118.4068,12531334.0,3267.0,America/Los_Angeles,1984,3,3
1984-03-04,282,Very Unhealthy,Ozone,20,Los Angeles,California,34.1141,-118.4068,12531334.0,3267.0,America/Los_Angeles,1984,3,4
1984-03-05,108,Unhealthy for Sensitive Groups,NO2,20,Los Angeles,California,34.1141,-118.4068,12531334.0,3267.0,America/Los_Angeles,1984,3,5
1984-03-06,114,Unhealthy for Sensitive Groups,NO2,20,Los Angeles,California,34.1141,-118.4068,12531334.0,3267.0,America/Los_Angeles,1984,3,6
1984-03-07,133,Unhealthy for Sensitive Groups,NO2,20,Los Angeles,California,34.1141,-118.4068,12531334.0,3267.0,America/Los_Angeles,1984,3,7
1984-03-08,166,Unhealthy,Ozone,20,Los Angeles,California,34.1141,-118.4068,12531334.0,3267.0,America/Los_Angeles,1984,3,8
1984-03-09,161,Unhealthy,Ozone,20,Los Angeles,California,34.1141,-118.4068,12531334.0,3267.0,America/Los_Angeles,1984,3,9
1984-03-10,216,Very Unhealthy,Ozone,20,Los Angeles,California,34.1141,-118.4068,12531334.0,3267.0,America/Los_Angeles,1984,3,10
1984-03-11,221,Very Unhealthy,Ozone,20,Los Angeles,California,34.1141,-118.4068,12531334.0,3267.0,America/Los_Angeles,1984,3,11
1984-03-12,100,Moderate,NO2,20,Los Angeles,California,34.1141,-118.4068,12531334.0,3267.0,America/Los_Angeles,1984,3,12
1984-03-13,100,Moderate,Ozone,20,Los Angeles,California,34.1141,-118.4068,12531334.0,3267.0,America/Los_Angeles,1984,3,13
1984-03-14,47,Good,NO2,20,Los Angeles,California,34.1141,-118.4068,12531334.0,3267.0,America/Los_Angeles,1984,3,14
1984-03-15,68,Moderate,NO2,20,Los Angeles,California,34.1141,-118.4068,12531334.0,3267.0,America/Los_Angeles,1984,3,15
1984-03-16,105,Unhealthy for Sensitive Groups,Ozone,20,Los Angeles,California,34.1141,-118.4068,12531334.0,3267.0,America/Los_Angeles,1984,3,16
1984-03-17,69,Moderate,CO,20,Los Angeles,California,34.1141,-118.4068,12531334.0,3267.0,America/Los_Angeles,1984,3,17
1984-03-18,100,Moderate,NO2,20,Los Angeles,California,34.1141,-118.4068,12531334.0,3267.0,America/Los_Angeles,1984,3,18
1984-03-19,147,Unhealthy for Sensitive Groups,Ozone,20,Los Angeles,California,34.1141,-118.4068,12531334.0,3267.0,America/Los_Angeles,1984,3,19
1984-03-20,177,Unhealthy,Ozone,20,Los Angeles,California,34.1141,-118.4068,12531334.0,3267.0,America/Los_Angeles,1984,3,20
1984-03-21,179,Unhealthy,Ozone,20,Los Angeles,California,34.1141,-118.4068,12531334.0,3267.0,America/Los_Angeles,1984,3,21
1984-03-22,164,Unhealthy,Ozone,20,Los Angeles,California,34.1141,-118.4068,12531334.0,3267.0,America/Los_Angeles,1984,3,22
1984-03-23,112,Unhealthy for Sensitive Groups,NO2,20,Los Angeles,California,34.1141,-118.4068,12531334.0,3267.0,America/Los_Angeles,1984,3,23
1984-03-24,182,Unhealthy,Ozone,20,Los Angeles,California,34.1141,-118.4068,12531334.0,3267.0,America/Los_Angeles,1984,3,24
1984-03-25,164,Unhealthy,Ozone,20,Los Angeles,California,34.1141,-118.4068,12531334.0,3267.0,America/Los_Angeles,1984,3,25
1984-03-26,79,Moderate,NO2,20,Los Angeles,California,34.1141,-118.4068,12531334.0,3267.0,America/Los_Angeles,1984,3,26
1984-03-27,133,Unhealthy for Sensitive Groups,Ozone,20,Los Angeles,California,34.1141,-118.4068,12531334.0,3267.0,America/Los_Angeles,1984,3,27
1984-03-28,143,Unhealthy for Sensitive Groups,Ozone,19,Los Angeles,California,34.1141,-118.4068,12531334.0,3267.0,America/Los_Angeles,1984,3,28
1984-03-29,110,Unhealthy for Sensitive Groups,NO2,19,Los Angeles,California,34.1141,-118.4068,12531334.0,3267.0,America/Los_Angeles,1984,3,29
1984-03-30,79,Moderate,NO2,20,Los Angeles,California,34.1141,-118.4068,12531334.0,3267.0,America/Los_Angeles,1984,3,30
1984-03-31,79,Moderate,NO2,20,Los Angeles,California,34.1141,-118.4068,12531334.0,3267.0,America/Los_Angeles,1984,3,31
1984-04-01,47,Good,NO2,19,Los Angeles,California,34.1141,-118.4068,12531334.0,3267.0,America/Los_Angeles,1984,4,1
1984-04-02,93,Moderate,Ozone,19,Los Angeles,California,34.1141,-118.4068,12531334.0,3267.0,America/Los_Angeles,1984,4,2
1984-04-03,150,Unhealthy for Sensitive Groups,Ozone,19,Los Angeles,California,34.1141,-118.4068,12531334.0,3267.0,America/Los_Angeles,1984,4,3
1984-04-04,79,Moderate,NO2,19,Los Angeles,California,34.1141,-118.4068,12531334.0,3267.0,America/Los_Angeles,1984,4,4
1984-04-05,68,Moderate,NO2,18,Los Angeles,California,34.1141,-118.4068,12531334.0,3267.0,America/Los_Angeles,1984,4,5
1984-04-06,57,Moderate,NO2,18,Los Angeles,California,34.1141,-118.4068,12531334.0,3267.0,America/Los_Angeles,1984,4,6
1984-04-07,105,Unhealthy for Sensitive Groups,Ozone,19,Los Angeles,California,34.1141,-118.4068,12531334.0,3267.0,America/Los_Angeles,1984,4,7
1984-04-08,122,Unhealthy for Sensitive Groups,Ozone,19,Los Angeles,California,34.1141,-118.4068,12531334.0,3267.0,America/Los_Angeles,1984,4,8
1984-04-09,79,Moderate,NO2,19,Los Angeles,California,34.1141,-118.4068,12531334.0,3267.0,America/Los_Angeles,1984,4,9
1984-04-10,105,Unhealthy for Sensitive Groups,NO2,19,Los Angeles,California,34.1141,-118.4068,12531334.0,3267.0,America/Los_Angeles,1984,4,10
1984-04-11,101,Unhealthy for Sensitive Groups,Ozone,19,Los Angeles,California,34.1141,-118.4068,12531334.0,3267.0,America/Los_Angeles,1984,4,11
1984-04-12,208,Very Unhealthy,Ozone,19,Los Angeles,California,34.1141,-118.4068,12531334.0,3267.0,America/Los_Angeles,1984,4,12
1984-04-13,256,Very Unhealthy,Ozone,19,Los Angeles,California,34.1141,-118.4068,12531334.0,3267.0,America/Los_Angeles,1984,4,13
1984-04-14,293,Very Unhealthy,Ozone,19,Los Angeles,California,34.1141,-118.4068,12531334.0,3267.0,America/Los_Angeles,1984,4,14
1984-04-15,237,Very Unhealthy,Ozone,19,Los Angeles,California,34.1141,-118.4068,12531334.0,3267.0,America/Los_Angeles,1984,4,15
1984-04-16,200,Unhealthy,Ozone,19,Los Angeles,California,34.1141,-118.4068,12531334.0,3267.0,America/Los_Angeles,1984,4,16
1984-04-17,115,Unhealthy for Sensitive Groups,Ozone,19,Los Angeles,California,34.1141,-118.4068,12531334.0,3267.0,America/Los_Angeles,1984,4,17
1984-04-18,126,Unhealthy for Sensitive Groups,Ozone,19,Los Angeles,California,34.1141,-118.4068,12531334.0,3267.0,America/Los_Angeles,1984,4,18
1984-04-19,47,Good,NO2,19,Los Angeles,California,34.1141,-118.4068,12531334.0,3267.0,America/Los_Angeles,1984,4,19
1984-04-20,68,Moderate,NO2,19,Los Angeles,California,34.1141,-118.4068,12531334.0,3267.0,America/Los_Angeles,1984,4,20
1984-04-21,79,Moderate,NO2,19,Los Angeles,California,34.1141,-118.4068,12531334.0,3267.0,America/Los_Angeles,1984,4,21
1984-04-22,201,Very Unhealthy,Ozone,19,Los Angeles,California,34.1141,-118.4068,12531334.0,3267.0,America/Los_Angeles,1984,4,22
1984-04-23,206,Very Unhealthy,Ozone,19,Los Angeles,California,34.1141,-118.4068,12531334.0,3267.0,America/Los_Angeles,1984,4,23
1984-04-24,119,Unhealthy for Sensitive Groups,Ozone,19,Los Angeles,California,34.1141,-118.4068,12531334.0,3267.0,America/Los_Angeles,1984,4,24
1984-04-25,57,Moderate,NO2,19,Los Angeles,California,34.1141,-118.4068,12531334.0,3267.0,America/Los_Angeles,1984,4,25
1984-04-26,57,Moderate,NO2,19,Los Angeles,California,34.1141,-118.4068,12531334.0,3267.0,America/Los_Angeles,1984,4,26
1984-04-27,89,Moderate,NO2,19,Los Angeles,California,34.1141,-118.4068,12531334.0,3267.0,America/Los_Angeles,1984,4,27
1984-04-28,87,Moderate,CO,19,Los Angeles,California,34.1141,-118.4068,12531334.0,3267.0,America/Los_Angeles,1984,4,28
1984-04-29,90,Moderate,Ozone,19,Los Angeles,California,34.1141,-118.4068,12531334.0,3267.0,America/Los_Angeles,1984,4,29
1984-04-30,90,Moderate,Ozone,19,Los Angeles,California,34.1141,-118.4068,12531334.0,3267.0,America/Los_Angeles,1984,4,30
1984-05-01,101,Unhealthy for Sensitive Groups,Ozone,19,Los Angeles,California,34.1141,-118.4068,12531334.0,3267.0,America/Los_Angeles,1984,5,1
1984-05-02,93,Moderate,Ozone,19,Los Angeles,California,34.1141,-118.4068,12531334.0,3267.0,America/Los_Angeles,1984,5,2
1984-05-03,143,Unhealthy for Sensitive Groups,Ozone,19,Los Angeles,California,34.1141,-118.4068,12531334.0,3267.0,America/Los_Angeles,1984,5,3
1984-05-04,89,Moderate,NO2,19,Los Angeles,California,34.1141,-118.4068,12531334.0,3267.0,America/Los_Angeles,1984,5,4
1984-05-05,136,Unhealthy for Sensitive Groups,Ozone,19,Los Angeles,California,34.1141,-118.4068,12531334.0,3267.0,America/Los_Angeles,1984,5,5
1984-05-06,221,Very Unhealthy,Ozone,18,Los Angeles,California,34.1141,-118.4068,12531334.0,3267.0,America/Los_Angeles,1984,5,6
1984-05-07,243,Very Unhealthy,Ozone,18,Los Angeles,California,34.1141,-118.4068,12531334.0,3267.0,America/Los_Angeles,1984,5,7
1984-05-08,235,Very Unhealthy,Ozone,19,Los Angeles,California,34.1141,-118.4068,12531334.0,3267.0,America/Los_Angeles,1984,5,8
1984-05-09,261,Very Unhealthy,Ozone,18,Los Angeles,California,34.1141,-118.4068,12531334.0,3267.0,America/Los_Angeles,1984,5,9
1984-05-10,248,Very Unhealthy,Ozone,19,Los Angeles,California,34.1141,-118.4068,12531334.0,3267.0,America/Los_Angeles,1984,5,10
1984-05-11,259,Very Unhealthy,Ozone,20,Los Angeles,California,34.1141,-118.4068,12531334.0,3267.0,America/Los_Angeles,1984,5,11
1984-05-12,272,Very Unhealthy,Ozone,20,Los Angeles,California,34.1141,-118.4068,12531334.0,3267.0,America/Los_Angeles,1984,5,12
1984-05-13,295,Very Unhealthy,Ozone,20,Los Angeles,California,34.1141,-118.4068,12531334.0,3267.0,America/Los_Angeles,1984,5,13
1984-05-14,156,Unhealthy,Ozone,19,Los Angeles,California,34.1141,-118.4068,12531334.0,3267.0,America/Los_Angeles,1984,5,14
1984-05-15,105,Unhealthy for Sensitive Groups,Ozone,20,Los Angeles,California,34.1141,-118.4068,12531334.0,3267.0,America/Los_Angeles,1984,5,15
1984-05-16,195,Unhealthy,Ozone,20,Los Angeles,California,34.1141,-118.4068,12531334.0,3267.0,America/Los_Angeles,1984,5,16
1984-05-17,224,Very Unhealthy,Ozone,20,Los Angeles,California,34.1141,-118.4068,12531334.0,3267.0,America/Los_Angeles,1984,5,17
1984-05-18,239,Very Unhealthy,Ozone,20,Los Angeles,California,34.1141,-118.4068,12531334.0,3267.0,America/Los_Angeles,1984,5,18
1984-05-19,248,Very Unhealthy,Ozone,20,Los Angeles,California,34.1141,-118.4068,12531334.0,3267.0,America/Los_Angeles,1984,5,19
1984-05-20,216,Very Unhealthy,Ozone,20,Los Angeles,California,34.1141,-118.4068,12531334.0,3267.0,America/Los_Angeles,1984,5,20
1984-05-21,219,Very Unhealthy,Ozone,20,Los Angeles,California,34.1141,-118.4068,12531334.0,3267.0,America/Los_Angeles,1984,5,21
1984-05-22,244,Very Unhealthy,Ozone,20,Los Angeles,California,34.1141,-118.4068,12531334.0,3267.0,America/Los_Angeles,1984,5,22
1984-05-23,243,Very Unhealthy,Ozone,20,Los Angeles,California,34.1141,-118.4068,12531334.0,3267.0,America/Los_Angeles,1984,5,23
1984-05-24,253,Very Unhealthy,Ozone,20,Los Angeles,California,34.1141,-118.4068,12531334.0,3267.0,America/Los_Angeles,1984,5,24
1984-05-25,269,Very Unhealthy,Ozone,20,Los Angeles,California,34.1141,-118.4068,12531334.0,3267.0,America/Los_Angeles,1984,5,25
1984-05-26,263,Very Unhealthy,Ozone,20,Los Angeles,California,34.1141,-118.4068,12531334.0,3267.0,America/Los_Angeles,1984,5,26
1984-05-27,269,Very Unhealthy,Ozone,20,Los Angeles,California,34.1141,-118.4068,12531334.0,3267.0,America/Los_Angeles,1984,5,27
1984-05-28,251,Very Unhealthy,Ozone,20,Los Angeles,California,34.1141,-118.4068,12531334.0,3267.0,America/Los_Angeles,1984,5,28
1984-05-29,195,Unhealthy,Ozone,20,Los Angeles,California,34.1141,-118.4068,12531334.0,3267.0,America/Los_Angeles,1984,5,29
1984-05-30,219,Very Unhealthy,Ozone,20,Los Angeles,California,34.1141,-118.4068,12531334.0,3267.0,America/Los_Angeles,1984,5,30
1984-05-31,210,Very Unhealthy,Ozone,20,Los Angeles,California,34.1141,-118.4068,12531334.0,3267.0,America/Los_Angeles,1984,5,31
1984-06-01,206,Very Unhealthy,Ozone,20,Los Angeles,California,34.1141,-118.4068,12531334.0,3267.0,America/Los_Angeles,1984,6,1
1984-06-02,223,Very Unhealthy,Ozone,20,Los Angeles,California,34.1141,-118.4068,12531334.0,3267.0,America/Los_Angeles,1984,6,2
1984-06-03,164,Unhealthy,Ozone,20,Los Angeles,California,34.1141,-118.4068,12531334.0,3267.0,America/Los_Angeles,1984,6,3
1984-06-04,140,Unhealthy for Sensitive Groups,Ozone,20,Los Angeles,California,34.1141,-118.4068,12531334.0,3267.0,America/Los_Angeles,1984,6,4
1984-06-05,108,Unhealthy for Sensitive Groups,Ozone,20,Los Angeles,California,34.1141,-118.4068,12531334.0,3267.0,America/Los_Angeles,1984,6,5
1984-06-06,49,Good,Ozone,20,Los Angeles,California,34.1141,-118.4068,12531334.0,3267.0,America/Los_Angeles,1984,6,6
1984-06-07,106,Unhealthy for Sensitive Groups,NO2,20,Los Angeles,California,34.1141,-118.4068,12531334.0,3267.0,America/Los_Angeles,1984,6,7
1984-06-08,151,Unhealthy,Ozone,20,Los Angeles,California,34.1141,-118.4068,12531334.0,3267.0,America/Los_Angeles,1984,6,8
1984-06-09,244,Very Unhealthy,Ozone,20,Los Angeles,California,34.1141,-118.4068,12531334.0,3267.0,America/Los_Angeles,1984,6,9
1984-06-10,192,Unhealthy,Ozone,20,Los Angeles,California,34.1141,-118.4068,12531334.0,3267.0,America/Los_Angeles,1984,6,10
1984-06-11,187,Unhealthy,Ozone,20,Los Angeles,California,34.1141,-118.4068,12531334.0,3267.0,America/Los_Angeles,1984,6,11
1984-06-12,201,Very Unhealthy,Ozone,20,Los Angeles,California,34.1141,-118.4068,12531334.0,3267.0,America/Los_Angeles,1984,6,12
1984-06-13,182,Unhealthy,Ozone,20,Los Angeles,California,34.1141,-118.4068,12531334.0,3267.0,America/Los_Angeles,1984,6,13
1984-06-14,101,Unhealthy for Sensitive Groups,Ozone,20,Los Angeles,California,34.1141,-118.4068,12531334.0,3267.0,America/Los_Angeles,1984,6,14
1984-06-15,151,Unhealthy,Ozone,20,Los Angeles,California,34.1141,-118.4068,12531334.0,3267.0,America/Los_Angeles,1984,6,15
1984-06-16,219,Very Unhealthy,Ozone,20,Los Angeles,California,34.1141,-118.4068,12531334.0,3267.0,America/Los_Angeles,1984,6,16
1984-06-17,269,Very Unhealthy,Ozone,20,Los Angeles,California,34.1141,-118.4068,12531334.0,3267.0,America/Los_Angeles,1984,6,17
1984-06-18,214,Very Unhealthy,Ozone,20,Los Angeles,California,34.1141,-118.4068,12531334.0,3267.0,America/Los_Angeles,1984,6,18
1984-06-19,179,Unhealthy,Ozone,20,Los Angeles,California,34.1141,-118.4068,12531334.0,3267.0,America/Los_Angeles,1984,6,19
1984-06-20,216,Very Unhealthy,Ozone,20,Los Angeles,California,34.1141,-118.4068,12531334.0,3267.0,America/Los_Angeles,1984,6,20
1984-06-21,217,Very Unhealthy,Ozone,20,Los Angeles,California,34.1141,-118.4068,12531334.0,3267.0,America/Los_Angeles,1984,6,21
1984-06-22,217,Very Unhealthy,Ozone,20,Los Angeles,California,34.1141,-118.4068,12531334.0,3267.0,America/Los_Angeles,1984,6,22
1984-06-23,238,Very Unhealthy,Ozone,20,Los Angeles,California,34.1141,-118.4068,12531334.0,3267.0,America/Los_Angeles,1984,6,23
1984-06-24,122,Unhealthy for Sensitive Groups,Ozone,20,Los Angeles,California,34.1141,-118.4068,12531334.0,3267.0,America/Los_Angeles,1984,6,24
1984-06-25,229,Very Unhealthy,Ozone,20,Los Angeles,California,34.1141,-118.4068,12531334.0,3267.0,America/Los_Angeles,1984,6,25
1984-06-26,234,Very Unhealthy,Ozone,20,Los Angeles,California,34.1141,-118.4068,12531334.0,3267.0,America/Los_Angeles,1984,6,26
1984-06-27,256,Very Unhealthy,Ozone,20,Los Angeles,California,34.1141,-118.4068,12531334.0,3267.0,America/Los_Angeles,1984,6,27
1984-06-28,287,Very Unhealthy,Ozone,20,Los Angeles,California,34.1141,-118.4068,12531334.0,3267.0,America/Los_Angeles,1984,6,28
1984-06-29,281,Very Unhealthy,Ozone,20,Los Angeles,California,34.1141,-118.4068,12531334.0,3267.0,America/Los_Angeles,1984,6,29
1984-06-30,261,Very Unhealthy,Ozone,20,Los Angeles,California,34.1141,-118.4068,12531334.0,3267.0,America/Los_Angeles,1984,6,30
1984-07-01,284,Very Unhealthy,Ozone,21,Los Angeles,California,34.1141,-118.4068,12531334.0,3267.0,America/Los_Angeles,1984,7,1
1984-07-02,276,Very Unhealthy,Ozone,21,Los Angeles,California,34.1141,-118.4068,12531334.0,3267.0,America/Los_Angeles,1984,7,2
1984-07-03,260,Very Unhealthy,Ozone,21,Los Angeles,California,34.1141,-118.4068,12531334.0,3267.0,America/Los_Angeles,1984,7,3
1984-07-04,281,Very Unhealthy,Ozone,21,Los Angeles,California,34.1141,-118.4068,12531334.0,3267.0,America/Los_Angeles,1984,7,4
1984-07-05,282,Very Unhealthy,Ozone,21,Los Angeles,California,34.1141,-118.4068,12531334.0,3267.0,America/Los_Angeles,1984,7,5
1984-07-06,285,Very Unhealthy,Ozone,21,Los Angeles,California,34.1141,-118.4068,12531334.0,3267.0,America/Los_Angeles,1984,7,6
1984-07-07,255,Very Unhealthy,Ozone,21,Los Angeles,California,34.1141,-118.4068,12531334.0,3267.0,America/Los_Angeles,1984,7,7
1984-07-08,281,Very Unhealthy,Ozone,21,Los Angeles,California,34.1141,-118.4068,12531334.0,3267.0,America/Los_Angeles,1984,7,8
1984-07-09,277,Very Unhealthy,Ozone,20,Los Angeles,California,34.1141,-118.4068,12531334.0,3267.0,America/Los_Angeles,1984,7,9
1984-07-10,277,Very Unhealthy,Ozone,21,Los Angeles,California,34.1141,-118.4068,12531334.0,3267.0,America/Los_Angeles,1984,7,10
1984-07-11,296,Very Unhealthy,Ozone,21,Los Angeles,California,34.1141,-118.4068,12531334.0,3267.0,America/Los_Angeles,1984,7,11
1984-07-12,269,Very Unhealthy,Ozone,21,Los Angeles,California,34.1141,-118.4068,12531334.0,3267.0,America/Los_Angeles,1984,7,12
1984-07-13,300,Very Unhealthy,Ozone,21,Los Angeles,California,34.1141,-118.4068,12531334.0,3267.0,America/Los_Angeles,1984,7,13
1984-07-14,228,Very Unhealthy,Ozone,21,Los Angeles,California,34.1141,-118.4068,12531334.0,3267.0,America/Los_Angeles,1984,7,14
1984-07-15,265,Very Unhealthy,Ozone,21,Los Angeles,California,34.1141,-118.4068,12531334.0,3267.0,America/Los_Angeles,1984,7,15
1984-07-16,235,Very Unhealthy,Ozone,21,Los Angeles,California,34.1141,-118.4068,12531334.0,3267.0,America/Los_Angeles,1984,7,16
1984-07-17,266,Very Unhealthy,Ozone,21,Los Angeles,California,34.1141,-118.4068,12531334.0,3267.0,America/Los_Angeles,1984,7,17
1984-07-18,208,Very Unhealthy,Ozone,21,Los Angeles,California,34.1141,-118.4068,12531334.0,3267.0,America/Los_Angeles,1984,7,18
1984-07-19,209,Very Unhealthy,Ozone,21,Los Angeles,California,34.1141,-118.4068,12531334.0,3267.0,America/Los_Angeles,1984,7,19
1984-07-20,205,Very Unhealthy,Ozone,21,Los Angeles,California,34.1141,-118.4068,12531334.0,3267.0,America/Los_Angeles,1984,7,20
1984-07-21,164,Unhealthy,Ozone,21,Los Angeles,California,34.1141,-118.4068,12531334.0,3267.0,America/Los_Angeles,1984,7,21
1984-07-22,51,Moderate,Ozone,21,Los Angeles,California,34.1141,-118.4068,12531334.0,3267.0,America/Los_Angeles,1984,7,22
1984-07-23,154,Unhealthy,Ozone,21,Los Angeles,California,34.1141,-118.4068,12531334.0,3267.0,America/Los_Angeles,1984,7,23
1984-07-24,195,Unhealthy,Ozone,21,Los Angeles,California,34.1141,-118.4068,12531334.0,3267.0,America/Los_Angeles,1984,7,24
1984-07-25,244,Very Unhealthy,Ozone,21,Los Angeles,California,34.1141,-118.4068,12531334.0,3267.0,America/Los_Angeles,1984,7,25
1984-07-26,281,Very Unhealthy,Ozone,21,Los Angeles,California,34.1141,-118.4068,12531334.0,3267.0,America/Los_Angeles,1984,7,26
1984-07-27,203,Very Unhealthy,Ozone,21,Los Angeles,California,34.1141,-118.4068,12531334.0,3267.0,America/Los_Angeles,1984,7,27
1984-07-28,235,Very Unhealthy,Ozone,21,Los Angeles,California,34.1141,-118.4068,12531334.0,3267.0,America/Los_Angeles,1984,7,28
1984-07-29,226,Very Unhealthy,Ozone,21,Los Angeles,California,34.1141,-118.4068,12531334.0,3267.0,America/Los_Angeles,1984,7,29
1984-07-30,212,Very Unhealthy,Ozone,21,Los Angeles,California,34.1141,-118.4068,12531334.0,3267.0,America/Los_Angeles,1984,7,30
1984-07-31,223,Very Unhealthy,Ozone,21,Los Angeles,California,34.1141,-118.4068,12531334.0,3267.0,America/Los_Angeles,1984,7,31
1984-08-01,234,Very Unhealthy,Ozone,21,Los Angeles,California,34.1141,-118.4068,12531334.0,3267.0,America/Los_Angeles,1984,8,1
1984-08-02,263,Very Unhealthy,Ozone,21,Los Angeles,California,34.1141,-118.4068,12531334.0,3267.0,America/Los_Angeles,1984,8,2
1984-08-03,298,Very Unhealthy,Ozone,21,Los Angeles,California,34.1141,-118.4068,12531334.0,3267.0,America/Los_Angeles,1984,8,3
1984-08-04,279,Very Unhealthy,Ozone,21,Los Angeles,California,34.1141,-118.4068,12531334.0,3267.0,America/Los_Angeles,1984,8,4
1984-08-05,255,Very Unhealthy,Ozone,21,Los Angeles,California,34.1141,-118.4068,12531334.0,3267.0,America/Los_Angeles,1984,8,5
1984-08-06,287,Very Unhealthy,Ozone,20,Los Angeles,California,34.1141,-118.4068,12531334.0,3267.0,America/Los_Angeles,1984,8,6
1984-08-07,279,Very Unhealthy,Ozone,20,Los Angeles,California,34.1141,-118.4068,12531334.0,3267.0,America/Los_Angeles,1984,8,7
1984-08-08,291,Very Unhealthy,Ozone,21,Los Angeles,California,34.1141,-118.4068,12531334.0,3267.0,America/Los_Angeles,1984,8,8
1984-08-09,239,Very Unhealthy,Ozone,21,Los Angeles,California,34.1141,-118.4068,12531334.0,3267.0,America/Los_Angeles,1984,8,9
1984-08-10,223,Very Unhealthy,Ozone,21,Los Angeles,California,34.1141,-118.4068,12531334.0,3267.0,America/Los_Angeles,1984,8,10
1984-08-11,195,Unhealthy,Ozone,21,Los Angeles,California,34.1141,-118.4068,12531334.0,3267.0,America/Los_Angeles,1984,8,11
1984-08-12,226,Very Unhealthy,Ozone,21,Los Angeles,California,34.1141,-118.4068,12531334.0,3267.0,America/Los_Angeles,1984,8,12
1984-08-13,237,Very Unhealthy,Ozone,21,Los Angeles,California,34.1141,-118.4068,12531334.0,3267.0,America/Los_Angeles,1984,8,13
1984-08-14,228,Very Unhealthy,Ozone,21,Los Angeles,California,34.1141,-118.4068,12531334.0,3267.0,America/Los_Angeles,1984,8,14
1984-08-15,242,Very Unhealthy,Ozone,21,Los Angeles,California,34.1141,-118.4068,12531334.0,3267.0,America/Los_Angeles,1984,8,15
1984-08-16,260,Very Unhealthy,Ozone,21,Los Angeles,California,34.1141,-118.4068,12531334.0,3267.0,America/Los_Angeles,1984,8,16
1984-08-17,234,Very Unhealthy,Ozone,21,Los Angeles,California,34.1141,-118.4068,12531334.0,3267.0,America/Los_Angeles,1984,8,17
1984-08-18,133,Unhealthy for Sensitive Groups,Ozone,21,Los Angeles,California,34.1141,-118.4068,12531334.0,3267.0,America/Los_Angeles,1984,8,18
1984-08-19,174,Unhealthy,Ozone,21,Los Angeles,California,34.1141,-118.4068,12531334.0,3267.0,America/Los_Angeles,1984,8,19
1984-08-20,202,Very Unhealthy,Ozone,21,Los Angeles,California,34.1141,-118.4068,12531334.0,3267.0,America/Los_Angeles,1984,8,20
1984-08-21,221,Very Unhealthy,Ozone,21,Los Angeles,California,34.1141,-118.4068,12531334.0,3267.0,America/Los_Angeles,1984,8,21
1984-08-22,226,Very Unhealthy,Ozone,21,Los Angeles,California,34.1141,-118.4068,12531334.0,3267.0,America/Los_Angeles,1984,8,22
1984-08-23,238,Very Unhealthy,Ozone,21,Los Angeles,California,34.1141,-118.4068,12531334.0,3267.0,America/Los_Angeles,1984,8,23
1984-08-24,218,Very Unhealthy,Ozone,21,Los Angeles,California,34.1141,-118.4068,12531334.0,3267.0,America/Los_Angeles,1984,8,24
1984-08-25,161,Unhealthy,Ozone,21,Los Angeles,California,34.1141,-118.4068,12531334.0,3267.0,America/Los_Angeles,1984,8,25
1984-08-26,195,Unhealthy,Ozone,21,Los Angeles,California,34.1141,-118.4068,12531334.0,3267.0,America/Los_Angeles,1984,8,26
1984-08-27,235,Very Unhealthy,Ozone,21,Los Angeles,California,34.1141,-118.4068,12531334.0,3267.0,America/Los_Angeles,1984,8,27
1984-08-28,201,Very Unhealthy,Ozone,21,Los Angeles,California,34.1141,-118.4068,12531334.0,3267.0,America/Los_Angeles,1984,8,28
1984-08-29,271,Very Unhealthy,Ozone,21,Los Angeles,California,34.1141,-118.4068,12531334.0,3267.0,America/Los_Angeles,1984,8,29
1984-08-30,268,Very Unhealthy,Ozone,22,Los Angeles,California,34.1141,-118.4068,12531334.0,3267.0,America/Los_Angeles,1984,8,30
1984-08-31,240,Very Unhealthy,Ozone,22,Los Angeles,California,34.1141,-118.4068,12531334.0,3267.0,America/Los_Angeles,1984,8,31
1984-09-01,238,Very Unhealthy,Ozone,22,Los Angeles,California,34.1141,-118.4068,12531334.0,3267.0,America/Los_Angeles,1984,9,1
1984-09-02,261,Very Unhealthy,Ozone,22,Los Angeles,California,34.1141,-118.4068,12531334.0,3267.0,America/Los_Angeles,1984,9,2
1984-09-03,249,Very Unhealthy,Ozone,22,Los Angeles,California,34.1141,-118.4068,12531334.0,3267.0,America/Los_Angeles,1984,9,3
1984-09-04,276,Very Unhealthy,Ozone,22,Los Angeles,California,34.1141,-118.4068,12531334.0,3267.0,America/Los_Angeles,1984,9,4
1984-09-05,255,Very Unhealthy,Ozone,22,Los Angeles,California,34.1141,-118.4068,12531334.0,3267.0,America/Los_Angeles,1984,9,5
1984-09-06,247,Very Unhealthy,Ozone,21,Los Angeles,California,34.1141,-118.4068,12531334.0,3267.0,America/Los_Angeles,1984,9,6
1984-09-07,243,Very Unhealthy,Ozone,21,Los Angeles,California,34.1141,-118.4068,12531334.0,3267.0,America/Los_Angeles,1984,9,7
1984-09-08,245,Very Unhealthy,Ozone,21,Los Angeles,California,34.1141,-118.4068,12531334.0,3267.0,America/Los_Angeles,1984,9,8
1984-09-09,143,Unhealthy for Sensitive Groups,Ozone,21,Los Angeles,California,34.1141,-118.4068,12531334.0,3267.0,America/Los_Angeles,1984,9,9
1984-09-10,154,Unhealthy,Ozone,21,Los Angeles,California,34.1141,-118.4068,12531334.0,3267.0,America/Los_Angeles,1984,9,10
1984-09-11,67,Moderate,CO,22,Los Angeles,California,34.1141,-118.4068,12531334.0,3267.0,America/Los_Angeles,1984,9,11
1984-09-12,90,Moderate,Ozone,22,Los Angeles,California,34.1141,-118.4068,12531334.0,3267.0,America/Los_Angeles,1984,9,12
1984-09-13,222,Very Unhealthy,Ozone,22,Los Angeles,California,34.1141,-118.4068,12531334.0,3267.0,America/Los_Angeles,1984,9,13
1984-09-14,268,Very Unhealthy,Ozone,21,Los Angeles,California,34.1141,-118.4068,12531334.0,3267.0,America/Los_Angeles,1984,9,14
1984-09-15,222,Very Unhealthy,Ozone,21,Los Angeles,California,34.1141,-118.4068,12531334.0,3267.0,America/Los_Angeles,1984,9,15
1984-09-16,235,Very Unhealthy,Ozone,21,Los Angeles,California,34.1141,-118.4068,12531334.0,3267.0,America/Los_Angeles,1984,9,16
1984-09-17,263,Very Unhealthy,Ozone,22,Los Angeles,California,34.1141,-118.4068,12531334.0,3267.0,America/Los_Angeles,1984,9,17
1984-09-18,284,Very Unhealthy,Ozone,22,Los Angeles,California,34.1141,-118.4068,12531334.0,3267.0,America/Los_Angeles,1984,9,18
1984-09-19,268,Very Unhealthy,Ozone,22,Los Angeles,California,34.1141,-118.4068,12531334.0,3267.0,America/Los_Angeles,1984,9,19
1984-09-20,213,Very Unhealthy,Ozone,22,Los Angeles,California,34.1141,-118.4068,12531334.0,3267.0,America/Los_Angeles,1984,9,20
1984-09-21,179,Unhealthy,Ozone,22,Los Angeles,California,34.1141,-118.4068,12531334.0,3267.0,America/Los_Angeles,1984,9,21
1984-09-22,140,Unhealthy for Sensitive Groups,Ozone,22,Los Angeles,California,34.1141,-118.4068,12531334.0,3267.0,America/Los_Angeles,1984,9,22
1984-09-23,61,Moderate,Ozone,22,Los Angeles,California,34.1141,-118.4068,12531334.0,3267.0,America/Los_Angeles,1984,9,23
1984-09-24,74,Moderate,Ozone,22,Los Angeles,California,34.1141,-118.4068,12531334.0,3267.0,America/Los_Angeles,1984,9,24
1984-09-25,177,Unhealthy,Ozone,22,Los Angeles,California,34.1141,-118.4068,12531334.0,3267.0,America/Los_Angeles,1984,9,25
1984-09-26,154,Unhealthy,Ozone,21,Los Angeles,California,34.1141,-118.4068,12531334.0,3267.0,America/Los_Angeles,1984,9,26
1984-09-27,232,Very Unhealthy,Ozone,22,Los Angeles,California,34.1141,-118.4068,12531334.0,3267.0,America/Los_Angeles,1984,9,27
1984-09-28,248,Very Unhealthy,Ozone,22,Los Angeles,California,34.1141,-118.4068,12531334.0,3267.0,America/Los_Angeles,1984,9,28
1984-09-29,272,Very Unhealthy,Ozone,22,Los Angeles,California,34.1141,-118.4068,12531334.0,3267.0,America/Los_Angeles,1984,9,29
1984-09-30,108,Unhealthy for Sensitive Groups,Ozone,22,Los Angeles,California,34.1141,-118.4068,12531334.0,3267.0,America/Los_Angeles,1984,9,30
1984-10-01,68,Moderate,NO2,22,Los Angeles,California,34.1141,-118.4068,12531334.0,3267.0,America/Los_Angeles,1984,10,1
1984-10-02,105,Unhealthy for Sensitive Groups,NO2,22,Los Angeles,California,34.1141,-118.4068,12531334.0,3267.0,America/Los_Angeles,1984,10,2
1984-10-03,140,Unhealthy for Sensitive Groups,Ozone,22,Los Angeles,California,34.1141,-118.4068,12531334.0,3267.0,America/Los_Angeles,1984,10,3
1984-10-04,174,Unhealthy,Ozone,22,Los Angeles,California,34.1141,-118.4068,12531334.0,3267.0,America/Los_Angeles,1984,10,4
1984-10-05,136,Unhealthy for Sensitive Groups,Ozone,22,Los Angeles,California,34.1141,-118.4068,12531334.0,3267.0,America/Los_Angeles,1984,10,5
1984-10-06,221,Very Unhealthy,Ozone,22,Los Angeles,California,34.1141,-118.4068,12531334.0,3267.0,America/Los_Angeles,1984,10,6
1984-10-07,274,Very Unhealthy,Ozone,22,Los Angeles,California,34.1141,-118.4068,12531334.0,3267.0,America/Los_Angeles,1984,10,7
1984-10-08,224,Very Unhealthy,Ozone,22,Los Angeles,California,34.1141,-118.4068,12531334.0,3267.0,America/Los_Angeles,1984,10,8
1984-10-09,214,Very Unhealthy,Ozone,22,Los Angeles,California,34.1141,-118.4068,12531334.0,3267.0,America/Los_Angeles,1984,10,9
1984-10-10,187,Unhealthy,Ozone,22,Los Angeles,California,34.1141,-118.4068,12531334.0,3267.0,America/Los_Angeles,1984,10,10
1984-10-11,89,Moderate,NO2,22,Los Angeles,California,34.1141,-118.4068,12531334.0,3267.0,America/Los_Angeles,1984,10,11
1984-10-12,122,Unhealthy for Sensitive Groups,Ozone,22,Los Angeles,California,34.1141,-118.4068,12531334.0,3267.0,America/Los_Angeles,1984,10,12
1984-10-13,224,Very Unhealthy,Ozone,22,Los Angeles,California,34.1141,-118.4068,12531334.0,3267.0,America/Los_Angeles,1984,10,13
1984-10-14,195,Unhealthy,Ozone,22,Los Angeles,California,34.1141,-118.4068,12531334.0,3267.0,America/Los_Angeles,1984,10,14
1984-10-15,103,Unhealthy for Sensitive Groups,NO2,22,Los Angeles,California,34.1141,-118.4068,12531334.0,3267.0,America/Los_Angeles,1984,10,15
1984-10-16,100,Moderate,NO2,21,Los Angeles,California,34.1141,-118.4068,12531334.0,3267.0,America/Los_Angeles,1984,10,16
1984-10-17,68,Moderate,NO2,22,Los Angeles,California,34.1141,-118.4068,12531334.0,3267.0,America/Los_Angeles,1984,10,17
1984-10-18,100,Moderate,NO2,22,Los Angeles,California,34.1141,-118.4068,12531334.0,3267.0,America/Los_Angeles,1984,10,18
1984-10-19,106,Unhealthy for Sensitive Groups,NO2,22,Los Angeles,California,34.1141,-118.4068,12531334.0,3267.0,America/Los_Angeles,1984,10,19
1984-10-20,79,Moderate,NO2,22,Los Angeles,California,34.1141,-118.4068,12531334.0,3267.0,America/Los_Angeles,1984,10,20
1984-10-21,87,Moderate,Ozone,22,Los Angeles,California,34.1141,-118.4068,12531334.0,3267.0,America/Los_Angeles,1984,10,21
1984-10-22,106,Unhealthy for Sensitive Groups,NO2,22,Los Angeles,California,34.1141,-118.4068,12531334.0,3267.0,America/Los_Angeles,1984,10,22
1984-10-23,135,Unhealthy for Sensitive Groups,CO,22,Los Angeles,California,34.1141,-118.4068,12531334.0,3267.0,America/Los_Angeles,1984,10,23
1984-10-24,131,Unhealthy for Sensitive Groups,CO,22,Los Angeles,California,34.1141,-118.4068,12531334.0,3267.0,America/Los_Angeles,1984,10,24
1984-10-25,111,Unhealthy for Sensitive Groups,CO,22,Los Angeles,California,34.1141,-118.4068,12531334.0,3267.0,America/Los_Angeles,1984,10,25
1984-10-26,110,Unhealthy for Sensitive Groups,NO2,22,Los Angeles,California,34.1141,-118.4068,12531334.0,3267.0,America/Los_Angeles,1984,10,26
1984-10-27,68,Moderate,NO2,22,Los Angeles,California,34.1141,-118.4068,12531334.0,3267.0,America/Los_Angeles,1984,10,27
1984-10-28,108,Unhealthy for Sensitive Groups,Ozone,22,Los Angeles,California,34.1141,-118.4068,12531334.0,3267.0,America/Los_Angeles,1984,10,28
1984-10-29,150,Unhealthy for Sensitive Groups,Ozone,22,Los Angeles,California,34.1141,-118.4068,12531334.0,3267.0,America/Los_Angeles,1984,10,29
1984-10-30,157,Unhealthy,Ozone,22,Los Angeles,California,34.1141,-118.4068,12531334.0,3267.0,America/Los_Angeles,1984,10,30
1984-10-31,100,Moderate,NO2,22,Los Angeles,California,34.1141,-118.4068,12531334.0,3267.0,America/Los_Angeles,1984,10,31
1984-11-01,114,Unhealthy for Sensitive Groups,NO2,22,Los Angeles,California,34.1141,-118.4068,12531334.0,3267.0,America/Los_Angeles,1984,11,1
1984-11-02,198,Unhealthy,CO,22,Los Angeles,California,34.1141,-118.4068,12531334.0,3267.0,America/Los_Angeles,1984,11,2
1984-11-03,105,Unhealthy for Sensitive Groups,NO2,22,Los Angeles,California,34.1141,-118.4068,12531334.0,3267.0,America/Los_Angeles,1984,11,3
1984-11-04,208,Very Unhealthy,Ozone,22,Los Angeles,California,34.1141,-118.4068,12531334.0,3267.0,America/Los_Angeles,1984,11,4
1984-11-05,200,Unhealthy,Ozone,22,Los Angeles,California,34.1141,-118.4068,12531334.0,3267.0,America/Los_Angeles,1984,11,5
1984-11-06,68,Moderate,NO2,21,Los Angeles,California,34.1141,-118.4068,12531334.0,3267.0,America/Los_Angeles,1984,11,6
1984-11-07,57,Moderate,NO2,21,Los Angeles,California,34.1141,-118.4068,12531334.0,3267.0,America/Los_Angeles,1984,11,7
1984-11-08,68,Moderate,NO2,21,Los Angeles,California,34.1141,-118.4068,12531334.0,3267.0,America/Los_Angeles,1984,11,8
1984-11-09,106,Unhealthy for Sensitive Groups,NO2,22,Los Angeles,California,34.1141,-118.4068,12531334.0,3267.0,America/Los_Angeles,1984,11,9
1984-11-10,143,Unhealthy for Sensitive Groups,CO,22,Los Angeles,California,34.1141,-118.4068,12531334.0,3267.0,America/Los_Angeles,1984,11,10
1984-11-11,206,Very Unhealthy,Ozone,22,Los Angeles,California,34.1141,-118.4068,12531334.0,3267.0,America/Los_Angeles,1984,11,11
1984-11-12,126,Unhealthy for Sensitive Groups,Ozone,22,Los Angeles,California,34.1141,-118.4068,12531334.0,3267.0,America/Los_Angeles,1984,11,12
1984-11-13,68,Moderate,NO2,22,Los Angeles,California,34.1141,-118.4068,12531334.0,3267.0,America/Los_Angeles,1984,11,13
1984-11-14,100,Moderate,NO2,22,Los Angeles,California,34.1141,-118.4068,12531334.0,3267.0,America/Los_Angeles,1984,11,14
1984-11-15,128,Unhealthy for Sensitive Groups,CO,22,Los Angeles,California,34.1141,-118.4068,12531334.0,3267.0,America/Los_Angeles,1984,11,15
1984-11-16,103,Unhealthy for Sensitive Groups,NO2,22,Los Angeles,California,34.1141,-118.4068,12531334.0,3267.0,America/Los_Angeles,1984,11,16
1984-11-17,115,Unhealthy for Sensitive Groups,CO,22,Los Angeles,California,34.1141,-118.4068,12531334.0,3267.0,America/Los_Angeles,1984,11,17
1984-11-18,103,Unhealthy for Sensitive Groups,NO2,22,Los Angeles,California,34.1141,-118.4068,12531334.0,3267.0,America/Los_Angeles,1984,11,18
1984-11-19,128,Unhealthy for Sensitive Groups,CO,22,Los Angeles,California,34.1141,-118.4068,12531334.0,3267.0,America/Los_Angeles,1984,11,19
1984-11-20,131,Unhealthy for Sensitive Groups,CO,22,Los Angeles,California,34.1141,-118.4068,12531334.0,3267.0,America/Los_Angeles,1984,11,20
1984-11-21,87,Moderate,CO,22,Los Angeles,California,34.1141,-118.4068,12531334.0,3267.0,America/Los_Angeles,1984,11,21
1984-11-22,97,Moderate,CO,22,Los Angeles,California,34.1141,-118.4068,12531334.0,3267.0,America/Los_Angeles,1984,11,22
1984-11-23,99,Moderate,CO,22,Los Angeles,California,34.1141,-118.4068,12531334.0,3267.0,America/Los_Angeles,1984,11,23
1984-11-24,96,Moderate,CO,22,Los Angeles,California,34.1141,-118.4068,12531334.0,3267.0,America/Los_Angeles,1984,11,24
1984-11-25,68,Moderate,NO2,22,Los Angeles,California,34.1141,-118.4068,12531334.0,3267.0,America/Los_Angeles,1984,11,25
1984-11-26,105,Unhealthy for Sensitive Groups,NO2,22,Los Angeles,California,34.1141,-118.4068,12531334.0,3267.0,America/Los_Angeles,1984,11,26
1984-11-27,105,Unhealthy for Sensitive Groups,NO2,22,Los Angeles,California,34.1141,-118.4068,12531334.0,3267.0,America/Los_Angeles,1984,11,27
1984-11-28,89,Moderate,NO2,22,Los Angeles,California,34.1141,-118.4068,12531334.0,3267.0,America/Los_Angeles,1984,11,28
1984-11-29,106,Unhealthy for Sensitive Groups,NO2,22,Los Angeles,California,34.1141,-118.4068,12531334.0,3267.0,America/Los_Angeles,1984,11,29
1984-11-30,159,Unhealthy,CO,22,Los Angeles,California,34.1141,-118.4068,12531334.0,3267.0,America/Los_Angeles,1984,11,30
1984-12-01,193,Unhealthy,CO,21,Los Angeles,California,34.1141,-118.4068,12531334.0,3267.0,America/Los_Angeles,1984,12,1
1984-12-02,215,Very Unhealthy,CO,21,Los Angeles,California,34.1141,-118.4068,12531334.0,3267.0,America/Los_Angeles,1984,12,2
1984-12-03,100,Moderate,NO2,21,Los Angeles,California,34.1141,-118.4068,12531334.0,3267.0,America/Los_Angeles,1984,12,3
1984-12-04,120,Unhealthy for Sensitive Groups,CO,22,Los Angeles,California,34.1141,-118.4068,12531334.0,3267.0,America/Los_Angeles,1984,12,4
1984-12-05,89,Moderate,NO2,22,Los Angeles,California,34.1141,-118.4068,12531334.0,3267.0,America/Los_Angeles,1984,12,5
1984-12-06,166,Unhealthy,CO,22,Los Angeles,California,34.1141,-118.4068,12531334.0,3267.0,America/Los_Angeles,1984,12,6
1984-12-07,181,Unhealthy,CO,22,Los Angeles,California,34.1141,-118.4068,12531334.0,3267.0,America/Los_Angeles,1984,12,7
1984-12-08,93,Moderate,CO,22,Los Angeles,California,34.1141,-118.4068,12531334.0,3267.0,America/Los_Angeles,1984,12,8
1984-12-09,133,Unhealthy for Sensitive Groups,CO,22,Los Angeles,California,34.1141,-118.4068,12531334.0,3267.0,America/Los_Angeles,1984,12,9
1984-12-10,159,Unhealthy,CO,22,Los Angeles,California,34.1141,-118.4068,12531334.0,3267.0,America/Los_Angeles,1984,12,10
1984-12-11,79,Moderate,NO2,22,Los Angeles,California,34.1141,-118.4068,12531334.0,3267.0,America/Los_Angeles,1984,12,11
1984-12-12,105,Unhealthy for Sensitive Groups,NO2,22,Los Angeles,California,34.1141,-118.4068,12531334.0,3267.0,America/Los_Angeles,1984,12,12
1984-12-13,57,Moderate,NO2,22,Los Angeles,California,34.1141,-118.4068,12531334.0,3267.0,America/Los_Angeles,1984,12,13
1984-12-14,151,Unhealthy,CO,22,Los Angeles,California,34.1141,-118.4068,12531334.0,3267.0,America/Los_Angeles,1984,12,14
1984-12-15,126,Unhealthy for Sensitive Groups,CO,22,Los Angeles,California,34.1141,-118.4068,12531334.0,3267.0,America/Los_Angeles,1984,12,15
1984-12-16,89,Moderate,NO2,22,Los Angeles,California,34.1141,-118.4068,12531334.0,3267.0,America/Los_Angeles,1984,12,16
1984-12-17,111,Unhealthy for Sensitive Groups,CO,22,Los Angeles,California,34.1141,-118.4068,12531334.0,3267.0,America/Los_Angeles,1984,12,17
1984-12-18,109,Unhealthy for Sensitive Groups,CO,21,Los Angeles,California,34.1141,-118.4068,12531334.0,3267.0,America/Los_Angeles,1984,12,18
1984-12-19,82,Moderate,CO,22,Los Angeles,California,34.1141,-118.4068,12531334.0,3267.0,America/Los_Angeles,1984,12,19
1984-12-20,105,Unhealthy for Sensitive Groups,NO2,21,Los Angeles,California,34.1141,-118.4068,12531334.0,3267.0,America/Los_Angeles,1984,12,20
1984-12-21,148,Unhealthy for Sensitive Groups,CO,21,Los Angeles,California,34.1141,-118.4068,12531334.0,3267.0,America/Los_Angeles,1984,12,21
1984-12-22,111,Unhealthy for Sensitive Groups,CO,21,Los Angeles,California,34.1141,-118.4068,12531334.0,3267.0,America/Los_Angeles,1984,12,22
1984-12-23,103,Unhealthy for Sensitive Groups,CO,21,Los Angeles,California,34.1141,-118.4068,12531334.0,3267.0,America/Los_Angeles,1984,12,23
1984-12-24,145,Unhealthy for Sensitive Groups,CO,20,Los Angeles,California,34.1141,-118.4068,12531334.0,3267.0,America/Los_Angeles,1984,12,24
1984-12-25,183,Unhealthy,CO,20,Los Angeles,California,34.1141,-118.4068,12531334.0,3267.0,America/Los_Angeles,1984,12,25
1984-12-26,103,Unhealthy for Sensitive Groups,NO2,20,Los Angeles,California,34.1141,-118.4068,12531334.0,3267.0,America/Los_Angeles,1984,12,26
1984-12-27,91,Moderate,CO,20,Los Angeles,California,34.1141,-118.4068,12531334.0,3267.0,America/Los_Angeles,1984,12,27
1984-12-28,106,Unhealthy for Sensitive Groups,NO2,20,Los Angeles,California,34.1141,-118.4068,12531334.0,3267.0,America/Los_Angeles,1984,12,28
1984-12-29,80,Moderate,CO,20,Los Angeles,California,34.1141,-118.4068,12531334.0,3267.0,America/Los_Angeles,1984,12,29
1984-12-30,79,Moderate,NO2,20,Los Angeles,California,34.1141,-118.4068,12531334.0,3267.0,America/Los_Angeles,1984,12,30
1984-12-31,175,Unhealthy,CO,20,Los Angeles,California,34.1141,-118.4068,12531334.0,3267.0,America/Los_Angeles,1984,12,31
1985-01-01,222,Very Unhealthy,CO,21,Los Angeles,California,34.1141,-118.4068,12531334.0,3267.0,America/Los_Angeles,1985,1,1
1985-01-02,193,Unhealthy,CO,21,Los Angeles,California,34.1141,-118.4068,12531334.0,3267.0,America/Los_Angeles,1985,1,2
1985-01-03,128,Unhealthy for Sensitive Groups,CO,21,Los Angeles,California,34.1141,-118.4068,12531334.0,3267.0,America/Los_Angeles,1985,1,3
1985-01-04,150,Unhealthy for Sensitive Groups,CO,21,Los Angeles,California,34.1141,-118.4068,12531334.0,3267.0,America/Los_Angeles,1985,1,4
1985-01-05,120,Unhealthy for Sensitive Groups,CO,21,Los Angeles,California,34.1141,-118.4068,12531334.0,3267.0,America/Los_Angeles,1985,1,5
1985-01-06,100,Moderate,NO2,21,Los Angeles,California,34.1141,-118.4068,12531334.0,3267.0,America/Los_Angeles,1985,1,6
1985-01-07,115,Unhealthy for Sensitive Groups,CO,21,Los Angeles,California,34.1141,-118.4068,12531334.0,3267.0,America/Los_Angeles,1985,1,7
1985-01-08,100,Moderate,NO2,21,Los Angeles,California,34.1141,-118.4068,12531334.0,3267.0,America/Los_Angeles,1985,1,8
1985-01-09,89,Moderate,NO2,21,Los Angeles,California,34.1141,-118.4068,12531334.0,3267.0,America/Los_Angeles,1985,1,9
1985-01-10,165,Unhealthy,CO,21,Los Angeles,California,34.1141,-118.4068,12531334.0,3267.0,America/Los_Angeles,1985,1,10
1985-01-11,186,Unhealthy,CO,20,Los Angeles,California,34.1141,-118.4068,12531334.0,3267.0,America/Los_Angeles,1985,1,11
1985-01-12,186,Unhealthy,CO,22,Los Angeles,California,34.1141,-118.4068,12531334.0,3267.0,America/Los_Angeles,1985,1,12
1985-01-13,142,Unhealthy for Sensitive Groups,CO,22,Los Angeles,California,34.1141,-118.4068,12531334.0,3267.0,America/Los_Angeles,1985,1,13
1985-01-14,110,Unhealthy for Sensitive Groups,NO2,22,Los Angeles,California,34.1141,-118.4068,12531334.0,3267.0,America/Los_Angeles,1985,1,14
1985-01-15,140,Unhealthy for Sensitive Groups,CO,22,Los Angeles,California,34.1141,-118.4068,12531334.0,3267.0,America/Los_Angeles,1985,1,15
1985-01-16,116,Unhealthy for Sensitive Groups,NO2,22,Los Angeles,California,34.1141,-118.4068,12531334.0,3267.0,America/Los_Angeles,1985,1,16
1985-01-17,153,Unhealthy,CO,22,Los Angeles,California,34.1141,-118.4068,12531334.0,3267.0,America/Los_Angeles,1985,1,17
1985-01-18,150,Unhealthy for Sensitive Groups,CO,22,Los Angeles,California,34.1141,-118.4068,12531334.0,3267.0,America/Los_Angeles,1985,1,18
1985-01-19,110,Unhealthy for Sensitive Groups,NO2,22,Los Angeles,California,34.1141,-118.4068,12531334.0,3267.0,America/Los_Angeles,1985,1,19
1985-01-20,103,Unhealthy for Sensitive Groups,CO,22,Los Angeles,California,34.1141,-118.4068,12531334.0,3267.0,America/Los_Angeles,1985,1,20
1985-01-21,71,Moderate,CO,22,Los Angeles,California,34.1141,-118.4068,12531334.0,3267.0,America/Los_Angeles,1985,1,21
1985-01-22,100,Moderate,NO2,22,Los Angeles,California,34.1141,-118.4068,12531334.0,3267.0,America/Los_Angeles,1985,1,22
1985-01-23,105,Unhealthy for Sensitive Groups,NO2,22,Los Angeles,California,34.1141,-118.4068,12531334.0,3267.0,America/Los_Angeles,1985,1,23
1985-01-24,103,Unhealthy for Sensitive Groups,NO2,22,Los Angeles,California,34.1141,-118.4068,12531334.0,3267.0,America/Los_Angeles,1985,1,24
1985-01-25,110,Unhealthy for Sensitive Groups,NO2,22,Los Angeles,California,34.1141,-118.4068,12531334.0,3267.0,America/Los_Angeles,1985,1,25
1985-01-26,103,Unhealthy for Sensitive Groups,NO2,22,Los Angeles,California,34.1141,-118.4068,12531334.0,3267.0,America/Los_Angeles,1985,1,26
1985-01-27,79,Moderate,NO2,22,Los Angeles,California,34.1141,-118.4068,12531334.0,3267.0,America/Los_Angeles,1985,1,27
1985-01-28,115,Unhealthy for Sensitive Groups,CO,22,Los Angeles,California,34.1141,-118.4068,12531334.0,3267.0,America/Los_Angeles,1985,1,28
1985-01-29,100,Moderate,NO2,22,Los Angeles,California,34.1141,-118.4068,12531334.0,3267.0,America/Los_Angeles,1985,1,29
1985-01-30,89,Moderate,CO,22,Los Angeles,California,34.1141,-118.4068,12531334.0,3267.0,America/Los_Angeles,1985,1,30
1985-01-31,85,Moderate,CO,22,Los Angeles,California,34.1141,-118.4068,12531334.0,3267.0,America/Los_Angeles,1985,1,31
1985-02-01,100,Moderate,NO2,22,Los Angeles,California,34.1141,-118.4068,12531334.0,3267.0,America/Los_Angeles,1985,2,1
1985-02-02,68,Moderate,NO2,22,Los Angeles,California,34.1141,-118.4068,12531334.0,3267.0,America/Los_Angeles,1985,2,2
1985-02-03,79,Moderate,NO2,22,Los Angeles,California,34.1141,-118.4068,12531334.0,3267.0,America/Los_Angeles,1985,2,3
1985-02-04,89,Moderate,NO2,22,Los Angeles,California,34.1141,-118.4068,12531334.0,3267.0,America/Los_Angeles,1985,2,4
1985-02-05,100,Moderate,NO2,21,Los Angeles,California,34.1141,-118.4068,12531334.0,3267.0,America/Los_Angeles,1985,2,5
1985-02-06,89,Moderate,NO2,22,Los Angeles,California,34.1141,-118.4068,12531334.0,3267.0,America/Los_Angeles,1985,2,6
1985-02-07,103,Unhealthy for Sensitive Groups,NO2,22,Los Angeles,California,34.1141,-118.4068,12531334.0,3267.0,America/Los_Angeles,1985,2,7
1985-02-08,103,Unhealthy for Sensitive Groups,NO2,22,Los Angeles,California,34.1141,-118.4068,12531334.0,3267.0,America/Los_Angeles,1985,2,8
1985-02-09,57,Moderate,NO2,22,Los Angeles,California,34.1141,-118.4068,12531334.0,3267.0,America/Los_Angeles,1985,2,9
1985-02-10,103,Unhealthy for Sensitive Groups,NO2,22,Los Angeles,California,34.1141,-118.4068,12531334.0,3267.0,America/Los_Angeles,1985,2,10
1985-02-11,100,Moderate,NO2,22,Los Angeles,California,34.1141,-118.4068,12531334.0,3267.0,America/Los_Angeles,1985,2,11
1985-02-12,106,Unhealthy for Sensitive Groups,NO2,22,Los Angeles,California,34.1141,-118.4068,12531334.0,3267.0,America/Los_Angeles,1985,2,12
1985-02-13,133,Unhealthy for Sensitive Groups,CO,22,Los Angeles,California,34.1141,-118.4068,12531334.0,3267.0,America/Los_Angeles,1985,2,13
1985-02-14,125,Unhealthy for Sensitive Groups,CO,22,Los Angeles,California,34.1141,-118.4068,12531334.0,3267.0,America/Los_Angeles,1985,2,14
1985-02-15,124,Unhealthy for Sensitive Groups,NO2,22,Los Angeles,California,34.1141,-118.4068,12531334.0,3267.0,America/Los_Angeles,1985,2,15
1985-02-16,214,Very Unhealthy,Ozone,22,Los Angeles,California,34.1141,-118.4068,12531334.0,3267.0,America/Los_Angeles,1985,2,16
1985-02-17,190,Unhealthy,Ozone,22,Los Angeles,California,34.1141,-118.4068,12531334.0,3267.0,America/Los_Angeles,1985,2,17
1985-02-18,103,Unhealthy for Sensitive Groups,NO2,22,Los Angeles,California,34.1141,-118.4068,12531334.0,3267.0,America/Los_Angeles,1985,2,18
1985-02-19,100,Moderate,NO2,22,Los Angeles,California,34.1141,-118.4068,12531334.0,3267.0,America/Los_Angeles,1985,2,19
1985-02-20,79,Moderate,NO2,22,Los Angeles,California,34.1141,-118.4068,12531334.0,3267.0,America/Los_Angeles,1985,2,20
1985-02-21,103,Unhealthy for Sensitive Groups,NO2,22,Los Angeles,California,34.1141,-118.4068,12531334.0,3267.0,America/Los_Angeles,1985,2,21
1985-02-22,89,Moderate,NO2,22,Los Angeles,California,34.1141,-118.4068,12531334.0,3267.0,America/Los_Angeles,1985,2,22
1985-02-23,103,Unhealthy for Sensitive Groups,NO2,21,Los Angeles,California,34.1141,-118.4068,12531334.0,3267.0,America/Los_Angeles,1985,2,23
1985-02-24,115,Unhealthy for Sensitive Groups,Ozone,21,Los Angeles,California,34.1141,-118.4068,12531334.0,3267.0,America/Los_Angeles,1985,2,24
1985-02-25,140,Unhealthy for Sensitive Groups,Ozone,21,Los Angeles,California,34.1141,-118.4068,12531334.0,3267.0,America/Los_Angeles,1985,2,25
1985-02-26,151,Unhealthy,Ozone,21,Los Angeles,California,34.1141,-118.4068,12531334.0,3267.0,America/Los_Angeles,1985,2,26
1985-02-27,119,Unhealthy for Sensitive Groups,Ozone,20,Los Angeles,California,34.1141,-118.4068,12531334.0,3267.0,America/Los_Angeles,1985,2,27
1985-02-28,114,Unhealthy for Sensitive Groups,NO2,20,Los Angeles,California,34.1141,-118.4068,12531334.0,3267.0,America/Los_Angeles,1985,2,28
1985-03-01,110,Unhealthy for Sensitive Groups,NO2,21,Los Angeles,California,34.1141,-118.4068,12531334.0,3267.0,America/Los_Angeles,1985,3,1
1985-03-02,63,Moderate,PM10,21,Los Angeles,California,34.1141,-118.4068,12531334.0,3267.0,America/Los_Angeles,1985,3,2
1985-03-03,68,Moderate,NO2,21,Los Angeles,California,34.1141,-118.4068,12531334.0,3267.0,America/Los_Angeles,1985,3,3
1985-03-04,100,Moderate,NO2,21,Los Angeles,California,34.1141,-118.4068,12531334.0,3267.0,America/Los_Angeles,1985,3,4
1985-03-05,100,Moderate,NO2,21,Los Angeles,California,34.1141,-118.4068,12531334.0,3267.0,America/Los_Angeles,1985,3,5
1985-03-06,68,Moderate,NO2,21,Los Angeles,California,34.1141,-118.4068,12531334.0,3267.0,America/Los_Angeles,1985,3,6
1985-03-07,89,Moderate,NO2,21,Los Angeles,California,34.1141,-118.4068,12531334.0,3267.0,America/Los_Angeles,1985,3,7
1985-03-08,105,Unhealthy for Sensitive Groups,NO2,19,Los Angeles,California,34.1141,-118.4068,12531334.0,3267.0,America/Los_Angeles,1985,3,8
1985-03-09,119,Unhealthy for Sensitive Groups,Ozone,19,Los Angeles,California,34.1141,-118.4068,12531334.0,3267.0,America/Los_Angeles,1985,3,9
1985-03-10,105,Unhealthy for Sensitive Groups,NO2,19,Los Angeles,California,34.1141,-118.4068,12531334.0,3267.0,America/Los_Angeles,1985,3,10
1985-03-11,47,Good,NO2,20,Los Angeles,California,34.1141,-118.4068,12531334.0,3267.0,America/Los_Angeles,1985,3,11
1985-03-12,79,Moderate,NO2,20,Los Angeles,California,34.1141,-118.4068,12531334.0,3267.0,America/Los_Angeles,1985,3,12
1985-03-13,106,Unhealthy for Sensitive Groups,NO2,20,Los Angeles,California,34.1141,-118.4068,12531334.0,3267.0,America/Los_Angeles,1985,3,13
1985-03-14,79,Moderate,NO2,20,Los Angeles,California,34.1141,-118.4068,12531334.0,3267.0,America/Los_Angeles,1985,3,14
1985-03-15,79,Moderate,NO2,20,Los Angeles,California,34.1141,-118.4068,12531334.0,3267.0,America/Los_Angeles,1985,3,15
1985-03-16,122,Unhealthy for Sensitive Groups,Ozone,20,Los Angeles,California,34.1141,-118.4068,12531334.0,3267.0,America/Los_Angeles,1985,3,16
1985-03-17,207,Very Unhealthy,Ozone,20,Los Angeles,California,34.1141,-118.4068,12531334.0,3267.0,America/Los_Angeles,1985,3,17
1985-03-18,68,Moderate,NO2,20,Los Angeles,California,34.1141,-118.4068,12531334.0,3267.0,America/Los_Angeles,1985,3,18
1985-03-19,100,Moderate,NO2,20,Los Angeles,California,34.1141,-118.4068,12531334.0,3267.0,America/Los_Angeles,1985,3,19
1985-03-20,182,Unhealthy,Ozone,20,Los Angeles,California,34.1141,-118.4068,12531334.0,3267.0,America/Los_Angeles,1985,3,20
1985-03-21,100,Moderate,NO2,20,Los Angeles,California,34.1141,-118.4068,12531334.0,3267.0,America/Los_Angeles,1985,3,21
1985-03-22,150,Unhealthy for Sensitive Groups,Ozone,20,Los Angeles,California,34.1141,-118.4068,12531334.0,3267.0,America/Los_Angeles,1985,3,22
1985-03-23,223,Very Unhealthy,Ozone,20,Los Angeles,California,34.1141,-118.4068,12531334.0,3267.0,America/Los_Angeles,1985,3,23
1985-03-24,237,Very Unhealthy,Ozone,20,Los Angeles,California,34.1141,-118.4068,12531334.0,3267.0,America/Los_Angeles,1985,3,24
1985-03-25,77,Moderate,Ozone,20,Los Angeles,California,34.1141,-118.4068,12531334.0,3267.0,America/Los_Angeles,1985,3,25
1985-03-26,71,Moderate,Ozone,20,Los Angeles,California,34.1141,-118.4068,12531334.0,3267.0,America/Los_Angeles,1985,3,26
1985-03-27,57,Moderate,NO2,18,Los Angeles,California,34.1141,-118.4068,12531334.0,3267.0,America/Los_Angeles,1985,3,27
1985-03-28,47,Good,NO2,20,Los Angeles,California,34.1141,-118.4068,12531334.0,3267.0,America/Los_Angeles,1985,3,28
1985-03-29,68,Moderate,NO2,20,Los Angeles,California,34.1141,-118.4068,12531334.0,3267.0,America/Los_Angeles,1985,3,29
1985-03-30,68,Moderate,NO2,20,Los Angeles,California,34.1141,-118.4068,12531334.0,3267.0,America/Los_Angeles,1985,3,30
1985-03-31,140,Unhealthy for Sensitive Groups,Ozone,20,Los Angeles,California,34.1141,-118.4068,12531334.0,3267.0,America/Los_Angeles,1985,3,31
1985-04-01,140,Unhealthy for Sensitive Groups,Ozone,20,Los Angeles,California,34.1141,-118.4068,12531334.0,3267.0,America/Los_Angeles,1985,4,1
1985-04-02,161,Unhealthy,Ozone,20,Los Angeles,California,34.1141,-118.4068,12531334.0,3267.0,America/Los_Angeles,1985,4,2
1985-04-03,244,Very Unhealthy,Ozone,20,Los Angeles,California,34.1141,-118.4068,12531334.0,3267.0,America/Los_Angeles,1985,4,3
1985-04-04,207,Very Unhealthy,Ozone,21,Los Angeles,California,34.1141,-118.4068,12531334.0,3267.0,America/Los_Angeles,1985,4,4
1985-04-05,164,Unhealthy,Ozone,21,Los Angeles,California,34.1141,-118.4068,12531334.0,3267.0,America/Los_Angeles,1985,4,5
1985-04-06,179,Unhealthy,Ozone,21,Los Angeles,California,34.1141,-118.4068,12531334.0,3267.0,America/Los_Angeles,1985,4,6
1985-04-07,277,Very Unhealthy,Ozone,21,Los Angeles,California,34.1141,-118.4068,12531334.0,3267.0,America/Los_Angeles,1985,4,7
1985-04-08,253,Very Unhealthy,Ozone,21,Los Angeles,California,34.1141,-118.4068,12531334.0,3267.0,America/Los_Angeles,1985,4,8
1985-04-09,242,Very Unhealthy,Ozone,21,Los Angeles,California,34.1141,-118.4068,12531334.0,3267.0,America/Los_Angeles,1985,4,9
1985-04-10,227,Very Unhealthy,Ozone,21,Los Angeles,California,34.1141,-118.4068,12531334.0,3267.0,America/Los_Angeles,1985,4,10
1985-04-11,238,Very Unhealthy,Ozone,21,Los Angeles,California,34.1141,-118.4068,12531334.0,3267.0,America/Los_Angeles,1985,4,11
1985-04-12,292,Very Unhealthy,Ozone,21,Los Angeles,California,34.1141,-118.4068,12531334.0,3267.0,America/Los_Angeles,1985,4,12
1985-04-13,289,Very Unhealthy,Ozone,21,Los Angeles,California,34.1141,-118.4068,12531334.0,3267.0,America/Los_Angeles,1985,4,13
1985-04-14,296,Very Unhealthy,Ozone,21,Los Angeles,California,34.1141,-118.4068,12531334.0,3267.0,America/Los_Angeles,1985,4,14
1985-04-15,190,Unhealthy,Ozone,21,Los Angeles,California,34.1141,-118.4068,12531334.0,3267.0,America/Los_Angeles,1985,4,15
1985-04-16,77,Moderate,Ozone,21,Los Angeles,California,34.1141,-118.4068,12531334.0,3267.0,America/Los_Angeles,1985,4,16
1985-04-17,47,Good,NO2,21,Los Angeles,California,34.1141,-118.4068,12531334.0,3267.0,America/Los_Angeles,1985,4,17
1985-04-18,57,Moderate,NO2,21,Los Angeles,California,34.1141,-118.4068,12531334.0,3267.0,America/Los_Angeles,1985,4,18
1985-04-19,68,Moderate,NO2,21,Los Angeles,California,34.1141,-118.4068,12531334.0,3267.0,America/Los_Angeles,1985,4,19
1985-04-20,57,Moderate,NO2,21,Los Angeles,California,34.1141,-118.4068,12531334.0,3267.0,America/Los_Angeles,1985,4,20
1985-04-21,47,Good,NO2,21,Los Angeles,California,34.1141,-118.4068,12531334.0,3267.0,America/Los_Angeles,1985,4,21
1985-04-22,57,Moderate,NO2,21,Los Angeles,California,34.1141,-118.4068,12531334.0,3267.0,America/Los_Angeles,1985,4,22
1985-04-23,203,Very Unhealthy,Ozone,21,Los Angeles,California,34.1141,-118.4068,12531334.0,3267.0,America/Los_Angeles,1985,4,23
1985-04-24,219,Very Unhealthy,Ozone,21,Los Angeles,California,34.1141,-118.4068,12531334.0,3267.0,America/Los_Angeles,1985,4,24
1985-04-25,75,Moderate,PM10,21,Los Angeles,California,34.1141,-118.4068,12531334.0,3267.0,America/Los_Angeles,1985,4,25
1985-04-26,79,Moderate,NO2,21,Los Angeles,California,34.1141,-118.4068,12531334.0,3267.0,America/Los_Angeles,1985,4,26
1985-04-27,105,Unhealthy for Sensitive Groups,Ozone,21,Los Angeles,California,34.1141,-118.4068,12531334.0,3267.0,America/Los_Angeles,1985,4,27
1985-04-28,140,Unhealthy for Sensitive Groups,Ozone,21,Los Angeles,California,34.1141,-118.4068,12531334.0,3267.0,America/Los_Angeles,1985,4,28
1985-04-29,166,Unhealthy,Ozone,21,Los Angeles,California,34.1141,-118.4068,12531334.0,3267.0,America/Los_Angeles,1985,4,29
1985-04-30,259,Very Unhealthy,Ozone,21,Los Angeles,California,34.1141,-118.4068,12531334.0,3267.0,America/Los_Angeles,1985,4,30
1985-05-01,266,Very Unhealthy,Ozone,21,Los Angeles,California,34.1141,-118.4068,12531334.0,3267.0,America/Los_Angeles,1985,5,1
1985-05-02,249,Very Unhealthy,Ozone,21,Los Angeles,California,34.1141,-118.4068,12531334.0,3267.0,America/Los_Angeles,1985,5,2
1985-05-03,244,Very Unhealthy,Ozone,21,Los Angeles,California,34.1141,-118.4068,12531334.0,3267.0,America/Los_Angeles,1985,5,3
1985-05-04,214,Very Unhealthy,Ozone,21,Los Angeles,California,34.1141,-118.4068,12531334.0,3267.0,America/Los_Angeles,1985,5,4
1985-05-05,150,Unhealthy for Sensitive Groups,Ozone,21,Los Angeles,California,34.1141,-118.4068,12531334.0,3267.0,America/Los_Angeles,1985,5,5
1985-05-06,122,Unhealthy for Sensitive Groups,Ozone,21,Los Angeles,California,34.1141,-118.4068,12531334.0,3267.0,America/Los_Angeles,1985,5,6
1985-05-07,151,Unhealthy,Ozone,21,Los Angeles,California,34.1141,-118.4068,12531334.0,3267.0,America/Los_Angeles,1985,5,7
1985-05-08,119,Unhealthy for Sensitive Groups,Ozone,21,Los Angeles,California,34.1141,-118.4068,12531334.0,3267.0,America/Los_Angeles,1985,5,8
1985-05-09,87,Moderate,Ozone,21,Los Angeles,California,34.1141,-118.4068,12531334.0,3267.0,America/Los_Angeles,1985,5,9
1985-05-10,51,Moderate,Ozone,21,Los Angeles,California,34.1141,-118.4068,12531334.0,3267.0,America/Los_Angeles,1985,5,10
1985-05-11,74,Moderate,Ozone,21,Los Angeles,California,34.1141,-118.4068,12531334.0,3267.0,America/Los_Angeles,1985,5,11
1985-05-12,119,Unhealthy for Sensitive Groups,Ozone,21,Los Angeles,California,34.1141,-118.4068,12531334.0,3267.0,America/Los_Angeles,1985,5,12
1985-05-13,222,Very Unhealthy,Ozone,21,Los Angeles,California,34.1141,-118.4068,12531334.0,3267.0,America/Los_Angeles,1985,5,13
1985-05-14,219,Very Unhealthy,Ozone,21,Los Angeles,California,34.1141,-118.4068,12531334.0,3267.0,America/Los_Angeles,1985,5,14
1985-05-15,166,Unhealthy,Ozone,21,Los Angeles,California,34.1141,-118.4068,12531334.0,3267.0,America/Los_Angeles,1985,5,15
1985-05-16,119,Unhealthy for Sensitive Groups,Ozone,21,Los Angeles,California,34.1141,-118.4068,12531334.0,3267.0,America/Los_Angeles,1985,5,16
1985-05-17,115,Unhealthy for Sensitive Groups,Ozone,21,Los Angeles,California,34.1141,-118.4068,12531334.0,3267.0,America/Los_Angeles,1985,5,17
1985-05-18,222,Very Unhealthy,Ozone,21,Los Angeles,California,34.1141,-118.4068,12531334.0,3267.0,America/Los_Angeles,1985,5,18
1985-05-19,177,Unhealthy,Ozone,21,Los Angeles,California,34.1141,-118.4068,12531334.0,3267.0,America/Los_Angeles,1985,5,19
1985-05-20,203,Very Unhealthy,Ozone,20,Los Angeles,California,34.1141,-118.4068,12531334.0,3267.0,America/Los_Angeles,1985,5,20
1985-05-21,224,Very Unhealthy,Ozone,19,Los Angeles,California,34.1141,-118.4068,12531334.0,3267.0,America/Los_Angeles,1985,5,21
1985-05-22,289,Very Unhealthy,Ozone,19,Los Angeles,California,34.1141,-118.4068,12531334.0,3267.0,America/Los_Angeles,1985,5,22
1985-05-23,285,Very Unhealthy,Ozone,20,Los Angeles,California,34.1141,-118.4068,12531334.0,3267.0,America/Los_Angeles,1985,5,23
1985-05-24,253,Very Unhealthy,Ozone,21,Los Angeles,California,34.1141,-118.4068,12531334.0,3267.0,America/Los_Angeles,1985,5,24
1985-05-25,154,Unhealthy,Ozone,21,Los Angeles,California,34.1141,-118.4068,12531334.0,3267.0,America/Los_Angeles,1985,5,25
1985-05-26,122,Unhealthy for Sensitive Groups,Ozone,21,Los Angeles,California,34.1141,-118.4068,12531334.0,3267.0,America/Los_Angeles,1985,5,26
1985-05-27,133,Unhealthy for Sensitive Groups,Ozone,21,Los Angeles,California,34.1141,-118.4068,12531334.0,3267.0,America/Los_Angeles,1985,5,27
1985-05-28,177,Unhealthy,Ozone,21,Los Angeles,California,34.1141,-118.4068,12531334.0,3267.0,America/Los_Angeles,1985,5,28
1985-05-29,182,Unhealthy,Ozone,21,Los Angeles,California,34.1141,-118.4068,12531334.0,3267.0,America/Los_Angeles,1985,5,29
1985-05-30,122,Unhealthy for Sensitive Groups,Ozone,21,Los Angeles,California,34.1141,-118.4068,12531334.0,3267.0,America/Los_Angeles,1985,5,30
1985-05-31,105,Unhealthy for Sensitive Groups,Ozone,21,Los Angeles,California,34.1141,-118.4068,12531334.0,3267.0,America/Los_Angeles,1985,5,31
1985-06-01,101,Unhealthy for Sensitive Groups,Ozone,21,Los Angeles,California,34.1141,-118.4068,12531334.0,3267.0,America/Los_Angeles,1985,6,1
1985-06-02,84,Moderate,Ozone,21,Los Angeles,California,34.1141,-118.4068,12531334.0,3267.0,America/Los_Angeles,1985,6,2
1985-06-03,58,Moderate,Ozone,21,Los Angeles,California,34.1141,-118.4068,12531334.0,3267.0,America/Los_Angeles,1985,6,3
1985-06-04,234,Very Unhealthy,Ozone,21,Los Angeles,California,34.1141,-118.4068,12531334.0,3267.0,America/Los_Angeles,1985,6,4
1985-06-05,285,Very Unhealthy,Ozone,21,Los Angeles,California,34.1141,-118.4068,12531334.0,3267.0,America/Los_Angeles,1985,6,5
1985-06-06,298,Very Unhealthy,Ozone,21,Los Angeles,California,34.1141,-118.4068,12531334.0,3267.0,America/Los_Angeles,1985,6,6
1985-06-07,293,Very Unhealthy,Ozone,21,Los Angeles,California,34.1141,-118.4068,12531334.0,3267.0,America/Los_Angeles,1985,6,7
1985-06-08,296,Very Unhealthy,Ozone,21,Los Angeles,California,34.1141,-118.4068,12531334.0,3267.0,America/Los_Angeles,1985,6,8
1985-06-09,271,Very Unhealthy,Ozone,21,Los Angeles,California,34.1141,-118.4068,12531334.0,3267.0,America/Los_Angeles,1985,6,9
1985-06-10,277,Very Unhealthy,Ozone,21,Los Angeles,California,34.1141,-118.4068,12531334.0,3267.0,America/Los_Angeles,1985,6,10
1985-06-11,237,Very Unhealthy,Ozone,21,Los Angeles,California,34.1141,-118.4068,12531334.0,3267.0,America/Los_Angeles,1985,6,11
1985-06-12,261,Very Unhealthy,Ozone,21,Los Angeles,California,34.1141,-118.4068,12531334.0,3267.0,America/Los_Angeles,1985,6,12
1985-06-13,274,Very Unhealthy,Ozone,21,Los Angeles,California,34.1141,-118.4068,12531334.0,3267.0,America/Los_Angeles,1985,6,13
1985-06-14,260,Very Unhealthy,Ozone,21,Los Angeles,California,34.1141,-118.4068,12531334.0,3267.0,America/Los_Angeles,1985,6,14
1985-06-15,289,Very Unhealthy,Ozone,21,Los Angeles,California,34.1141,-118.4068,12531334.0,3267.0,America/Los_Angeles,1985,6,15
1985-06-16,248,Very Unhealthy,Ozone,21,Los Angeles,California,34.1141,-118.4068,12531334.0,3267.0,America/Los_Angeles,1985,6,16
1985-06-17,265,Very Unhealthy,Ozone,21,Los Angeles,California,34.1141,-118.4068,12531334.0,3267.0,America/Los_Angeles,1985,6,17
1985-06-18,263,Very Unhealthy,Ozone,21,Los Angeles,California,34.1141,-118.4068,12531334.0,3267.0,America/Los_Angeles,1985,6,18
1985-06-19,280,Very Unhealthy,Ozone,21,Los Angeles,California,34.1141,-118.4068,12531334.0,3267.0,America/Los_Angeles,1985,6,19
1985-06-20,201,Very Unhealthy,Ozone,21,Los Angeles,California,34.1141,-118.4068,12531334.0,3267.0,America/Los_Angeles,1985,6,20
1985-06-21,208,Very Unhealthy,Ozone,21,Los Angeles,California,34.1141,-118.4068,12531334.0,3267.0,America/Los_Angeles,1985,6,21
1985-06-22,235,Very Unhealthy,Ozone,21,Los Angeles,California,34.1141,-118.4068,12531334.0,3267.0,America/Los_Angeles,1985,6,22
1985-06-23,210,Very Unhealthy,Ozone,21,Los Angeles,California,34.1141,-118.4068,12531334.0,3267.0,America/Los_Angeles,1985,6,23
1985-06-24,126,Unhealthy for Sensitive Groups,Ozone,21,Los Angeles,California,34.1141,-118.4068,12531334.0,3267.0,America/Los_Angeles,1985,6,24
1985-06-25,140,Unhealthy for Sensitive Groups,Ozone,20,Los Angeles,California,34.1141,-118.4068,12531334.0,3267.0,America/Los_Angeles,1985,6,25
1985-06-26,298,Very Unhealthy,Ozone,20,Los Angeles,California,34.1141,-118.4068,12531334.0,3267.0,America/Los_Angeles,1985,6,26
1985-06-27,293,Very Unhealthy,Ozone,21,Los Angeles,California,34.1141,-118.4068,12531334.0,3267.0,America/Los_Angeles,1985,6,27
1985-06-28,297,Very Unhealthy,Ozone,21,Los Angeles,California,34.1141,-118.4068,12531334.0,3267.0,America/Los_Angeles,1985,6,28
1985-06-29,240,Very Unhealthy,Ozone,21,Los Angeles,California,34.1141,-118.4068,12531334.0,3267.0,America/Los_Angeles,1985,6,29
1985-06-30,245,Very Unhealthy,Ozone,20,Los Angeles,California,34.1141,-118.4068,12531334.0,3267.0,America/Los_Angeles,1985,6,30
1985-07-01,287,Very Unhealthy,Ozone,20,Los Angeles,California,34.1141,-118.4068,12531334.0,3267.0,America/Los_Angeles,1985,7,1
1985-07-02,222,Very Unhealthy,Ozone,20,Los Angeles,California,34.1141,-118.4068,12531334.0,3267.0,America/Los_Angeles,1985,7,2
1985-07-03,284,Very Unhealthy,Ozone,20,Los Angeles,California,34.1141,-118.4068,12531334.0,3267.0,America/Los_Angeles,1985,7,3
1985-07-04,251,Very Unhealthy,Ozone,20,Los Angeles,California,34.1141,-118.4068,12531334.0,3267.0,America/Los_Angeles,1985,7,4
1985-07-05,235,Very Unhealthy,Ozone,20,Los Angeles,California,34.1141,-118.4068,12531334.0,3267.0,America/Los_Angeles,1985,7,5
1985-07-06,248,Very Unhealthy,Ozone,20,Los Angeles,California,34.1141,-118.4068,12531334.0,3267.0,America/Los_Angeles,1985,7,6
1985-07-07,297,Very Unhealthy,Ozone,20,Los Angeles,California,34.1141,-118.4068,12531334.0,3267.0,America/Los_Angeles,1985,7,7
1985-07-08,291,Very Unhealthy,Ozone,20,Los Angeles,California,34.1141,-118.4068,12531334.0,3267.0,America/Los_Angeles,1985,7,8
1985-07-09,233,Very Unhealthy,Ozone,20,Los Angeles,California,34.1141,-118.4068,12531334.0,3267.0,America/Los_Angeles,1985,7,9
1985-07-10,244,Very Unhealthy,Ozone,20,Los Angeles,California,34.1141,-118.4068,12531334.0,3267.0,America/Los_Angeles,1985,7,10
1985-07-11,259,Very Unhealthy,Ozone,20,Los Angeles,California,34.1141,-118.4068,12531334.0,3267.0,America/Los_Angeles,1985,7,11
1985-07-12,274,Very Unhealthy,Ozone,20,Los Angeles,California,34.1141,-118.4068,12531334.0,3267.0,America/Los_Angeles,1985,7,12
1985-07-13,296,Very Unhealthy,Ozone,20,Los Angeles,California,34.1141,-118.4068,12531334.0,3267.0,America/Los_Angeles,1985,7,13
1985-07-14,263,Very Unhealthy,Ozone,20,Los Angeles,California,34.1141,-118.4068,12531334.0,3267.0,America/Los_Angeles,1985,7,14
1985-07-15,219,Very Unhealthy,Ozone,20,Los Angeles,California,34.1141,-118.4068,12531334.0,3267.0,America/Los_Angeles,1985,7,15
1985-07-16,279,Very Unhealthy,Ozone,20,Los Angeles,California,34.1141,-118.4068,12531334.0,3267.0,America/Los_Angeles,1985,7,16
1985-07-17,244,Very Unhealthy,Ozone,20,Los Angeles,California,34.1141,-118.4068,12531334.0,3267.0,America/Los_Angeles,1985,7,17
1985-07-18,234,Very Unhealthy,Ozone,21,Los Angeles,California,34.1141,-118.4068,12531334.0,3267.0,America/Los_Angeles,1985,7,18
1985-07-19,213,Very Unhealthy,Ozone,21,Los Angeles,California,34.1141,-118.4068,12531334.0,3267.0,America/Los_Angeles,1985,7,19
1985-07-20,228,Very Unhealthy,Ozone,21,Los Angeles,California,34.1141,-118.4068,12531334.0,3267.0,America/Los_Angeles,1985,7,20
1985-07-21,242,Very Unhealthy,Ozone,21,Los Angeles,California,34.1141,-118.4068,12531334.0,3267.0,America/Los_Angeles,1985,7,21
1985-07-22,239,Very Unhealthy,Ozone,21,Los Angeles,California,34.1141,-118.4068,12531334.0,3267.0,America/Los_Angeles,1985,7,22
1985-07-23,292,Very Unhealthy,Ozone,21,Los Angeles,California,34.1141,-118.4068,12531334.0,3267.0,America/Los_Angeles,1985,7,23
1985-07-24,233,Very Unhealthy,Ozone,20,Los Angeles,California,34.1141,-118.4068,12531334.0,3267.0,America/Los_Angeles,1985,7,24
1985-07-25,237,Very Unhealthy,Ozone,20,Los Angeles,California,34.1141,-118.4068,12531334.0,3267.0,America/Los_Angeles,1985,7,25
1985-07-26,268,Very Unhealthy,Ozone,20,Los Angeles,California,34.1141,-118.4068,12531334.0,3267.0,America/Los_Angeles,1985,7,26
1985-07-27,254,Very Unhealthy,Ozone,20,Los Angeles,California,34.1141,-118.4068,12531334.0,3267.0,America/Los_Angeles,1985,7,27
1985-07-28,221,Very Unhealthy,Ozone,20,Los Angeles,California,34.1141,-118.4068,12531334.0,3267.0,America/Los_Angeles,1985,7,28
1985-07-29,213,Very Unhealthy,Ozone,20,Los Angeles,California,34.1141,-118.4068,12531334.0,3267.0,America/Los_Angeles,1985,7,29
1985-07-30,235,Very Unhealthy,Ozone,21,Los Angeles,California,34.1141,-118.4068,12531334.0,3267.0,America/Los_Angeles,1985,7,30
1985-07-31,229,Very Unhealthy,Ozone,21,Los Angeles,California,34.1141,-118.4068,12531334.0,3267.0,America/Los_Angeles,1985,7,31
1985-08-01,202,Very Unhealthy,Ozone,21,Los Angeles,California,34.1141,-118.4068,12531334.0,3267.0,America/Los_Angeles,1985,8,1
1985-08-02,222,Very Unhealthy,Ozone,21,Los Angeles,California,34.1141,-118.4068,12531334.0,3267.0,America/Los_Angeles,1985,8,2
1985-08-03,286,Very Unhealthy,Ozone,21,Los Angeles,California,34.1141,-118.4068,12531334.0,3267.0,America/Los_Angeles,1985,8,3
1985-08-04,229,Very Unhealthy,Ozone,21,Los Angeles,California,34.1141,-118.4068,12531334.0,3267.0,America/Los_Angeles,1985,8,4
1985-08-05,224,Very Unhealthy,Ozone,21,Los Angeles,California,34.1141,-118.4068,12531334.0,3267.0,America/Los_Angeles,1985,8,5
1985-08-06,279,Very Unhealthy,Ozone,21,Los Angeles,California,34.1141,-118.4068,12531334.0,3267.0,America/Los_Angeles,1985,8,6
1985-08-07,237,Very Unhealthy,Ozone,21,Los Angeles,California,34.1141,-118.4068,12531334.0,3267.0,America/Los_Angeles,1985,8,7
1985-08-08,208,Very Unhealthy,Ozone,21,Los Angeles,California,34.1141,-118.4068,12531334.0,3267.0,America/Los_Angeles,1985,8,8
1985-08-09,235,Very Unhealthy,Ozone,21,Los Angeles,California,34.1141,-118.4068,12531334.0,3267.0,America/Los_Angeles,1985,8,9
1985-08-10,216,Very Unhealthy,Ozone,21,Los Angeles,California,34.1141,-118.4068,12531334.0,3267.0,America/Los_Angeles,1985,8,10
1985-08-11,166,Unhealthy,Ozone,21,Los Angeles,California,34.1141,-118.4068,12531334.0,3267.0,America/Los_Angeles,1985,8,11
1985-08-12,182,Unhealthy,Ozone,21,Los Angeles,California,34.1141,-118.4068,12531334.0,3267.0,America/Los_Angeles,1985,8,12
1985-08-13,207,Very Unhealthy,Ozone,20,Los Angeles,California,34.1141,-118.4068,12531334.0,3267.0,America/Los_Angeles,1985,8,13
1985-08-14,212,Very Unhealthy,Ozone,20,Los Angeles,California,34.1141,-118.4068,12531334.0,3267.0,America/Los_Angeles,1985,8,14
1985-08-15,235,Very Unhealthy,Ozone,21,Los Angeles,California,34.1141,-118.4068,12531334.0,3267.0,America/Los_Angeles,1985,8,15
1985-08-16,187,Unhealthy,Ozone,21,Los Angeles,California,34.1141,-118.4068,12531334.0,3267.0,America/Los_Angeles,1985,8,16
1985-08-17,179,Unhealthy,Ozone,21,Los Angeles,California,34.1141,-118.4068,12531334.0,3267.0,America/Los_Angeles,1985,8,17
1985-08-18,228,Very Unhealthy,Ozone,21,Los Angeles,California,34.1141,-118.4068,12531334.0,3267.0,America/Los_Angeles,1985,8,18
1985-08-19,249,Very Unhealthy,Ozone,21,Los Angeles,California,34.1141,-118.4068,12531334.0,3267.0,America/Los_Angeles,1985,8,19
1985-08-20,232,Very Unhealthy,Ozone,21,Los Angeles,California,34.1141,-118.4068,12531334.0,3267.0,America/Los_Angeles,1985,8,20
1985-08-21,258,Very Unhealthy,Ozone,21,Los Angeles,California,34.1141,-118.4068,12531334.0,3267.0,America/Los_Angeles,1985,8,21
1985-08-22,254,Very Unhealthy,Ozone,21,Los Angeles,California,34.1141,-118.4068,12531334.0,3267.0,America/Los_Angeles,1985,8,22
1985-08-23,291,Very Unhealthy,Ozone,21,Los Angeles,California,34.1141,-118.4068,12531334.0,3267.0,America/Los_Angeles,1985,8,23
1985-08-24,293,Very Unhealthy,Ozone,21,Los Angeles,California,34.1141,-118.4068,12531334.0,3267.0,America/Los_Angeles,1985,8,24
1985-08-25,295,Very Unhealthy,Ozone,21,Los Angeles,California,34.1141,-118.4068,12531334.0,3267.0,America/Los_Angeles,1985,8,25
1985-08-26,166,Unhealthy,Ozone,21,Los Angeles,California,34.1141,-118.4068,12531334.0,3267.0,America/Los_Angeles,1985,8,26
1985-08-27,263,Very Unhealthy,Ozone,21,Los Angeles,California,34.1141,-118.4068,12531334.0,3267.0,America/Los_Angeles,1985,8,27
1985-08-28,264,Very Unhealthy,Ozone,21,Los Angeles,California,34.1141,-118.4068,12531334.0,3267.0,America/Los_Angeles,1985,8,28
1985-08-29,296,Very Unhealthy,Ozone,21,Los Angeles,California,34.1141,-118.4068,12531334.0,3267.0,America/Los_Angeles,1985,8,29
1985-08-30,289,Very Unhealthy,Ozone,21,Los Angeles,California,34.1141,-118.4068,12531334.0,3267.0,America/Los_Angeles,1985,8,30
1985-08-31,277,Very Unhealthy,Ozone,21,Los Angeles,California,34.1141,-118.4068,12531334.0,3267.0,America/Los_Angeles,1985,8,31
1985-09-01,227,Very Unhealthy,Ozone,21,Los Angeles,California,34.1141,-118.4068,12531334.0,3267.0,America/Los_Angeles,1985,9,1
1985-09-02,208,Very Unhealthy,Ozone,20,Los Angeles,California,34.1141,-118.4068,12531334.0,3267.0,America/Los_Angeles,1985,9,2
1985-09-03,51,Moderate,Ozone,21,Los Angeles,California,34.1141,-118.4068,12531334.0,3267.0,America/Los_Angeles,1985,9,3
1985-09-04,57,Moderate,NO2,21,Los Angeles,California,34.1141,-118.4068,12531334.0,3267.0,America/Los_Angeles,1985,9,4
1985-09-05,58,Moderate,Ozone,21,Los Angeles,California,34.1141,-118.4068,12531334.0,3267.0,America/Los_Angeles,1985,9,5
1985-09-06,133,Unhealthy for Sensitive Groups,Ozone,21,Los Angeles,California,34.1141,-118.4068,12531334.0,3267.0,America/Los_Angeles,1985,9,6
1985-09-07,140,Unhealthy for Sensitive Groups,Ozone,21,Los Angeles,California,34.1141,-118.4068,12531334.0,3267.0,America/Los_Angeles,1985,9,7
1985-09-08,51,Moderate,Ozone,21,Los Angeles,California,34.1141,-118.4068,12531334.0,3267.0,America/Los_Angeles,1985,9,8
1985-09-09,47,Good,NO2,21,Los Angeles,California,34.1141,-118.4068,12531334.0,3267.0,America/Los_Angeles,1985,9,9
1985-09-10,58,Moderate,Ozone,20,Los Angeles,California,34.1141,-118.4068,12531334.0,3267.0,America/Los_Angeles,1985,9,10
1985-09-11,68,Moderate,NO2,21,Los Angeles,California,34.1141,-118.4068,12531334.0,3267.0,America/Los_Angeles,1985,9,11
1985-09-12,213,Very Unhealthy,Ozone,21,Los Angeles,California,34.1141,-118.4068,12531334.0,3267.0,America/Los_Angeles,1985,9,12
1985-09-13,264,Very Unhealthy,Ozone,21,Los Angeles,California,34.1141,-118.4068,12531334.0,3267.0,America/Los_Angeles,1985,9,13
1985-09-14,269,Very Unhealthy,Ozone,21,Los Angeles,California,34.1141,-118.4068,12531334.0,3267.0,America/Los_Angeles,1985,9,14
1985-09-15,239,Very Unhealthy,Ozone,21,Los Angeles,California,34.1141,-118.4068,12531334.0,3267.0,America/Los_Angeles,1985,9,15
1985-09-16,177,Unhealthy,Ozone,21,Los Angeles,California,34.1141,-118.4068,12531334.0,3267.0,America/Los_Angeles,1985,9,16
1985-09-17,108,Unhealthy for Sensitive Groups,Ozone,21,Los Angeles,California,34.1141,-118.4068,12531334.0,3267.0,America/Los_Angeles,1985,9,17
1985-09-18,47,Good,NO2,21,Los Angeles,California,34.1141,-118.4068,12531334.0,3267.0,America/Los_Angeles,1985,9,18
1985-09-19,79,Moderate,NO2,21,Los Angeles,California,34.1141,-118.4068,12531334.0,3267.0,America/Los_Angeles,1985,9,19
1985-09-20,210,Very Unhealthy,Ozone,21,Los Angeles,California,34.1141,-118.4068,12531334.0,3267.0,America/Los_Angeles,1985,9,20
1985-09-21,218,Very Unhealthy,Ozone,21,Los Angeles,California,34.1141,-118.4068,12531334.0,3267.0,America/Los_Angeles,1985,9,21
1985-09-22,219,Very Unhealthy,Ozone,21,Los Angeles,California,34.1141,-118.4068,12531334.0,3267.0,America/Los_Angeles,1985,9,22
1985-09-23,243,Very Unhealthy,Ozone,21,Los Angeles,California,34.1141,-118.4068,12531334.0,3267.0,America/Los_Angeles,1985,9,23
1985-09-24,254,Very Unhealthy,Ozone,21,Los Angeles,California,34.1141,-118.4068,12531334.0,3267.0,America/Los_Angeles,1985,9,24
1985-09-25,151,Unhealthy,Ozone,21,Los Angeles,California,34.1141,-118.4068,12531334.0,3267.0,America/Los_Angeles,1985,9,25
1985-09-26,100,Moderate,Ozone,21,Los Angeles,California,34.1141,-118.4068,12531334.0,3267.0,America/Los_Angeles,1985,9,26
1985-09-27,74,Moderate,Ozone,21,Los Angeles,California,34.1141,-118.4068,12531334.0,3267.0,America/Los_Angeles,1985,9,27
1985-09-28,101,Unhealthy for Sensitive Groups,Ozone,21,Los Angeles,California,34.1141,-118.4068,12531334.0,3267.0,America/Los_Angeles,1985,9,28
1985-09-29,93,Moderate,Ozone,21,Los Angeles,California,34.1141,-118.4068,12531334.0,3267.0,America/Los_Angeles,1985,9,29
1985-09-30,161,Unhealthy,Ozone,21,Los Angeles,California,34.1141,-118.4068,12531334.0,3267.0,America/Los_Angeles,1985,9,30
1985-10-01,212,Very Unhealthy,Ozone,21,Los Angeles,California,34.1141,-118.4068,12531334.0,3267.0,America/Los_Angeles,1985,10,1
1985-10-02,248,Very Unhealthy,Ozone,21,Los Angeles,California,34.1141,-118.4068,12531334.0,3267.0,America/Los_Angeles,1985,10,2
1985-10-03,190,Unhealthy,Ozone,21,Los Angeles,California,34.1141,-118.4068,12531334.0,3267.0,America/Los_Angeles,1985,10,3
1985-10-04,174,Unhealthy,Ozone,21,Los Angeles,California,34.1141,-118.4068,12531334.0,3267.0,America/Los_Angeles,1985,10,4
1985-10-05,253,Very Unhealthy,Ozone,21,Los Angeles,California,34.1141,-118.4068,12531334.0,3267.0,America/Los_Angeles,1985,10,5
1985-10-06,126,Unhealthy for Sensitive Groups,Ozone,21,Los Angeles,California,34.1141,-118.4068,12531334.0,3267.0,America/Los_Angeles,1985,10,6
1985-10-07,43,Good,Ozone,20,Los Angeles,California,34.1141,-118.4068,12531334.0,3267.0,America/Los_Angeles,1985,10,7
1985-10-08,47,Good,NO2,20,Los Angeles,California,34.1141,-118.4068,12531334.0,3267.0,America/Los_Angeles,1985,10,8
1985-10-09,57,Moderate,NO2,21,Los Angeles,California,34.1141,-118.4068,12531334.0,3267.0,America/Los_Angeles,1985,10,9
1985-10-10,112,Unhealthy for Sensitive Groups,NO2,21,Los Angeles,California,34.1141,-118.4068,12531334.0,3267.0,America/Los_Angeles,1985,10,10
1985-10-11,140,Unhealthy for Sensitive Groups,Ozone,21,Los Angeles,California,34.1141,-118.4068,12531334.0,3267.0,America/Los_Angeles,1985,10,11
1985-10-12,169,Unhealthy,Ozone,21,Los Angeles,California,34.1141,-118.4068,12531334.0,3267.0,America/Los_Angeles,1985,10,12
1985-10-13,164,Unhealthy,Ozone,21,Los Angeles,California,34.1141,-118.4068,12531334.0,3267.0,America/Los_Angeles,1985,10,13
1985-10-14,110,Unhealthy for Sensitive Groups,NO2,21,Los Angeles,California,34.1141,-118.4068,12531334.0,3267.0,America/Los_Angeles,1985,10,14
1985-10-15,183,Unhealthy,CO,21,Los Angeles,California,34.1141,-118.4068,12531334.0,3267.0,America/Los_Angeles,1985,10,15
1985-10-16,103,Unhealthy for Sensitive Groups,NO2,21,Los Angeles,California,34.1141,-118.4068,12531334.0,3267.0,America/Los_Angeles,1985,10,16
1985-10-17,119,Unhealthy for Sensitive Groups,Ozone,21,Los Angeles,California,34.1141,-118.4068,12531334.0,3267.0,America/Los_Angeles,1985,10,17
1985-10-18,133,Unhealthy for Sensitive Groups,Ozone,21,Los Angeles,California,34.1141,-118.4068,12531334.0,3267.0,America/Los_Angeles,1985,10,18
1985-10-19,195,Unhealthy,Ozone,21,Los Angeles,California,34.1141,-118.4068,12531334.0,3267.0,America/Los_Angeles,1985,10,19
1985-10-20,164,Unhealthy,Ozone,21,Los Angeles,California,34.1141,-118.4068,12531334.0,3267.0,America/Los_Angeles,1985,10,20
1985-10-21,47,Good,NO2,21,Los Angeles,California,34.1141,-118.4068,12531334.0,3267.0,America/Los_Angeles,1985,10,21
1985-10-22,100,Moderate,NO2,21,Los Angeles,California,34.1141,-118.4068,12531334.0,3267.0,America/Los_Angeles,1985,10,22
1985-10-23,126,Unhealthy for Sensitive Groups,Ozone,21,Los Angeles,California,34.1141,-118.4068,12531334.0,3267.0,America/Los_Angeles,1985,10,23
1985-10-24,216,Very Unhealthy,Ozone,21,Los Angeles,California,34.1141,-118.4068,12531334.0,3267.0,America/Los_Angeles,1985,10,24
1985-10-25,223,Very Unhealthy,Ozone,21,Los Angeles,California,34.1141,-118.4068,12531334.0,3267.0,America/Los_Angeles,1985,10,25
1985-10-26,258,Very Unhealthy,Ozone,20,Los Angeles,California,34.1141,-118.4068,12531334.0,3267.0,America/Los_Angeles,1985,10,26
1985-10-27,221,Very Unhealthy,Ozone,20,Los Angeles,California,34.1141,-118.4068,12531334.0,3267.0,America/Los_Angeles,1985,10,27
1985-10-28,115,Unhealthy for Sensitive Groups,Ozone,20,Los Angeles,California,34.1141,-118.4068,12531334.0,3267.0,America/Los_Angeles,1985,10,28
1985-10-29,200,Unhealthy,Ozone,20,Los Angeles,California,34.1141,-118.4068,12531334.0,3267.0,America/Los_Angeles,1985,10,29
1985-10-30,150,Unhealthy for Sensitive Groups,Ozone,20,Los Angeles,California,34.1141,-118.4068,12531334.0,3267.0,America/Los_Angeles,1985,10,30
1985-10-31,190,Unhealthy,Ozone,20,Los Angeles,California,34.1141,-118.4068,12531334.0,3267.0,America/Los_Angeles,1985,10,31
1985-11-01,190,Unhealthy,Ozone,20,Los Angeles,California,34.1141,-118.4068,12531334.0,3267.0,America/Los_Angeles,1985,11,1
1985-11-02,207,Very Unhealthy,Ozone,20,Los Angeles,California,34.1141,-118.4068,12531334.0,3267.0,America/Los_Angeles,1985,11,2
1985-11-03,221,Very Unhealthy,Ozone,19,Los Angeles,California,34.1141,-118.4068,12531334.0,3267.0,America/Los_Angeles,1985,11,3
1985-11-04,187,Unhealthy,Ozone,20,Los Angeles,California,34.1141,-118.4068,12531334.0,3267.0,America/Los_Angeles,1985,11,4
1985-11-05,110,Unhealthy for Sensitive Groups,NO2,20,Los Angeles,California,34.1141,-118.4068,12531334.0,3267.0,America/Los_Angeles,1985,11,5
1985-11-06,166,Unhealthy,Ozone,20,Los Angeles,California,34.1141,-118.4068,12531334.0,3267.0,America/Los_Angeles,1985,11,6
1985-11-07,151,Unhealthy,Ozone,20,Los Angeles,California,34.1141,-118.4068,12531334.0,3267.0,America/Los_Angeles,1985,11,7
1985-11-08,100,Moderate,Ozone,20,Los Angeles,California,34.1141,-118.4068,12531334.0,3267.0,America/Los_Angeles,1985,11,8
1985-11-09,68,Moderate,NO2,20,Los Angeles,California,34.1141,-118.4068,12531334.0,3267.0,America/Los_Angeles,1985,11,9
1985-11-10,47,Good,NO2,20,Los Angeles,California,34.1141,-118.4068,12531334.0,3267.0,America/Los_Angeles,1985,11,10
1985-11-11,57,Moderate,NO2,20,Los Angeles,California,34.1141,-118.4068,12531334.0,3267.0,America/Los_Angeles,1985,11,11
1985-11-12,68,Moderate,NO2,20,Los Angeles,California,34.1141,-118.4068,12531334.0,3267.0,America/Los_Angeles,1985,11,12
1985-11-13,100,Moderate,NO2,20,Los Angeles,California,34.1141,-118.4068,12531334.0,3267.0,America/Los_Angeles,1985,11,13
1985-11-14,100,Moderate,NO2,20,Los Angeles,California,34.1141,-118.4068,12531334.0,3267.0,America/Los_Angeles,1985,11,14
1985-11-15,103,Unhealthy for Sensitive Groups,NO2,20,Los Angeles,California,34.1141,-118.4068,12531334.0,3267.0,America/Los_Angeles,1985,11,15
1985-11-16,125,Unhealthy for Sensitive Groups,CO,20,Los Angeles,California,34.1141,-118.4068,12531334.0,3267.0,America/Los_Angeles,1985,11,16
1985-11-17,79,Moderate,NO2,21,Los Angeles,California,34.1141,-118.4068,12531334.0,3267.0,America/Los_Angeles,1985,11,17
1985-11-18,79,Moderate,NO2,21,Los Angeles,California,34.1141,-118.4068,12531334.0,3267.0,America/Los_Angeles,1985,11,18
1985-11-19,79,Moderate,NO2,21,Los Angeles,California,34.1141,-118.4068,12531334.0,3267.0,America/Los_Angeles,1985,11,19
1985-11-20,112,Unhealthy for Sensitive Groups,NO2,21,Los Angeles,California,34.1141,-118.4068,12531334.0,3267.0,America/Los_Angeles,1985,11,20
1985-11-21,104,Unhealthy for Sensitive Groups,CO,21,Los Angeles,California,34.1141,-118.4068,12531334.0,3267.0,America/Los_Angeles,1985,11,21
1985-11-22,105,Unhealthy for Sensitive Groups,NO2,21,Los Angeles,California,34.1141,-118.4068,12531334.0,3267.0,America/Los_Angeles,1985,11,22
1985-11-23,115,Unhealthy for Sensitive Groups,CO,21,Los Angeles,California,34.1141,-118.4068,12531334.0,3267.0,America/Los_Angeles,1985,11,23
1985-11-24,57,Moderate,NO2,21,Los Angeles,California,34.1141,-118.4068,12531334.0,3267.0,America/Los_Angeles,1985,11,24
1985-11-25,70,Moderate,CO,21,Los Angeles,California,34.1141,-118.4068,12531334.0,3267.0,America/Los_Angeles,1985,11,25
1985-11-26,103,Unhealthy for Sensitive Groups,NO2,21,Los Angeles,California,34.1141,-118.4068,12531334.0,3267.0,America/Los_Angeles,1985,11,26
1985-11-27,68,Moderate,NO2,21,Los Angeles,California,34.1141,-118.4068,12531334.0,3267.0,America/Los_Angeles,1985,11,27
1985-11-28,57,Moderate,NO2,21,Los Angeles,California,34.1141,-118.4068,12531334.0,3267.0,America/Los_Angeles,1985,11,28
1985-11-29,57,Moderate,NO2,21,Los Angeles,California,34.1141,-118.4068,12531334.0,3267.0,America/Los_Angeles,1985,11,29
1985-11-30,68,Moderate,NO2,21,Los Angeles,California,34.1141,-118.4068,12531334.0,3267.0,America/Los_Angeles,1985,11,30
1985-12-01,68,Moderate,NO2,21,Los Angeles,California,34.1141,-118.4068,12531334.0,3267.0,America/Los_Angeles,1985,12,1
1985-12-02,77,Moderate,CO,21,Los Angeles,California,34.1141,-118.4068,12531334.0,3267.0,America/Los_Angeles,1985,12,2
1985-12-03,105,Unhealthy for Sensitive Groups,NO2,21,Los Angeles,California,34.1141,-118.4068,12531334.0,3267.0,America/Los_Angeles,1985,12,3
1985-12-04,106,Unhealthy for Sensitive Groups,NO2,21,Los Angeles,California,34.1141,-118.4068,12531334.0,3267.0,America/Los_Angeles,1985,12,4
1985-12-05,110,Unhealthy for Sensitive Groups,NO2,21,Los Angeles,California,34.1141,-118.4068,12531334.0,3267.0,America/Los_Angeles,1985,12,5
1985-12-06,112,Unhealthy for Sensitive Groups,NO2,21,Los Angeles,California,34.1141,-118.4068,12531334.0,3267.0,America/Los_Angeles,1985,12,6
1985-12-07,181,Unhealthy,CO,21,Los Angeles,California,34.1141,-118.4068,12531334.0,3267.0,America/Los_Angeles,1985,12,7
1985-12-08,106,Unhealthy for Sensitive Groups,CO,21,Los Angeles,California,34.1141,-118.4068,12531334.0,3267.0,America/Los_Angeles,1985,12,8
1985-12-09,89,Moderate,NO2,21,Los Angeles,California,34.1141,-118.4068,12531334.0,3267.0,America/Los_Angeles,1985,12,9
1985-12-10,72,Moderate,CO,21,Los Angeles,California,34.1141,-118.4068,12531334.0,3267.0,America/Los_Angeles,1985,12,10
1985-12-11,89,Moderate,NO2,21,Los Angeles,California,34.1141,-118.4068,12531334.0,3267.0,America/Los_Angeles,1985,12,11
1985-12-12,103,Unhealthy for Sensitive Groups,CO,21,Los Angeles,California,34.1141,-118.4068,12531334.0,3267.0,America/Los_Angeles,1985,12,12
1985-12-13,126,Unhealthy for Sensitive Groups,CO,21,Los Angeles,California,34.1141,-118.4068,12531334.0,3267.0,America/Los_Angeles,1985,12,13
1985-12-14,106,Unhealthy for Sensitive Groups,NO2,20,Los Angeles,California,34.1141,-118.4068,12531334.0,3267.0,America/Los_Angeles,1985,12,14
1985-12-15,114,Unhealthy for Sensitive Groups,NO2,20,Los Angeles,California,34.1141,-118.4068,12531334.0,3267.0,America/Los_Angeles,1985,12,15
1985-12-16,214,Very Unhealthy,CO,20,Los Angeles,California,34.1141,-118.4068,12531334.0,3267.0,America/Los_Angeles,1985,12,16
1985-12-17,220,Very Unhealthy,CO,20,Los Angeles,California,34.1141,-118.4068,12531334.0,3267.0,America/Los_Angeles,1985,12,17
1985-12-18,229,Very Unhealthy,CO,20,Los Angeles,California,34.1141,-118.4068,12531334.0,3267.0,America/Los_Angeles,1985,12,18
1985-12-19,204,Very Unhealthy,CO,20,Los Angeles,California,34.1141,-118.4068,12531334.0,3267.0,America/Los_Angeles,1985,12,19
1985-12-20,193,Unhealthy,CO,20,Los Angeles,California,34.1141,-118.4068,12531334.0,3267.0,America/Los_Angeles,1985,12,20
1985-12-21,204,Very Unhealthy,CO,20,Los Angeles,California,34.1141,-118.4068,12531334.0,3267.0,America/Los_Angeles,1985,12,21
1985-12-22,230,Very Unhealthy,CO,20,Los Angeles,California,34.1141,-118.4068,12531334.0,3267.0,America/Los_Angeles,1985,12,22
1985-12-23,231,Very Unhealthy,CO,20,Los Angeles,California,34.1141,-118.4068,12531334.0,3267.0,America/Los_Angeles,1985,12,23
1985-12-24,280,Very Unhealthy,CO,20,Los Angeles,California,34.1141,-118.4068,12531334.0,3267.0,America/Los_Angeles,1985,12,24
1985-12-25,282,Very Unhealthy,CO,20,Los Angeles,California,34.1141,-118.4068,12531334.0,3267.0,America/Los_Angeles,1985,12,25
1985-12-26,127,Unhealthy for Sensitive Groups,NO2,20,Los Angeles,California,34.1141,-118.4068,12531334.0,3267.0,America/Los_Angeles,1985,12,26
1985-12-27,124,Unhealthy for Sensitive Groups,NO2,20,Los Angeles,California,34.1141,-118.4068,12531334.0,3267.0,America/Los_Angeles,1985,12,27
1985-12-28,127,Unhealthy for Sensitive Groups,NO2,20,Los Angeles,California,34.1141,-118.4068,12531334.0,3267.0,America/Los_Angeles,1985,12,28
1985-12-29,114,Unhealthy for Sensitive Groups,NO2,20,Los Angeles,California,34.1141,-118.4068,12531334.0,3267.0,America/Los_Angeles,1985,12,29
1985-12-30,106,Unhealthy for Sensitive Groups,NO2,20,Los Angeles,California,34.1141,-118.4068,12531334.0,3267.0,America/Los_Angeles,1985,12,30
1985-12-31,116,Unhealthy for Sensitive Groups,NO2,19,Los Angeles,California,34.1141,-118.4068,12531334.0,3267.0,America/Los_Angeles,1985,12,31
1986-01-01,105,Unhealthy for Sensitive Groups,NO2,20,Los Angeles,California,34.1141,-118.4068,12531334.0,3267.0,America/Los_Angeles,1986,1,1
1986-01-02,100,Moderate,NO2,20,Los Angeles,California,34.1141,-118.4068,12531334.0,3267.0,America/Los_Angeles,1986,1,2
1986-01-03,100,Moderate,NO2,20,Los Angeles,California,34.1141,-118.4068,12531334.0,3267.0,America/Los_Angeles,1986,1,3
1986-01-04,106,Unhealthy for Sensitive Groups,NO2,20,Los Angeles,California,34.1141,-118.4068,12531334.0,3267.0,America/Los_Angeles,1986,1,4
1986-01-05,68,Moderate,NO2,20,Los Angeles,California,34.1141,-118.4068,12531334.0,3267.0,America/Los_Angeles,1986,1,5
1986-01-06,110,Unhealthy for Sensitive Groups,NO2,20,Los Angeles,California,34.1141,-118.4068,12531334.0,3267.0,America/Los_Angeles,1986,1,6
1986-01-07,185,Unhealthy,CO,20,Los Angeles,California,34.1141,-118.4068,12531334.0,3267.0,America/Los_Angeles,1986,1,7
1986-01-08,136,Unhealthy for Sensitive Groups,CO,20,Los Angeles,California,34.1141,-118.4068,12531334.0,3267.0,America/Los_Angeles,1986,1,8
1986-01-09,128,Unhealthy for Sensitive Groups,CO,20,Los Angeles,California,34.1141,-118.4068,12531334.0,3267.0,America/Los_Angeles,1986,1,9
1986-01-10,158,Unhealthy,CO,20,Los Angeles,California,34.1141,-118.4068,12531334.0,3267.0,America/Los_Angeles,1986,1,10
1986-01-11,150,Unhealthy for Sensitive Groups,CO,20,Los Angeles,California,34.1141,-118.4068,12531334.0,3267.0,America/Los_Angeles,1986,1,11
1986-01-12,108,Unhealthy for Sensitive Groups,NO2,20,Los Angeles,California,34.1141,-118.4068,12531334.0,3267.0,America/Los_Angeles,1986,1,12
1986-01-13,122,Unhealthy for Sensitive Groups,NO2,20,Los Angeles,California,34.1141,-118.4068,12531334.0,3267.0,America/Los_Angeles,1986,1,13
1986-01-14,116,Unhealthy for Sensitive Groups,CO,20,Los Angeles,California,34.1141,-118.4068,12531334.0,3267.0,America/Los_Angeles,1986,1,14
1986-01-15,89,Moderate,NO2,20,Los Angeles,California,34.1141,-118.4068,12531334.0,3267.0,America/Los_Angeles,1986,1,15
1986-01-16,108,Unhealthy for Sensitive Groups,NO2,20,Los Angeles,California,34.1141,-118.4068,12531334.0,3267.0,America/Los_Angeles,1986,1,16
1986-01-17,120,Unhealthy for Sensitive Groups,NO2,20,Los Angeles,California,34.1141,-118.4068,12531334.0,3267.0,America/Los_Angeles,1986,1,17
1986-01-18,128,Unhealthy for Sensitive Groups,CO,20,Los Angeles,California,34.1141,-118.4068,12531334.0,3267.0,America/Los_Angeles,1986,1,18
1986-01-19,110,Unhealthy for Sensitive Groups,NO2,20,Los Angeles,California,34.1141,-118.4068,12531334.0,3267.0,America/Los_Angeles,1986,1,19
1986-01-20,100,Moderate,NO2,20,Los Angeles,California,34.1141,-118.4068,12531334.0,3267.0,America/Los_Angeles,1986,1,20
1986-01-21,122,Unhealthy for Sensitive Groups,Ozone,20,Los Angeles,California,34.1141,-118.4068,12531334.0,3267.0,America/Los_Angeles,1986,1,21
1986-01-22,112,Unhealthy for Sensitive Groups,NO2,20,Los Angeles,California,34.1141,-118.4068,12531334.0,3267.0,America/Los_Angeles,1986,1,22
1986-01-23,116,Unhealthy for Sensitive Groups,NO2,20,Los Angeles,California,34.1141,-118.4068,12531334.0,3267.0,America/Los_Angeles,1986,1,23
1986-01-24,136,Unhealthy for Sensitive Groups,Ozone,20,Los Angeles,California,34.1141,-118.4068,12531334.0,3267.0,America/Los_Angeles,1986,1,24
1986-01-25,110,Unhealthy for Sensitive Groups,NO2,20,Los Angeles,California,34.1141,-118.4068,12531334.0,3267.0,America/Los_Angeles,1986,1,25
1986-01-26,118,Unhealthy for Sensitive Groups,NO2,20,Los Angeles,California,34.1141,-118.4068,12531334.0,3267.0,America/Los_Angeles,1986,1,26
1986-01-27,129,Unhealthy for Sensitive Groups,NO2,20,Los Angeles,California,34.1141,-118.4068,12531334.0,3267.0,America/Los_Angeles,1986,1,27
1986-01-28,120,Unhealthy for Sensitive Groups,NO2,20,Los Angeles,California,34.1141,-118.4068,12531334.0,3267.0,America/Los_Angeles,1986,1,28
1986-01-29,118,Unhealthy for Sensitive Groups,NO2,20,Los Angeles,California,34.1141,-118.4068,12531334.0,3267.0,America/Los_Angeles,1986,1,29
1986-01-30,57,Moderate,NO2,20,Los Angeles,California,34.1141,-118.4068,12531334.0,3267.0,America/Los_Angeles,1986,1,30
1986-01-31,68,Moderate,NO2,20,Los Angeles,California,34.1141,-118.4068,12531334.0,3267.0,America/Los_Angeles,1986,1,31
1986-02-01,89,Moderate,NO2,20,Los Angeles,California,34.1141,-118.4068,12531334.0,3267.0,America/Los_Angeles,1986,2,1
1986-02-02,70,Moderate,CO,20,Los Angeles,California,34.1141,-118.4068,12531334.0,3267.0,America/Los_Angeles,1986,2,2
1986-02-03,100,Moderate,NO2,20,Los Angeles,California,34.1141,-118.4068,12531334.0,3267.0,America/Los_Angeles,1986,2,3
1986-02-04,103,Unhealthy for Sensitive Groups,NO2,21,Los Angeles,California,34.1141,-118.4068,12531334.0,3267.0,America/Los_Angeles,1986,2,4
1986-02-05,100,Moderate,NO2,21,Los Angeles,California,34.1141,-118.4068,12531334.0,3267.0,America/Los_Angeles,1986,2,5
1986-02-06,100,Moderate,NO2,21,Los Angeles,California,34.1141,-118.4068,12531334.0,3267.0,America/Los_Angeles,1986,2,6
1986-02-07,89,Moderate,NO2,21,Los Angeles,California,34.1141,-118.4068,12531334.0,3267.0,America/Los_Angeles,1986,2,7
1986-02-08,68,Moderate,NO2,21,Los Angeles,California,34.1141,-118.4068,12531334.0,3267.0,America/Los_Angeles,1986,2,8
1986-02-09,75,Moderate,CO,21,Los Angeles,California,34.1141,-118.4068,12531334.0,3267.0,America/Los_Angeles,1986,2,9
1986-02-10,89,Moderate,NO2,21,Los Angeles,California,34.1141,-118.4068,12531334.0,3267.0,America/Los_Angeles,1986,2,10
1986-02-11,89,Moderate,NO2,21,Los Angeles,California,34.1141,-118.4068,12531334.0,3267.0,America/Los_Angeles,1986,2,11
1986-02-12,89,Moderate,NO2,21,Los Angeles,California,34.1141,-118.4068,12531334.0,3267.0,America/Los_Angeles,1986,2,12
1986-02-13,57,Moderate,NO2,21,Los Angeles,California,34.1141,-118.4068,12531334.0,3267.0,America/Los_Angeles,1986,2,13
1986-02-14,47,Good,NO2,21,Los Angeles,California,34.1141,-118.4068,12531334.0,3267.0,America/Los_Angeles,1986,2,14
1986-02-15,47,Good,NO2,21,Los Angeles,California,34.1141,-118.4068,12531334.0,3267.0,America/Los_Angeles,1986,2,15
1986-02-16,68,Moderate,NO2,21,Los Angeles,California,34.1141,-118.4068,12531334.0,3267.0,America/Los_Angeles,1986,2,16
1986-02-17,57,Moderate,NO2,21,Los Angeles,California,34.1141,-118.4068,12531334.0,3267.0,America/Los_Angeles,1986,2,17
1986-02-18,103,Unhealthy for Sensitive Groups,NO2,20,Los Angeles,California,34.1141,-118.4068,12531334.0,3267.0,America/Los_Angeles,1986,2,18
1986-02-19,47,Good,NO2,20,Los Angeles,California,34.1141,-118.4068,12531334.0,3267.0,America/Los_Angeles,1986,2,19
1986-02-20,79,Moderate,NO2,21,Los Angeles,California,34.1141,-118.4068,12531334.0,3267.0,America/Los_Angeles,1986,2,20
1986-02-21,108,Unhealthy for Sensitive Groups,NO2,21,Los Angeles,California,34.1141,-118.4068,12531334.0,3267.0,America/Los_Angeles,1986,2,21
1986-02-22,106,Unhealthy for Sensitive Groups,NO2,21,Los Angeles,California,34.1141,-118.4068,12531334.0,3267.0,America/Los_Angeles,1986,2,22
1986-02-23,166,Unhealthy,Ozone,21,Los Angeles,California,34.1141,-118.4068,12531334.0,3267.0,America/Los_Angeles,1986,2,23
1986-02-24,190,Unhealthy,Ozone,21,Los Angeles,California,34.1141,-118.4068,12531334.0,3267.0,America/Los_Angeles,1986,2,24
1986-02-25,233,Very Unhealthy,Ozone,21,Los Angeles,California,34.1141,-118.4068,12531334.0,3267.0,America/Los_Angeles,1986,2,25
1986-02-26,291,Very Unhealthy,Ozone,21,Los Angeles,California,34.1141,-118.4068,12531334.0,3267.0,America/Los_Angeles,1986,2,26
1986-02-27,275,Very Unhealthy,Ozone,21,Los Angeles,California,34.1141,-118.4068,12531334.0,3267.0,America/Los_Angeles,1986,2,27
1986-02-28,213,Very Unhealthy,Ozone,21,Los Angeles,California,34.1141,-118.4068,12531334.0,3267.0,America/Los_Angeles,1986,2,28
1986-03-01,79,Moderate,NO2,20,Los Angeles,California,34.1141,-118.4068,12531334.0,3267.0,America/Los_Angeles,1986,3,1
1986-03-02,67,Moderate,Ozone,20,Los Angeles,California,34.1141,-118.4068,12531334.0,3267.0,America/Los_Angeles,1986,3,2
1986-03-03,169,Unhealthy,Ozone,20,Los Angeles,California,34.1141,-118.4068,12531334.0,3267.0,America/Los_Angeles,1986,3,3
1986-03-04,232,Very Unhealthy,Ozone,20,Los Angeles,California,34.1141,-118.4068,12531334.0,3267.0,America/Los_Angeles,1986,3,4
1986-03-05,216,Very Unhealthy,Ozone,20,Los Angeles,California,34.1141,-118.4068,12531334.0,3267.0,America/Los_Angeles,1986,3,5
1986-03-06,143,Unhealthy for Sensitive Groups,Ozone,20,Los Angeles,California,34.1141,-118.4068,12531334.0,3267.0,America/Los_Angeles,1986,3,6
1986-03-07,89,Moderate,NO2,20,Los Angeles,California,34.1141,-118.4068,12531334.0,3267.0,America/Los_Angeles,1986,3,7
1986-03-08,68,Moderate,NO2,20,Los Angeles,California,34.1141,-118.4068,12531334.0,3267.0,America/Los_Angeles,1986,3,8
1986-03-09,47,Good,NO2,20,Los Angeles,California,34.1141,-118.4068,12531334.0,3267.0,America/Los_Angeles,1986,3,9
1986-03-10,57,Moderate,NO2,20,Los Angeles,California,34.1141,-118.4068,12531334.0,3267.0,America/Los_Angeles,1986,3,10
1986-03-11,68,Moderate,NO2,20,Los Angeles,California,34.1141,-118.4068,12531334.0,3267.0,America/Los_Angeles,1986,3,11
1986-03-12,79,Moderate,NO2,20,Los Angeles,California,34.1141,-118.4068,12531334.0,3267.0,America/Los_Angeles,1986,3,12
1986-03-13,57,Moderate,NO2,20,Los Angeles,California,34.1141,-118.4068,12531334.0,3267.0,America/Los_Angeles,1986,3,13
1986-03-14,79,Moderate,NO2,20,Los Angeles,California,34.1141,-118.4068,12531334.0,3267.0,America/Los_Angeles,1986,3,14
1986-03-15,59,Moderate,CO,20,Los Angeles,California,34.1141,-118.4068,12531334.0,3267.0,America/Los_Angeles,1986,3,15
1986-03-16,57,Moderate,NO2,20,Los Angeles,California,34.1141,-118.4068,12531334.0,3267.0,America/Los_Angeles,1986,3,16
1986-03-17,100,Moderate,NO2,20,Los Angeles,California,34.1141,-118.4068,12531334.0,3267.0,America/Los_Angeles,1986,3,17
1986-03-18,106,Unhealthy for Sensitive Groups,NO2,20,Los Angeles,California,34.1141,-118.4068,12531334.0,3267.0,America/Los_Angeles,1986,3,18
1986-03-19,140,Unhealthy for Sensitive Groups,Ozone,20,Los Angeles,California,34.1141,-118.4068,12531334.0,3267.0,America/Los_Angeles,1986,3,19
1986-03-20,126,Unhealthy for Sensitive Groups,Ozone,20,Los Angeles,California,34.1141,-118.4068,12531334.0,3267.0,America/Los_Angeles,1986,3,20
1986-03-21,126,Unhealthy for Sensitive Groups,Ozone,20,Los Angeles,California,34.1141,-118.4068,12531334.0,3267.0,America/Los_Angeles,1986,3,21
1986-03-22,221,Very Unhealthy,Ozone,20,Los Angeles,California,34.1141,-118.4068,12531334.0,3267.0,America/Los_Angeles,1986,3,22
1986-03-23,263,Very Unhealthy,Ozone,20,Los Angeles,California,34.1141,-118.4068,12531334.0,3267.0,America/Los_Angeles,1986,3,23
1986-03-24,224,Very Unhealthy,Ozone,20,Los Angeles,California,34.1141,-118.4068,12531334.0,3267.0,America/Los_Angeles,1986,3,24
1986-03-25,245,Very Unhealthy,Ozone,20,Los Angeles,California,34.1141,-118.4068,12531334.0,3267.0,America/Los_Angeles,1986,3,25
1986-03-26,242,Very Unhealthy,Ozone,20,Los Angeles,California,34.1141,-118.4068,12531334.0,3267.0,America/Los_Angeles,1986,3,26
1986-03-27,241,Very Unhealthy,Ozone,20,Los Angeles,California,34.1141,-118.4068,12531334.0,3267.0,America/Los_Angeles,1986,3,27
1986-03-28,133,Unhealthy for Sensitive Groups,Ozone,20,Los Angeles,California,34.1141,-118.4068,12531334.0,3267.0,America/Los_Angeles,1986,3,28
1986-03-29,119,Unhealthy for Sensitive Groups,Ozone,20,Los Angeles,California,34.1141,-118.4068,12531334.0,3267.0,America/Los_Angeles,1986,3,29
1986-03-30,166,Unhealthy,Ozone,20,Los Angeles,California,34.1141,-118.4068,12531334.0,3267.0,America/Los_Angeles,1986,3,30
1986-03-31,143,Unhealthy for Sensitive Groups,Ozone,20,Los Angeles,California,34.1141,-118.4068,12531334.0,3267.0,America/Los_Angeles,1986,3,31
1986-04-01,57,Moderate,NO2,20,Los Angeles,California,34.1141,-118.4068,12531334.0,3267.0,America/Los_Angeles,1986,4,1
1986-04-02,58,Moderate,Ozone,20,Los Angeles,California,34.1141,-118.4068,12531334.0,3267.0,America/Los_Angeles,1986,4,2
1986-04-03,122,Unhealthy for Sensitive Groups,Ozone,20,Los Angeles,California,34.1141,-118.4068,12531334.0,3267.0,America/Los_Angeles,1986,4,3
1986-04-04,182,Unhealthy,Ozone,20,Los Angeles,California,34.1141,-118.4068,12531334.0,3267.0,America/Los_Angeles,1986,4,4
1986-04-05,58,Moderate,Ozone,20,Los Angeles,California,34.1141,-118.4068,12531334.0,3267.0,America/Los_Angeles,1986,4,5
1986-04-06,47,Good,NO2,20,Los Angeles,California,34.1141,-118.4068,12531334.0,3267.0,America/Los_Angeles,1986,4,6
1986-04-07,58,Moderate,Ozone,20,Los Angeles,California,34.1141,-118.4068,12531334.0,3267.0,America/Los_Angeles,1986,4,7
1986-04-08,79,Moderate,NO2,20,Los Angeles,California,34.1141,-118.4068,12531334.0,3267.0,America/Los_Angeles,1986,4,8
1986-04-09,182,Unhealthy,Ozone,20,Los Angeles,California,34.1141,-118.4068,12531334.0,3267.0,America/Los_Angeles,1986,4,9
1986-04-10,200,Unhealthy,Ozone,20,Los Angeles,California,34.1141,-118.4068,12531334.0,3267.0,America/Los_Angeles,1986,4,10
1986-04-11,156,Unhealthy,Ozone,20,Los Angeles,California,34.1141,-118.4068,12531334.0,3267.0,America/Los_Angeles,1986,4,11
1986-04-12,68,Moderate,NO2,20,Los Angeles,California,34.1141,-118.4068,12531334.0,3267.0,America/Los_Angeles,1986,4,12
1986-04-13,151,Unhealthy,Ozone,20,Los Angeles,California,34.1141,-118.4068,12531334.0,3267.0,America/Los_Angeles,1986,4,13
1986-04-14,140,Unhealthy for Sensitive Groups,Ozone,20,Los Angeles,California,34.1141,-118.4068,12531334.0,3267.0,America/Los_Angeles,1986,4,14
1986-04-15,126,Unhealthy for Sensitive Groups,Ozone,20,Los Angeles,California,34.1141,-118.4068,12531334.0,3267.0,America/Los_Angeles,1986,4,15
1986-04-16,57,Moderate,NO2,20,Los Angeles,California,34.1141,-118.4068,12531334.0,3267.0,America/Los_Angeles,1986,4,16
1986-04-17,68,Moderate,NO2,20,Los Angeles,California,34.1141,-118.4068,12531334.0,3267.0,America/Los_Angeles,1986,4,17
1986-04-18,143,Unhealthy for Sensitive Groups,Ozone,19,Los Angeles,California,34.1141,-118.4068,12531334.0,3267.0,America/Los_Angeles,1986,4,18
1986-04-19,154,Unhealthy,Ozone,20,Los Angeles,California,34.1141,-118.4068,12531334.0,3267.0,America/Los_Angeles,1986,4,19
1986-04-20,205,Very Unhealthy,Ozone,20,Los Angeles,California,34.1141,-118.4068,12531334.0,3267.0,America/Los_Angeles,1986,4,20
1986-04-21,239,Very Unhealthy,Ozone,20,Los Angeles,California,34.1141,-118.4068,12531334.0,3267.0,America/Los_Angeles,1986,4,21
1986-04-22,136,Unhealthy for Sensitive Groups,Ozone,20,Los Angeles,California,34.1141,-118.4068,12531334.0,3267.0,America/Los_Angeles,1986,4,22
1986-04-23,164,Unhealthy,Ozone,20,Los Angeles,California,34.1141,-118.4068,12531334.0,3267.0,America/Los_Angeles,1986,4,23
1986-04-24,140,Unhealthy for Sensitive Groups,Ozone,20,Los Angeles,California,34.1141,-118.4068,12531334.0,3267.0,America/Los_Angeles,1986,4,24
1986-04-25,136,Unhealthy for Sensitive Groups,Ozone,20,Los Angeles,California,34.1141,-118.4068,12531334.0,3267.0,America/Los_Angeles,1986,4,25
1986-04-26,164,Unhealthy,Ozone,19,Los Angeles,California,34.1141,-118.4068,12531334.0,3267.0,America/Los_Angeles,1986,4,26
1986-04-27,212,Very Unhealthy,Ozone,19,Los Angeles,California,34.1141,-118.4068,12531334.0,3267.0,America/Los_Angeles,1986,4,27
1986-04-28,239,Very Unhealthy,Ozone,20,Los Angeles,California,34.1141,-118.4068,12531334.0,3267.0,America/Los_Angeles,1986,4,28
1986-04-29,179,Unhealthy,Ozone,20,Los Angeles,California,34.1141,-118.4068,12531334.0,3267.0,America/Los_Angeles,1986,4,29
1986-04-30,202,Very Unhealthy,Ozone,20,Los Angeles,California,34.1141,-118.4068,12531334.0,3267.0,America/Los_Angeles,1986,4,30
1986-05-01,232,Very Unhealthy,Ozone,20,Los Angeles,California,34.1141,-118.4068,12531334.0,3267.0,America/Los_Angeles,1986,5,1
1986-05-02,207,Very Unhealthy,Ozone,20,Los Angeles,California,34.1141,-118.4068,12531334.0,3267.0,America/Los_Angeles,1986,5,2
1986-05-03,68,Moderate,NO2,20,Los Angeles,California,34.1141,-118.4068,12531334.0,3267.0,America/Los_Angeles,1986,5,3
1986-05-04,90,Moderate,Ozone,20,Los Angeles,California,34.1141,-118.4068,12531334.0,3267.0,America/Los_Angeles,1986,5,4
1986-05-05,100,Moderate,Ozone,20,Los Angeles,California,34.1141,-118.4068,12531334.0,3267.0,America/Los_Angeles,1986,5,5
1986-05-06,57,Moderate,NO2,20,Los Angeles,California,34.1141,-118.4068,12531334.0,3267.0,America/Los_Angeles,1986,5,6
1986-05-07,71,Moderate,Ozone,20,Los Angeles,California,34.1141,-118.4068,12531334.0,3267.0,America/Los_Angeles,1986,5,7
1986-05-08,166,Unhealthy,Ozone,20,Los Angeles,California,34.1141,-118.4068,12531334.0,3267.0,America/Los_Angeles,1986,5,8
1986-05-09,226,Very Unhealthy,Ozone,20,Los Angeles,California,34.1141,-118.4068,12531334.0,3267.0,America/Los_Angeles,1986,5,9
1986-05-10,161,Unhealthy,Ozone,20,Los Angeles,California,34.1141,-118.4068,12531334.0,3267.0,America/Los_Angeles,1986,5,10
1986-05-11,105,Unhealthy for Sensitive Groups,Ozone,19,Los Angeles,California,34.1141,-118.4068,12531334.0,3267.0,America/Los_Angeles,1986,5,11
1986-05-12,161,Unhealthy,Ozone,20,Los Angeles,California,34.1141,-118.4068,12531334.0,3267.0,America/Los_Angeles,1986,5,12
1986-05-13,187,Unhealthy,Ozone,20,Los Angeles,California,34.1141,-118.4068,12531334.0,3267.0,America/Los_Angeles,1986,5,13
1986-05-14,126,Unhealthy for Sensitive Groups,Ozone,20,Los Angeles,California,34.1141,-118.4068,12531334.0,3267.0,America/Los_Angeles,1986,5,14
1986-05-15,174,Unhealthy,Ozone,20,Los Angeles,California,34.1141,-118.4068,12531334.0,3267.0,America/Los_Angeles,1986,5,15
1986-05-16,221,Very Unhealthy,Ozone,20,Los Angeles,California,34.1141,-118.4068,12531334.0,3267.0,America/Los_Angeles,1986,5,16
1986-05-17,254,Very Unhealthy,Ozone,20,Los Angeles,California,34.1141,-118.4068,12531334.0,3267.0,America/Los_Angeles,1986,5,17
1986-05-18,289,Very Unhealthy,Ozone,20,Los Angeles,California,34.1141,-118.4068,12531334.0,3267.0,America/Los_Angeles,1986,5,18
1986-05-19,249,Very Unhealthy,Ozone,20,Los Angeles,California,34.1141,-118.4068,12531334.0,3267.0,America/Los_Angeles,1986,5,19
1986-05-20,212,Very Unhealthy,Ozone,20,Los Angeles,California,34.1141,-118.4068,12531334.0,3267.0,America/Los_Angeles,1986,5,20
1986-05-21,126,Unhealthy for Sensitive Groups,Ozone,20,Los Angeles,California,34.1141,-118.4068,12531334.0,3267.0,America/Los_Angeles,1986,5,21
1986-05-22,190,Unhealthy,Ozone,20,Los Angeles,California,34.1141,-118.4068,12531334.0,3267.0,America/Los_Angeles,1986,5,22
1986-05-23,202,Very Unhealthy,Ozone,20,Los Angeles,California,34.1141,-118.4068,12531334.0,3267.0,America/Los_Angeles,1986,5,23
1986-05-24,300,Very Unhealthy,Ozone,20,Los Angeles,California,34.1141,-118.4068,12531334.0,3267.0,America/Los_Angeles,1986,5,24
1986-05-25,300,Very Unhealthy,Ozone,20,Los Angeles,California,34.1141,-118.4068,12531334.0,3267.0,America/Los_Angeles,1986,5,25
1986-05-26,244,Very Unhealthy,Ozone,20,Los Angeles,California,34.1141,-118.4068,12531334.0,3267.0,America/Los_Angeles,1986,5,26
1986-05-27,265,Very Unhealthy,Ozone,20,Los Angeles,California,34.1141,-118.4068,12531334.0,3267.0,America/Los_Angeles,1986,5,27
1986-05-28,280,Very Unhealthy,Ozone,19,Los Angeles,California,34.1141,-118.4068,12531334.0,3267.0,America/Los_Angeles,1986,5,28
1986-05-29,264,Very Unhealthy,Ozone,19,Los Angeles,California,34.1141,-118.4068,12531334.0,3267.0,America/Los_Angeles,1986,5,29
1986-05-30,210,Very Unhealthy,Ozone,19,Los Angeles,California,34.1141,-118.4068,12531334.0,3267.0,America/Los_Angeles,1986,5,30
1986-05-31,207,Very Unhealthy,Ozone,19,Los Angeles,California,34.1141,-118.4068,12531334.0,3267.0,America/Los_Angeles,1986,5,31
1986-06-01,207,Very Unhealthy,Ozone,19,Los Angeles,California,34.1141,-118.4068,12531334.0,3267.0,America/Los_Angeles,1986,6,1
1986-06-02,233,Very Unhealthy,Ozone,19,Los Angeles,California,34.1141,-118.4068,12531334.0,3267.0,America/Los_Angeles,1986,6,2
1986-06-03,258,Very Unhealthy,Ozone,19,Los Angeles,California,34.1141,-118.4068,12531334.0,3267.0,America/Los_Angeles,1986,6,3
1986-06-04,226,Very Unhealthy,Ozone,20,Los Angeles,California,34.1141,-118.4068,12531334.0,3267.0,America/Los_Angeles,1986,6,4
1986-06-05,143,Unhealthy for Sensitive Groups,Ozone,20,Los Angeles,California,34.1141,-118.4068,12531334.0,3267.0,America/Los_Angeles,1986,6,5
1986-06-06,206,Very Unhealthy,Ozone,20,Los Angeles,California,34.1141,-118.4068,12531334.0,3267.0,America/Los_Angeles,1986,6,6
1986-06-07,213,Very Unhealthy,Ozone,20,Los Angeles,California,34.1141,-118.4068,12531334.0,3267.0,America/Los_Angeles,1986,6,7
1986-06-08,219,Very Unhealthy,Ozone,20,Los Angeles,California,34.1141,-118.4068,12531334.0,3267.0,America/Los_Angeles,1986,6,8
1986-06-09,251,Very Unhealthy,Ozone,20,Los Angeles,California,34.1141,-118.4068,12531334.0,3267.0,America/Los_Angeles,1986,6,9
1986-06-10,268,Very Unhealthy,Ozone,20,Los Angeles,California,34.1141,-118.4068,12531334.0,3267.0,America/Los_Angeles,1986,6,10
1986-06-11,248,Very Unhealthy,Ozone,20,Los Angeles,California,34.1141,-118.4068,12531334.0,3267.0,America/Los_Angeles,1986,6,11
1986-06-12,240,Very Unhealthy,Ozone,20,Los Angeles,California,34.1141,-118.4068,12531334.0,3267.0,America/Los_Angeles,1986,6,12
1986-06-13,264,Very Unhealthy,Ozone,20,Los Angeles,California,34.1141,-118.4068,12531334.0,3267.0,America/Los_Angeles,1986,6,13
1986-06-14,268,Very Unhealthy,Ozone,20,Los Angeles,California,34.1141,-118.4068,12531334.0,3267.0,America/Los_Angeles,1986,6,14
1986-06-15,243,Very Unhealthy,Ozone,20,Los Angeles,California,34.1141,-118.4068,12531334.0,3267.0,America/Los_Angeles,1986,6,15
1986-06-16,217,Very Unhealthy,Ozone,20,Los Angeles,California,34.1141,-118.4068,12531334.0,3267.0,America/Los_Angeles,1986,6,16
1986-06-17,240,Very Unhealthy,Ozone,20,Los Angeles,California,34.1141,-118.4068,12531334.0,3267.0,America/Los_Angeles,1986,6,17
1986-06-18,251,Very Unhealthy,Ozone,20,Los Angeles,California,34.1141,-118.4068,12531334.0,3267.0,America/Los_Angeles,1986,6,18
1986-06-19,255,Very Unhealthy,Ozone,20,Los Angeles,California,34.1141,-118.4068,12531334.0,3267.0,America/Los_Angeles,1986,6,19
1986-06-20,243,Very Unhealthy,Ozone,20,Los Angeles,California,34.1141,-118.4068,12531334.0,3267.0,America/Los_Angeles,1986,6,20
1986-06-21,261,Very Unhealthy,Ozone,20,Los Angeles,California,34.1141,-118.4068,12531334.0,3267.0,America/Los_Angeles,1986,6,21
1986-06-22,281,Very Unhealthy,Ozone,20,Los Angeles,California,34.1141,-118.4068,12531334.0,3267.0,America/Los_Angeles,1986,6,22
1986-06-23,285,Very Unhealthy,Ozone,20,Los Angeles,California,34.1141,-118.4068,12531334.0,3267.0,America/Los_Angeles,1986,6,23
1986-06-24,281,Very Unhealthy,Ozone,20,Los Angeles,California,34.1141,-118.4068,12531334.0,3267.0,America/Los_Angeles,1986,6,24
1986-06-25,284,Very Unhealthy,Ozone,20,Los Angeles,California,34.1141,-118.4068,12531334.0,3267.0,America/Los_Angeles,1986,6,25
1986-06-26,286,Very Unhealthy,Ozone,20,Los Angeles,California,34.1141,-118.4068,12531334.0,3267.0,America/Los_Angeles,1986,6,26
1986-06-27,289,Very Unhealthy,Ozone,20,Los Angeles,California,34.1141,-118.4068,12531334.0,3267.0,America/Los_Angeles,1986,6,27
1986-06-28,268,Very Unhealthy,Ozone,20,Los Angeles,California,34.1141,-118.4068,12531334.0,3267.0,America/Los_Angeles,1986,6,28
1986-06-29,205,Very Unhealthy,Ozone,20,Los Angeles,California,34.1141,-118.4068,12531334.0,3267.0,America/Los_Angeles,1986,6,29
1986-06-30,224,Very Unhealthy,Ozone,20,Los Angeles,California,34.1141,-118.4068,12531334.0,3267.0,America/Los_Angeles,1986,6,30
1986-07-01,242,Very Unhealthy,Ozone,20,Los Angeles,California,34.1141,-118.4068,12531334.0,3267.0,America/Los_Angeles,1986,7,1
1986-07-02,253,Very Unhealthy,Ozone,20,Los Angeles,California,34.1141,-118.4068,12531334.0,3267.0,America/Los_Angeles,1986,7,2
1986-07-03,228,Very Unhealthy,Ozone,20,Los Angeles,California,34.1141,-118.4068,12531334.0,3267.0,America/Los_Angeles,1986,7,3
1986-07-04,182,Unhealthy,Ozone,20,Los Angeles,California,34.1141,-118.4068,12531334.0,3267.0,America/Los_Angeles,1986,7,4
1986-07-05,115,Unhealthy for Sensitive Groups,Ozone,20,Los Angeles,California,34.1141,-118.4068,12531334.0,3267.0,America/Los_Angeles,1986,7,5
1986-07-06,151,Unhealthy,Ozone,20,Los Angeles,California,34.1141,-118.4068,12531334.0,3267.0,America/Los_Angeles,1986,7,6
1986-07-07,218,Very Unhealthy,Ozone,20,Los Angeles,California,34.1141,-118.4068,12531334.0,3267.0,America/Los_Angeles,1986,7,7
1986-07-08,253,Very Unhealthy,Ozone,20,Los Angeles,California,34.1141,-118.4068,12531334.0,3267.0,America/Los_Angeles,1986,7,8
1986-07-09,203,Very Unhealthy,Ozone,20,Los Angeles,California,34.1141,-118.4068,12531334.0,3267.0,America/Los_Angeles,1986,7,9
1986-07-10,248,Very Unhealthy,Ozone,20,Los Angeles,California,34.1141,-118.4068,12531334.0,3267.0,America/Los_Angeles,1986,7,10
1986-07-11,249,Very Unhealthy,Ozone,20,Los Angeles,California,34.1141,-118.4068,12531334.0,3267.0,America/Los_Angeles,1986,7,11
1986-07-12,245,Very Unhealthy,Ozone,20,Los Angeles,California,34.1141,-118.4068,12531334.0,3267.0,America/Los_Angeles,1986,7,12
1986-07-13,229,Very Unhealthy,Ozone,20,Los Angeles,California,34.1141,-118.4068,12531334.0,3267.0,America/Los_Angeles,1986,7,13
1986-07-14,208,Very Unhealthy,Ozone,20,Los Angeles,California,34.1141,-118.4068,12531334.0,3267.0,America/Los_Angeles,1986,7,14
1986-07-15,103,Unhealthy for Sensitive Groups,NO2,20,Los Angeles,California,34.1141,-118.4068,12531334.0,3267.0,America/Los_Angeles,1986,7,15
1986-07-16,177,Unhealthy,Ozone,20,Los Angeles,California,34.1141,-118.4068,12531334.0,3267.0,America/Los_Angeles,1986,7,16
1986-07-17,206,Very Unhealthy,Ozone,20,Los Angeles,California,34.1141,-118.4068,12531334.0,3267.0,America/Los_Angeles,1986,7,17
1986-07-18,247,Very Unhealthy,Ozone,20,Los Angeles,California,34.1141,-118.4068,12531334.0,3267.0,America/Los_Angeles,1986,7,18
1986-07-19,271,Very Unhealthy,Ozone,20,Los Angeles,California,34.1141,-118.4068,12531334.0,3267.0,America/Los_Angeles,1986,7,19
1986-07-20,281,Very Unhealthy,Ozone,20,Los Angeles,California,34.1141,-118.4068,12531334.0,3267.0,America/Los_Angeles,1986,7,20
1986-07-21,190,Unhealthy,Ozone,20,Los Angeles,California,34.1141,-118.4068,12531334.0,3267.0,America/Los_Angeles,1986,7,21
1986-07-22,156,Unhealthy,Ozone,20,Los Angeles,California,34.1141,-118.4068,12531334.0,3267.0,America/Los_Angeles,1986,7,22
1986-07-23,210,Very Unhealthy,Ozone,20,Los Angeles,California,34.1141,-118.4068,12531334.0,3267.0,America/Los_Angeles,1986,7,23
1986-07-24,174,Unhealthy,Ozone,20,Los Angeles,California,34.1141,-118.4068,12531334.0,3267.0,America/Los_Angeles,1986,7,24
1986-07-25,195,Unhealthy,Ozone,20,Los Angeles,California,34.1141,-118.4068,12531334.0,3267.0,America/Los_Angeles,1986,7,25
1986-07-26,217,Very Unhealthy,Ozone,20,Los Angeles,California,34.1141,-118.4068,12531334.0,3267.0,America/Los_Angeles,1986,7,26
1986-07-27,235,Very Unhealthy,Ozone,20,Los Angeles,California,34.1141,-118.4068,12531334.0,3267.0,America/Los_Angeles,1986,7,27
1986-07-28,235,Very Unhealthy,Ozone,20,Los Angeles,California,34.1141,-118.4068,12531334.0,3267.0,America/Los_Angeles,1986,7,28
1986-07-29,268,Very Unhealthy,Ozone,20,Los Angeles,California,34.1141,-118.4068,12531334.0,3267.0,America/Los_Angeles,1986,7,29
1986-07-30,289,Very Unhealthy,Ozone,20,Los Angeles,California,34.1141,-118.4068,12531334.0,3267.0,America/Los_Angeles,1986,7,30
1986-07-31,300,Very Unhealthy,Ozone,20,Los Angeles,California,34.1141,-118.4068,12531334.0,3267.0,America/Los_Angeles,1986,7,31
1986-08-01,274,Very Unhealthy,Ozone,20,Los Angeles,California,34.1141,-118.4068,12531334.0,3267.0,America/Los_Angeles,1986,8,1
1986-08-02,285,Very Unhealthy,Ozone,20,Los Angeles,California,34.1141,-118.4068,12531334.0,3267.0,America/Los_Angeles,1986,8,2
1986-08-03,295,Very Unhealthy,Ozone,20,Los Angeles,California,34.1141,-118.4068,12531334.0,3267.0,America/Los_Angeles,1986,8,3
1986-08-04,261,Very Unhealthy,Ozone,20,Los Angeles,California,34.1141,-118.4068,12531334.0,3267.0,America/Los_Angeles,1986,8,4
1986-08-05,277,Very Unhealthy,Ozone,20,Los Angeles,California,34.1141,-118.4068,12531334.0,3267.0,America/Los_Angeles,1986,8,5
1986-08-06,280,Very Unhealthy,Ozone,20,Los Angeles,California,34.1141,-118.4068,12531334.0,3267.0,America/Los_Angeles,1986,8,6
1986-08-07,281,Very Unhealthy,Ozone,20,Los Angeles,California,34.1141,-118.4068,12531334.0,3267.0,America/Los_Angeles,1986,8,7
1986-08-08,285,Very Unhealthy,Ozone,20,Los Angeles,California,34.1141,-118.4068,12531334.0,3267.0,America/Los_Angeles,1986,8,8
1986-08-09,282,Very Unhealthy,Ozone,20,Los Angeles,California,34.1141,-118.4068,12531334.0,3267.0,America/Los_Angeles,1986,8,9
1986-08-10,277,Very Unhealthy,Ozone,20,Los Angeles,California,34.1141,-118.4068,12531334.0,3267.0,America/Los_Angeles,1986,8,10
1986-08-11,261,Very Unhealthy,Ozone,20,Los Angeles,California,34.1141,-118.4068,12531334.0,3267.0,America/Los_Angeles,1986,8,11
1986-08-12,234,Very Unhealthy,Ozone,20,Los Angeles,California,34.1141,-118.4068,12531334.0,3267.0,America/Los_Angeles,1986,8,12
1986-08-13,227,Very Unhealthy,Ozone,20,Los Angeles,California,34.1141,-118.4068,12531334.0,3267.0,America/Los_Angeles,1986,8,13
1986-08-14,264,Very Unhealthy,Ozone,20,Los Angeles,California,34.1141,-118.4068,12531334.0,3267.0,America/Los_Angeles,1986,8,14
1986-08-15,240,Very Unhealthy,Ozone,20,Los Angeles,California,34.1141,-118.4068,12531334.0,3267.0,America/Los_Angeles,1986,8,15
1986-08-16,277,Very Unhealthy,Ozone,20,Los Angeles,California,34.1141,-118.4068,12531334.0,3267.0,America/Los_Angeles,1986,8,16
1986-08-17,277,Very Unhealthy,Ozone,20,Los Angeles,California,34.1141,-118.4068,12531334.0,3267.0,America/Los_Angeles,1986,8,17
1986-08-18,248,Very Unhealthy,Ozone,20,Los Angeles,California,34.1141,-118.4068,12531334.0,3267.0,America/Los_Angeles,1986,8,18
1986-08-19,253,Very Unhealthy,Ozone,20,Los Angeles,California,34.1141,-118.4068,12531334.0,3267.0,America/Los_Angeles,1986,8,19
1986-08-20,248,Very Unhealthy,Ozone,20,Los Angeles,California,34.1141,-118.4068,12531334.0,3267.0,America/Los_Angeles,1986,8,20
1986-08-21,261,Very Unhealthy,Ozone,20,Los Angeles,California,34.1141,-118.4068,12531334.0,3267.0,America/Los_Angeles,1986,8,21
1986-08-22,295,Very Unhealthy,Ozone,20,Los Angeles,California,34.1141,-118.4068,12531334.0,3267.0,America/Los_Angeles,1986,8,22
1986-08-23,276,Very Unhealthy,Ozone,20,Los Angeles,California,34.1141,-118.4068,12531334.0,3267.0,America/Los_Angeles,1986,8,23
1986-08-24,268,Very Unhealthy,Ozone,20,Los Angeles,California,34.1141,-118.4068,12531334.0,3267.0,America/Los_Angeles,1986,8,24
1986-08-25,234,Very Unhealthy,Ozone,20,Los Angeles,California,34.1141,-118.4068,12531334.0,3267.0,America/Los_Angeles,1986,8,25
1986-08-26,258,Very Unhealthy,Ozone,20,Los Angeles,California,34.1141,-118.4068,12531334.0,3267.0,America/Los_Angeles,1986,8,26
1986-08-27,253,Very Unhealthy,Ozone,20,Los Angeles,California,34.1141,-118.4068,12531334.0,3267.0,America/Los_Angeles,1986,8,27
1986-08-28,229,Very Unhealthy,Ozone,19,Los Angeles,California,34.1141,-118.4068,12531334.0,3267.0,America/Los_Angeles,1986,8,28
1986-08-29,272,Very Unhealthy,Ozone,20,Los Angeles,California,34.1141,-118.4068,12531334.0,3267.0,America/Los_Angeles,1986,8,29
1986-08-30,234,Very Unhealthy,Ozone,20,Los Angeles,California,34.1141,-118.4068,12531334.0,3267.0,America/Los_Angeles,1986,8,30
1986-08-31,201,Very Unhealthy,Ozone,19,Los Angeles,California,34.1141,-118.4068,12531334.0,3267.0,America/Los_Angeles,1986,8,31
1986-09-01,205,Very Unhealthy,Ozone,20,Los Angeles,California,34.1141,-118.4068,12531334.0,3267.0,America/Los_Angeles,1986,9,1
1986-09-02,216,Very Unhealthy,Ozone,20,Los Angeles,California,34.1141,-118.4068,12531334.0,3267.0,America/Los_Angeles,1986,9,2
1986-09-03,239,Very Unhealthy,Ozone,20,Los Angeles,California,34.1141,-118.4068,12531334.0,3267.0,America/Los_Angeles,1986,9,3
1986-09-04,289,Very Unhealthy,Ozone,20,Los Angeles,California,34.1141,-118.4068,12531334.0,3267.0,America/Los_Angeles,1986,9,4
1986-09-05,275,Very Unhealthy,Ozone,20,Los Angeles,California,34.1141,-118.4068,12531334.0,3267.0,America/Los_Angeles,1986,9,5
1986-09-06,289,Very Unhealthy,Ozone,20,Los Angeles,California,34.1141,-118.4068,12531334.0,3267.0,America/Los_Angeles,1986,9,6
1986-09-07,295,Very Unhealthy,Ozone,20,Los Angeles,California,34.1141,-118.4068,12531334.0,3267.0,America/Los_Angeles,1986,9,7
1986-09-08,229,Very Unhealthy,Ozone,20,Los Angeles,California,34.1141,-118.4068,12531334.0,3267.0,America/Los_Angeles,1986,9,8
1986-09-09,67,Moderate,Ozone,20,Los Angeles,California,34.1141,-118.4068,12531334.0,3267.0,America/Los_Angeles,1986,9,9
1986-09-10,136,Unhealthy for Sensitive Groups,Ozone,20,Los Angeles,California,34.1141,-118.4068,12531334.0,3267.0,America/Los_Angeles,1986,9,10
1986-09-11,216,Very Unhealthy,Ozone,20,Los Angeles,California,34.1141,-118.4068,12531334.0,3267.0,America/Los_Angeles,1986,9,11
1986-09-12,154,Unhealthy,Ozone,20,Los Angeles,California,34.1141,-118.4068,12531334.0,3267.0,America/Los_Angeles,1986,9,12
1986-09-13,177,Unhealthy,Ozone,20,Los Angeles,California,34.1141,-118.4068,12531334.0,3267.0,America/Los_Angeles,1986,9,13
1986-09-14,143,Unhealthy for Sensitive Groups,Ozone,20,Los Angeles,California,34.1141,-118.4068,12531334.0,3267.0,America/Los_Angeles,1986,9,14
1986-09-15,156,Unhealthy,Ozone,20,Los Angeles,California,34.1141,-118.4068,12531334.0,3267.0,America/Los_Angeles,1986,9,15
1986-09-16,195,Unhealthy,Ozone,20,Los Angeles,California,34.1141,-118.4068,12531334.0,3267.0,America/Los_Angeles,1986,9,16
1986-09-17,179,Unhealthy,Ozone,20,Los Angeles,California,34.1141,-118.4068,12531334.0,3267.0,America/Los_Angeles,1986,9,17
1986-09-18,100,Moderate,Ozone,20,Los Angeles,California,34.1141,-118.4068,12531334.0,3267.0,America/Los_Angeles,1986,9,18
1986-09-19,90,Moderate,Ozone,20,Los Angeles,California,34.1141,-118.4068,12531334.0,3267.0,America/Los_Angeles,1986,9,19
1986-09-20,133,Unhealthy for Sensitive Groups,Ozone,20,Los Angeles,California,34.1141,-118.4068,12531334.0,3267.0,America/Los_Angeles,1986,9,20
1986-09-21,177,Unhealthy,Ozone,20,Los Angeles,California,34.1141,-118.4068,12531334.0,3267.0,America/Los_Angeles,1986,9,21
1986-09-22,150,Unhealthy for Sensitive Groups,Ozone,20,Los Angeles,California,34.1141,-118.4068,12531334.0,3267.0,America/Los_Angeles,1986,9,22
1986-09-23,68,Moderate,NO2,20,Los Angeles,California,34.1141,-118.4068,12531334.0,3267.0,America/Los_Angeles,1986,9,23
1986-09-24,47,Good,NO2,20,Los Angeles,California,34.1141,-118.4068,12531334.0,3267.0,America/Los_Angeles,1986,9,24
1986-09-25,57,Moderate,NO2,20,Los Angeles,California,34.1141,-118.4068,12531334.0,3267.0,America/Los_Angeles,1986,9,25
1986-09-26,79,Moderate,NO2,20,Los Angeles,California,34.1141,-118.4068,12531334.0,3267.0,America/Los_Angeles,1986,9,26
1986-09-27,57,Moderate,NO2,20,Los Angeles,California,34.1141,-118.4068,12531334.0,3267.0,America/Los_Angeles,1986,9,27
1986-09-28,100,Moderate,Ozone,20,Los Angeles,California,34.1141,-118.4068,12531334.0,3267.0,America/Los_Angeles,1986,9,28
1986-09-29,169,Unhealthy,Ozone,20,Los Angeles,California,34.1141,-118.4068,12531334.0,3267.0,America/Los_Angeles,1986,9,29
1986-09-30,218,Very Unhealthy,Ozone,20,Los Angeles,California,34.1141,-118.4068,12531334.0,3267.0,America/Los_Angeles,1986,9,30
1986-10-01,100,Moderate,NO2,20,Los Angeles,California,34.1141,-118.4068,12531334.0,3267.0,America/Los_Angeles,1986,10,1
1986-10-02,79,Moderate,NO2,20,Los Angeles,California,34.1141,-118.4068,12531334.0,3267.0,America/Los_Angeles,1986,10,2
1986-10-03,156,Unhealthy,Ozone,20,Los Angeles,California,34.1141,-118.4068,12531334.0,3267.0,America/Los_Angeles,1986,10,3
1986-10-04,105,Unhealthy for Sensitive Groups,NO2,20,Los Angeles,California,34.1141,-118.4068,12531334.0,3267.0,America/Los_Angeles,1986,10,4
1986-10-05,192,Unhealthy,Ozone,20,Los Angeles,California,34.1141,-118.4068,12531334.0,3267.0,America/Los_Angeles,1986,10,5
1986-10-06,212,Very Unhealthy,Ozone,20,Los Angeles,California,34.1141,-118.4068,12531334.0,3267.0,America/Los_Angeles,1986,10,6
1986-10-07,214,Very Unhealthy,Ozone,20,Los Angeles,California,34.1141,-118.4068,12531334.0,3267.0,America/Los_Angeles,1986,10,7
1986-10-08,205,Very Unhealthy,Ozone,20,Los Angeles,California,34.1141,-118.4068,12531334.0,3267.0,America/Los_Angeles,1986,10,8
1986-10-09,79,Moderate,NO2,20,Los Angeles,California,34.1141,-118.4068,12531334.0,3267.0,America/Los_Angeles,1986,10,9
1986-10-10,68,Moderate,NO2,20,Los Angeles,California,34.1141,-118.4068,12531334.0,3267.0,America/Los_Angeles,1986,10,10
1986-10-11,47,Good,NO2,20,Los Angeles,California,34.1141,-118.4068,12531334.0,3267.0,America/Los_Angeles,1986,10,11
1986-10-12,156,Unhealthy,Ozone,20,Los Angeles,California,34.1141,-118.4068,12531334.0,3267.0,America/Los_Angeles,1986,10,12
1986-10-13,127,Unhealthy for Sensitive Groups,NO2,20,Los Angeles,California,34.1141,-118.4068,12531334.0,3267.0,America/Los_Angeles,1986,10,13
1986-10-14,156,Unhealthy,Ozone,20,Los Angeles,California,34.1141,-118.4068,12531334.0,3267.0,America/Los_Angeles,1986,10,14
1986-10-15,143,Unhealthy for Sensitive Groups,Ozone,20,Los Angeles,California,34.1141,-118.4068,12531334.0,3267.0,America/Los_Angeles,1986,10,15
1986-10-16,174,Unhealthy,Ozone,20,Los Angeles,California,34.1141,-118.4068,12531334.0,3267.0,America/Los_Angeles,1986,10,16
1986-10-17,89,Moderate,NO2,20,Los Angeles,California,34.1141,-118.4068,12531334.0,3267.0,America/Los_Angeles,1986,10,17
1986-10-18,133,Unhealthy for Sensitive Groups,Ozone,20,Los Angeles,California,34.1141,-118.4068,12531334.0,3267.0,America/Los_Angeles,1986,10,18
1986-10-19,177,Unhealthy,Ozone,20,Los Angeles,California,34.1141,-118.4068,12531334.0,3267.0,America/Los_Angeles,1986,10,19
1986-10-20,156,Unhealthy,Ozone,19,Los Angeles,California,34.1141,-118.4068,12531334.0,3267.0,America/Los_Angeles,1986,10,20
1986-10-21,108,Unhealthy for Sensitive Groups,NO2,18,Los Angeles,California,34.1141,-118.4068,12531334.0,3267.0,America/Los_Angeles,1986,10,21
1986-10-22,164,Unhealthy,Ozone,20,Los Angeles,California,34.1141,-118.4068,12531334.0,3267.0,America/Los_Angeles,1986,10,22
1986-10-23,143,Unhealthy for Sensitive Groups,Ozone,20,Los Angeles,California,34.1141,-118.4068,12531334.0,3267.0,America/Los_Angeles,1986,10,23
1986-10-24,156,Unhealthy,Ozone,20,Los Angeles,California,34.1141,-118.4068,12531334.0,3267.0,America/Los_Angeles,1986,10,24
1986-10-25,226,Very Unhealthy,Ozone,20,Los Angeles,California,34.1141,-118.4068,12531334.0,3267.0,America/Los_Angeles,1986,10,25
1986-10-26,255,Very Unhealthy,Ozone,20,Los Angeles,California,34.1141,-118.4068,12531334.0,3267.0,America/Los_Angeles,1986,10,26
1986-10-27,263,Very Unhealthy,Ozone,20,Los Angeles,California,34.1141,-118.4068,12531334.0,3267.0,America/Los_Angeles,1986,10,27
1986-10-28,203,Very Unhealthy,Ozone,20,Los Angeles,California,34.1141,-118.4068,12531334.0,3267.0,America/Los_Angeles,1986,10,28
1986-10-29,263,Very Unhealthy,Ozone,20,Los Angeles,California,34.1141,-118.4068,12531334.0,3267.0,America/Los_Angeles,1986,10,29
1986-10-30,200,Unhealthy,Ozone,20,Los Angeles,California,34.1141,-118.4068,12531334.0,3267.0,America/Los_Angeles,1986,10,30
1986-10-31,100,Moderate,NO2,20,Los Angeles,California,34.1141,-118.4068,12531334.0,3267.0,America/Los_Angeles,1986,10,31
1986-11-01,159,Unhealthy,CO,20,Los Angeles,California,34.1141,-118.4068,12531334.0,3267.0,America/Los_Angeles,1986,11,1
1986-11-02,136,Unhealthy for Sensitive Groups,CO,20,Los Angeles,California,34.1141,-118.4068,12531334.0,3267.0,America/Los_Angeles,1986,11,2
1986-11-03,116,Unhealthy for Sensitive Groups,NO2,20,Los Angeles,California,34.1141,-118.4068,12531334.0,3267.0,America/Los_Angeles,1986,11,3
1986-11-04,110,Unhealthy for Sensitive Groups,NO2,20,Los Angeles,California,34.1141,-118.4068,12531334.0,3267.0,America/Los_Angeles,1986,11,4
1986-11-05,145,Unhealthy for Sensitive Groups,Ozone,20,Los Angeles,California,34.1141,-118.4068,12531334.0,3267.0,America/Los_Angeles,1986,11,5
1986-11-06,103,Unhealthy for Sensitive Groups,NO2,20,Los Angeles,California,34.1141,-118.4068,12531334.0,3267.0,America/Los_Angeles,1986,11,6
1986-11-07,100,Moderate,NO2,20,Los Angeles,California,34.1141,-118.4068,12531334.0,3267.0,America/Los_Angeles,1986,11,7
1986-11-08,109,Unhealthy for Sensitive Groups,CO,20,Los Angeles,California,34.1141,-118.4068,12531334.0,3267.0,America/Los_Angeles,1986,11,8
1986-11-09,89,Moderate,NO2,20,Los Angeles,California,34.1141,-118.4068,12531334.0,3267.0,America/Los_Angeles,1986,11,9
1986-11-10,108,Unhealthy for Sensitive Groups,NO2,20,Los Angeles,California,34.1141,-118.4068,12531334.0,3267.0,America/Los_Angeles,1986,11,10
1986-11-11,108,Unhealthy for Sensitive Groups,NO2,20,Los Angeles,California,34.1141,-118.4068,12531334.0,3267.0,America/Los_Angeles,1986,11,11
1986-11-12,136,Unhealthy for Sensitive Groups,CO,20,Los Angeles,California,34.1141,-118.4068,12531334.0,3267.0,America/Los_Angeles,1986,11,12
1986-11-13,176,Unhealthy,CO,20,Los Angeles,California,34.1141,-118.4068,12531334.0,3267.0,America/Los_Angeles,1986,11,13
1986-11-14,106,Unhealthy for Sensitive Groups,NO2,20,Los Angeles,California,34.1141,-118.4068,12531334.0,3267.0,America/Los_Angeles,1986,11,14
1986-11-15,105,Unhealthy for Sensitive Groups,NO2,20,Los Angeles,California,34.1141,-118.4068,12531334.0,3267.0,America/Los_Angeles,1986,11,15
1986-11-16,114,Unhealthy for Sensitive Groups,NO2,20,Los Angeles,California,34.1141,-118.4068,12531334.0,3267.0,America/Los_Angeles,1986,11,16
1986-11-17,100,Moderate,NO2,20,Los Angeles,California,34.1141,-118.4068,12531334.0,3267.0,America/Los_Angeles,1986,11,17
1986-11-18,67,Moderate,CO,20,Los Angeles,California,34.1141,-118.4068,12531334.0,3267.0,America/Los_Angeles,1986,11,18
1986-11-19,75,Moderate,CO,20,Los Angeles,California,34.1141,-118.4068,12531334.0,3267.0,America/Los_Angeles,1986,11,19
1986-11-20,120,Unhealthy for Sensitive Groups,NO2,20,Los Angeles,California,34.1141,-118.4068,12531334.0,3267.0,America/Los_Angeles,1986,11,20
1986-11-21,89,Moderate,NO2,20,Los Angeles,California,34.1141,-118.4068,12531334.0,3267.0,America/Los_Angeles,1986,11,21
1986-11-22,106,Unhealthy for Sensitive Groups,NO2,20,Los Angeles,California,34.1141,-118.4068,12531334.0,3267.0,America/Los_Angeles,1986,11,22
1986-11-23,104,Unhealthy for Sensitive Groups,CO,20,Los Angeles,California,34.1141,-118.4068,12531334.0,3267.0,America/Los_Angeles,1986,11,23
1986-11-24,126,Unhealthy for Sensitive Groups,CO,20,Los Angeles,California,34.1141,-118.4068,12531334.0,3267.0,America/Los_Angeles,1986,11,24
1986-11-25,208,Very Unhealthy,CO,20,Los Angeles,California,34.1141,-118.4068,12531334.0,3267.0,America/Los_Angeles,1986,11,25
1986-11-26,213,Very Unhealthy,CO,20,Los Angeles,California,34.1141,-118.4068,12531334.0,3267.0,America/Los_Angeles,1986,11,26
1986-11-27,198,Unhealthy,CO,20,Los Angeles,California,34.1141,-118.4068,12531334.0,3267.0,America/Los_Angeles,1986,11,27
1986-11-28,176,Unhealthy,CO,20,Los Angeles,California,34.1141,-118.4068,12531334.0,3267.0,America/Los_Angeles,1986,11,28
1986-11-29,151,Unhealthy,Ozone,20,Los Angeles,California,34.1141,-118.4068,12531334.0,3267.0,America/Los_Angeles,1986,11,29
1986-11-30,125,Unhealthy for Sensitive Groups,CO,20,Los Angeles,California,34.1141,-118.4068,12531334.0,3267.0,America/Los_Angeles,1986,11,30
1986-12-01,114,Unhealthy for Sensitive Groups,NO2,20,Los Angeles,California,34.1141,-118.4068,12531334.0,3267.0,America/Los_Angeles,1986,12,1
1986-12-02,183,Unhealthy,CO,20,Los Angeles,California,34.1141,-118.4068,12531334.0,3267.0,America/Los_Angeles,1986,12,2
1986-12-03,229,Very Unhealthy,CO,20,Los Angeles,California,34.1141,-118.4068,12531334.0,3267.0,America/Los_Angeles,1986,12,3
1986-12-04,207,Very Unhealthy,CO,20,Los Angeles,California,34.1141,-118.4068,12531334.0,3267.0,America/Los_Angeles,1986,12,4
1986-12-05,143,Unhealthy for Sensitive Groups,CO,20,Los Angeles,California,34.1141,-118.4068,12531334.0,3267.0,America/Los_Angeles,1986,12,5
1986-12-06,100,Moderate,NO2,20,Los Angeles,California,34.1141,-118.4068,12531334.0,3267.0,America/Los_Angeles,1986,12,6
1986-12-07,89,Moderate,NO2,19,Los Angeles,California,34.1141,-118.4068,12531334.0,3267.0,America/Los_Angeles,1986,12,7
1986-12-08,100,Moderate,CO,19,Los Angeles,California,34.1141,-118.4068,12531334.0,3267.0,America/Los_Angeles,1986,12,8
1986-12-09,125,Unhealthy for Sensitive Groups,CO,20,Los Angeles,California,34.1141,-118.4068,12531334.0,3267.0,America/Los_Angeles,1986,12,9
1986-12-10,192,Unhealthy,CO,20,Los Angeles,California,34.1141,-118.4068,12531334.0,3267.0,America/Los_Angeles,1986,12,10
1986-12-11,207,Very Unhealthy,CO,20,Los Angeles,California,34.1141,-118.4068,12531334.0,3267.0,America/Los_Angeles,1986,12,11
1986-12-12,128,Unhealthy for Sensitive Groups,CO,20,Los Angeles,California,34.1141,-118.4068,12531334.0,3267.0,America/Los_Angeles,1986,12,12
1986-12-13,120,Unhealthy for Sensitive Groups,CO,20,Los Angeles,California,34.1141,-118.4068,12531334.0,3267.0,America/Los_Angeles,1986,12,13
1986-12-14,133,Unhealthy for Sensitive Groups,CO,20,Los Angeles,California,34.1141,-118.4068,12531334.0,3267.0,America/Los_Angeles,1986,12,14
1986-12-15,131,Unhealthy for Sensitive Groups,CO,20,Los Angeles,California,34.1141,-118.4068,12531334.0,3267.0,America/Los_Angeles,1986,12,15
1986-12-16,108,Unhealthy for Sensitive Groups,CO,20,Los Angeles,California,34.1141,-118.4068,12531334.0,3267.0,America/Los_Angeles,1986,12,16
1986-12-17,106,Unhealthy for Sensitive Groups,CO,20,Los Angeles,California,34.1141,-118.4068,12531334.0,3267.0,America/Los_Angeles,1986,12,17
1986-12-18,161,Unhealthy,CO,19,Los Angeles,California,34.1141,-118.4068,12531334.0,3267.0,America/Los_Angeles,1986,12,18
1986-12-19,142,Unhealthy for Sensitive Groups,CO,20,Los Angeles,California,34.1141,-118.4068,12531334.0,3267.0,America/Los_Angeles,1986,12,19
1986-12-20,89,Moderate,NO2,20,Los Angeles,California,34.1141,-118.4068,12531334.0,3267.0,America/Los_Angeles,1986,12,20
1986-12-21,103,Unhealthy for Sensitive Groups,NO2,20,Los Angeles,California,34.1141,-118.4068,12531334.0,3267.0,America/Los_Angeles,1986,12,21
1986-12-22,105,Unhealthy for Sensitive Groups,NO2,20,Los Angeles,California,34.1141,-118.4068,12531334.0,3267.0,America/Los_Angeles,1986,12,22
1986-12-23,128,Unhealthy for Sensitive Groups,CO,20,Los Angeles,California,34.1141,-118.4068,12531334.0,3267.0,America/Los_Angeles,1986,12,23
1986-12-24,175,Unhealthy,CO,20,Los Angeles,California,34.1141,-118.4068,12531334.0,3267.0,America/Los_Angeles,1986,12,24
1986-12-25,100,Moderate,NO2,20,Los Angeles,California,34.1141,-118.4068,12531334.0,3267.0,America/Los_Angeles,1986,12,25
1986-12-26,108,Unhealthy for Sensitive Groups,NO2,20,Los Angeles,California,34.1141,-118.4068,12531334.0,3267.0,America/Los_Angeles,1986,12,26
1986-12-27,143,Unhealthy for Sensitive Groups,CO,20,Los Angeles,California,34.1141,-118.4068,12531334.0,3267.0,America/Los_Angeles,1986,12,27
1986-12-28,175,Unhealthy,CO,20,Los Angeles,California,34.1141,-118.4068,12531334.0,3267.0,America/Los_Angeles,1986,12,28
1986-12-29,150,Unhealthy for Sensitive Groups,CO,20,Los Angeles,California,34.1141,-118.4068,12531334.0,3267.0,America/Los_Angeles,1986,12,29
1986-12-30,115,Unhealthy for Sensitive Groups,CO,20,Los Angeles,California,34.1141,-118.4068,12531334.0,3267.0,America/Los_Angeles,1986,12,30
1986-12-31,218,Very Unhealthy,CO,20,Los Angeles,California,34.1141,-118.4068,12531334.0,3267.0,America/Los_Angeles,1986,12,31
1987-01-01,159,Unhealthy,CO,20,Los Angeles,California,34.1141,-118.4068,12531334.0,3267.0,America/Los_Angeles,1987,1,1
1987-01-02,112,Unhealthy for Sensitive Groups,NO2,20,Los Angeles,California,34.1141,-118.4068,12531334.0,3267.0,America/Los_Angeles,1987,1,2
1987-01-03,173,Unhealthy,CO,20,Los Angeles,California,34.1141,-118.4068,12531334.0,3267.0,America/Los_Angeles,1987,1,3
1987-01-04,57,Moderate,NO2,20,Los Angeles,California,34.1141,-118.4068,12531334.0,3267.0,America/Los_Angeles,1987,1,4
1987-01-05,100,Moderate,NO2,20,Los Angeles,California,34.1141,-118.4068,12531334.0,3267.0,America/Los_Angeles,1987,1,5
1987-01-06,92,Moderate,CO,20,Los Angeles,California,34.1141,-118.4068,12531334.0,3267.0,America/Los_Angeles,1987,1,6
1987-01-07,73,Moderate,CO,20,Los Angeles,California,34.1141,-118.4068,12531334.0,3267.0,America/Los_Angeles,1987,1,7
1987-01-08,103,Unhealthy for Sensitive Groups,NO2,20,Los Angeles,California,34.1141,-118.4068,12531334.0,3267.0,America/Los_Angeles,1987,1,8
1987-01-09,143,Unhealthy for Sensitive Groups,CO,20,Los Angeles,California,34.1141,-118.4068,12531334.0,3267.0,America/Los_Angeles,1987,1,9
1987-01-10,186,Unhealthy,CO,20,Los Angeles,California,34.1141,-118.4068,12531334.0,3267.0,America/Los_Angeles,1987,1,10
1987-01-11,181,Unhealthy,CO,20,Los Angeles,California,34.1141,-118.4068,12531334.0,3267.0,America/Los_Angeles,1987,1,11
1987-01-12,110,Unhealthy for Sensitive Groups,NO2,20,Los Angeles,California,34.1141,-118.4068,12531334.0,3267.0,America/Los_Angeles,1987,1,12
1987-01-13,116,Unhealthy for Sensitive Groups,NO2,20,Los Angeles,California,34.1141,-118.4068,12531334.0,3267.0,America/Los_Angeles,1987,1,13
1987-01-14,159,Unhealthy,CO,20,Los Angeles,California,34.1141,-118.4068,12531334.0,3267.0,America/Los_Angeles,1987,1,14
1987-01-15,79,Moderate,NO2,20,Los Angeles,California,34.1141,-118.4068,12531334.0,3267.0,America/Los_Angeles,1987,1,15
1987-01-16,79,Moderate,NO2,19,Los Angeles,California,34.1141,-118.4068,12531334.0,3267.0,America/Los_Angeles,1987,1,16
1987-01-17,108,Unhealthy for Sensitive Groups,CO,19,Los Angeles,California,34.1141,-118.4068,12531334.0,3267.0,America/Los_Angeles,1987,1,17
1987-01-18,133,Unhealthy for Sensitive Groups,CO,19,Los Angeles,California,34.1141,-118.4068,12531334.0,3267.0,America/Los_Angeles,1987,1,18
1987-01-19,110,Unhealthy for Sensitive Groups,NO2,19,Los Angeles,California,34.1141,-118.4068,12531334.0,3267.0,America/Los_Angeles,1987,1,19
1987-01-20,126,Unhealthy for Sensitive Groups,CO,19,Los Angeles,California,34.1141,-118.4068,12531334.0,3267.0,America/Los_Angeles,1987,1,20
1987-01-21,105,Unhealthy for Sensitive Groups,NO2,19,Los Angeles,California,34.1141,-118.4068,12531334.0,3267.0,America/Los_Angeles,1987,1,21
1987-01-22,176,Unhealthy,CO,19,Los Angeles,California,34.1141,-118.4068,12531334.0,3267.0,America/Los_Angeles,1987,1,22
1987-01-23,105,Unhealthy for Sensitive Groups,NO2,19,Los Angeles,California,34.1141,-118.4068,12531334.0,3267.0,America/Los_Angeles,1987,1,23
1987-01-24,100,Moderate,NO2,19,Los Angeles,California,34.1141,-118.4068,12531334.0,3267.0,America/Los_Angeles,1987,1,24
1987-01-25,159,Unhealthy,CO,19,Los Angeles,California,34.1141,-118.4068,12531334.0,3267.0,America/Los_Angeles,1987,1,25
1987-01-26,126,Unhealthy for Sensitive Groups,CO,20,Los Angeles,California,34.1141,-118.4068,12531334.0,3267.0,America/Los_Angeles,1987,1,26
1987-01-27,204,Very Unhealthy,CO,20,Los Angeles,California,34.1141,-118.4068,12531334.0,3267.0,America/Los_Angeles,1987,1,27
1987-01-28,103,Unhealthy for Sensitive Groups,NO2,20,Los Angeles,California,34.1141,-118.4068,12531334.0,3267.0,America/Los_Angeles,1987,1,28
1987-01-29,68,Moderate,NO2,20,Los Angeles,California,34.1141,-118.4068,12531334.0,3267.0,America/Los_Angeles,1987,1,29
1987-01-30,69,Moderate,CO,20,Los Angeles,California,34.1141,-118.4068,12531334.0,3267.0,America/Los_Angeles,1987,1,30
1987-01-31,100,Moderate,NO2,20,Los Angeles,California,34.1141,-118.4068,12531334.0,3267.0,America/Los_Angeles,1987,1,31
1987-02-01,179,Unhealthy,Ozone,20,Los Angeles,California,34.1141,-118.4068,12531334.0,3267.0,America/Los_Angeles,1987,2,1
1987-02-02,205,Very Unhealthy,CO,20,Los Angeles,California,34.1141,-118.4068,12531334.0,3267.0,America/Los_Angeles,1987,2,2
1987-02-03,106,Unhealthy for Sensitive Groups,NO2,20,Los Angeles,California,34.1141,-118.4068,12531334.0,3267.0,America/Los_Angeles,1987,2,3
1987-02-04,115,Unhealthy for Sensitive Groups,CO,20,Los Angeles,California,34.1141,-118.4068,12531334.0,3267.0,America/Los_Angeles,1987,2,4
1987-02-05,185,Unhealthy,CO,20,Los Angeles,California,34.1141,-118.4068,12531334.0,3267.0,America/Los_Angeles,1987,2,5
1987-02-06,210,Very Unhealthy,CO,20,Los Angeles,California,34.1141,-118.4068,12531334.0,3267.0,America/Los_Angeles,1987,2,6
1987-02-07,93,Moderate,CO,20,Los Angeles,California,34.1141,-118.4068,12531334.0,3267.0,America/Los_Angeles,1987,2,7
1987-02-08,100,Moderate,NO2,20,Los Angeles,California,34.1141,-118.4068,12531334.0,3267.0,America/Los_Angeles,1987,2,8
1987-02-09,68,Moderate,NO2,20,Los Angeles,California,34.1141,-118.4068,12531334.0,3267.0,America/Los_Angeles,1987,2,9
1987-02-10,79,Moderate,NO2,20,Los Angeles,California,34.1141,-118.4068,12531334.0,3267.0,America/Los_Angeles,1987,2,10
1987-02-11,68,Moderate,NO2,20,Los Angeles,California,34.1141,-118.4068,12531334.0,3267.0,America/Los_Angeles,1987,2,11
1987-02-12,79,Moderate,NO2,20,Los Angeles,California,34.1141,-118.4068,12531334.0,3267.0,America/Los_Angeles,1987,2,12
1987-02-13,57,Moderate,NO2,20,Los Angeles,California,34.1141,-118.4068,12531334.0,3267.0,America/Los_Angeles,1987,2,13
1987-02-14,89,Moderate,NO2,20,Los Angeles,California,34.1141,-118.4068,12531334.0,3267.0,America/Los_Angeles,1987,2,14
1987-02-15,57,Moderate,NO2,20,Los Angeles,California,34.1141,-118.4068,12531334.0,3267.0,America/Los_Angeles,1987,2,15
1987-02-16,57,Moderate,NO2,20,Los Angeles,California,34.1141,-118.4068,12531334.0,3267.0,America/Los_Angeles,1987,2,16
1987-02-17,103,Unhealthy for Sensitive Groups,NO2,20,Los Angeles,California,34.1141,-118.4068,12531334.0,3267.0,America/Los_Angeles,1987,2,17
1987-02-18,108,Unhealthy for Sensitive Groups,NO2,20,Los Angeles,California,34.1141,-118.4068,12531334.0,3267.0,America/Los_Angeles,1987,2,18
1987-02-19,68,Moderate,NO2,20,Los Angeles,California,34.1141,-118.4068,12531334.0,3267.0,America/Los_Angeles,1987,2,19
1987-02-20,89,Moderate,NO2,20,Los Angeles,California,34.1141,-118.4068,12531334.0,3267.0,America/Los_Angeles,1987,2,20
1987-02-21,103,Unhealthy for Sensitive Groups,NO2,20,Los Angeles,California,34.1141,-118.4068,12531334.0,3267.0,America/Los_Angeles,1987,2,21
1987-02-22,79,Moderate,NO2,20,Los Angeles,California,34.1141,-118.4068,12531334.0,3267.0,America/Los_Angeles,1987,2,22
1987-02-23,68,Moderate,NO2,20,Los Angeles,California,34.1141,-118.4068,12531334.0,3267.0,America/Los_Angeles,1987,2,23
1987-02-24,68,Moderate,NO2,20,Los Angeles,California,34.1141,-118.4068,12531334.0,3267.0,America/Los_Angeles,1987,2,24
1987-02-25,68,Moderate,NO2,20,Los Angeles,California,34.1141,-118.4068,12531334.0,3267.0,America/Los_Angeles,1987,2,25
1987-02-26,103,Unhealthy for Sensitive Groups,NO2,20,Los Angeles,California,34.1141,-118.4068,12531334.0,3267.0,America/Los_Angeles,1987,2,26
1987-02-27,100,Moderate,NO2,20,Los Angeles,California,34.1141,-118.4068,12531334.0,3267.0,America/Los_Angeles,1987,2,27
1987-02-28,89,Moderate,NO2,20,Los Angeles,California,34.1141,-118.4068,12531334.0,3267.0,America/Los_Angeles,1987,2,28
1987-03-01,172,Unhealthy,Ozone,20,Los Angeles,California,34.1141,-118.4068,12531334.0,3267.0,America/Los_Angeles,1987,3,1
1987-03-02,100,Moderate,NO2,20,Los Angeles,California,34.1141,-118.4068,12531334.0,3267.0,America/Los_Angeles,1987,3,2
1987-03-03,116,Unhealthy for Sensitive Groups,NO2,20,Los Angeles,California,34.1141,-118.4068,12531334.0,3267.0,America/Los_Angeles,1987,3,3
1987-03-04,116,Unhealthy for Sensitive Groups,NO2,20,Los Angeles,California,34.1141,-118.4068,12531334.0,3267.0,America/Los_Angeles,1987,3,4
1987-03-05,100,Moderate,NO2,20,Los Angeles,California,34.1141,-118.4068,12531334.0,3267.0,America/Los_Angeles,1987,3,5
1987-03-06,57,Moderate,NO2,19,Los Angeles,California,34.1141,-118.4068,12531334.0,3267.0,America/Los_Angeles,1987,3,6
1987-03-07,57,Moderate,NO2,18,Los Angeles,California,34.1141,-118.4068,12531334.0,3267.0,America/Los_Angeles,1987,3,7
1987-03-08,57,Moderate,NO2,19,Los Angeles,California,34.1141,-118.4068,12531334.0,3267.0,America/Los_Angeles,1987,3,8
1987-03-09,79,Moderate,NO2,20,Los Angeles,California,34.1141,-118.4068,12531334.0,3267.0,America/Los_Angeles,1987,3,9
1987-03-10,100,Moderate,NO2,20,Los Angeles,California,34.1141,-118.4068,12531334.0,3267.0,America/Los_Angeles,1987,3,10
1987-03-11,150,Unhealthy for Sensitive Groups,Ozone,20,Los Angeles,California,34.1141,-118.4068,12531334.0,3267.0,America/Los_Angeles,1987,3,11
1987-03-12,143,Unhealthy for Sensitive Groups,Ozone,20,Los Angeles,California,34.1141,-118.4068,12531334.0,3267.0,America/Los_Angeles,1987,3,12
1987-03-13,100,Moderate,NO2,20,Los Angeles,California,34.1141,-118.4068,12531334.0,3267.0,America/Los_Angeles,1987,3,13
1987-03-14,47,Good,NO2,20,Los Angeles,California,34.1141,-118.4068,12531334.0,3267.0,America/Los_Angeles,1987,3,14
1987-03-15,47,Good,NO2,19,Los Angeles,California,34.1141,-118.4068,12531334.0,3267.0,America/Los_Angeles,1987,3,15
1987-03-16,89,Moderate,NO2,19,Los Angeles,California,34.1141,-118.4068,12531334.0,3267.0,America/Los_Angeles,1987,3,16
1987-03-17,89,Moderate,NO2,20,Los Angeles,California,34.1141,-118.4068,12531334.0,3267.0,America/Los_Angeles,1987,3,17
1987-03-18,79,Moderate,NO2,20,Los Angeles,California,34.1141,-118.4068,12531334.0,3267.0,America/Los_Angeles,1987,3,18
1987-03-19,57,Moderate,NO2,20,Los Angeles,California,34.1141,-118.4068,12531334.0,3267.0,America/Los_Angeles,1987,3,19
1987-03-20,79,Moderate,NO2,20,Los Angeles,California,34.1141,-118.4068,12531334.0,3267.0,America/Los_Angeles,1987,3,20
1987-03-21,68,Moderate,NO2,20,Los Angeles,California,34.1141,-118.4068,12531334.0,3267.0,America/Los_Angeles,1987,3,21
1987-03-22,68,Moderate,NO2,20,Los Angeles,California,34.1141,-118.4068,12531334.0,3267.0,America/Los_Angeles,1987,3,22
1987-03-23,68,Moderate,NO2,20,Los Angeles,California,34.1141,-118.4068,12531334.0,3267.0,America/Los_Angeles,1987,3,23
1987-03-24,79,Moderate,NO2,20,Los Angeles,California,34.1141,-118.4068,12531334.0,3267.0,America/Los_Angeles,1987,3,24
1987-03-25,103,Unhealthy for Sensitive Groups,NO2,20,Los Angeles,California,34.1141,-118.4068,12531334.0,3267.0,America/Los_Angeles,1987,3,25
1987-03-26,106,Unhealthy for Sensitive Groups,NO2,20,Los Angeles,California,34.1141,-118.4068,12531334.0,3267.0,America/Los_Angeles,1987,3,26
1987-03-27,100,Moderate,NO2,19,Los Angeles,California,34.1141,-118.4068,12531334.0,3267.0,America/Los_Angeles,1987,3,27
1987-03-28,150,Unhealthy for Sensitive Groups,Ozone,20,Los Angeles,California,34.1141,-118.4068,12531334.0,3267.0,America/Los_Angeles,1987,3,28
1987-03-29,105,Unhealthy for Sensitive Groups,Ozone,20,Los Angeles,California,34.1141,-118.4068,12531334.0,3267.0,America/Los_Angeles,1987,3,29
1987-03-30,105,Unhealthy for Sensitive Groups,NO2,19,Los Angeles,California,34.1141,-118.4068,12531334.0,3267.0,America/Los_Angeles,1987,3,30
1987-03-31,106,Unhealthy for Sensitive Groups,NO2,20,Los Angeles,California,34.1141,-118.4068,12531334.0,3267.0,America/Los_Angeles,1987,3,31
1987-04-01,140,Unhealthy for Sensitive Groups,Ozone,21,Los Angeles,California,34.1141,-118.4068,12531334.0,3267.0,America/Los_Angeles,1987,4,1
1987-04-02,150,Unhealthy for Sensitive Groups,Ozone,21,Los Angeles,California,34.1141,-118.4068,12531334.0,3267.0,America/Los_Angeles,1987,4,2
1987-04-03,57,Moderate,NO2,21,Los Angeles,California,34.1141,-118.4068,12531334.0,3267.0,America/Los_Angeles,1987,4,3
1987-04-04,68,Moderate,NO2,21,Los Angeles,California,34.1141,-118.4068,12531334.0,3267.0,America/Los_Angeles,1987,4,4
1987-04-05,154,Unhealthy,Ozone,21,Los Angeles,California,34.1141,-118.4068,12531334.0,3267.0,America/Los_Angeles,1987,4,5
1987-04-06,169,Unhealthy,Ozone,21,Los Angeles,California,34.1141,-118.4068,12531334.0,3267.0,America/Los_Angeles,1987,4,6
1987-04-07,169,Unhealthy,Ozone,21,Los Angeles,California,34.1141,-118.4068,12531334.0,3267.0,America/Los_Angeles,1987,4,7
1987-04-08,161,Unhealthy,Ozone,21,Los Angeles,California,34.1141,-118.4068,12531334.0,3267.0,America/Los_Angeles,1987,4,8
1987-04-09,143,Unhealthy for Sensitive Groups,Ozone,21,Los Angeles,California,34.1141,-118.4068,12531334.0,3267.0,America/Los_Angeles,1987,4,9
1987-04-10,197,Unhealthy,Ozone,21,Los Angeles,California,34.1141,-118.4068,12531334.0,3267.0,America/Los_Angeles,1987,4,10
1987-04-11,126,Unhealthy for Sensitive Groups,Ozone,21,Los Angeles,California,34.1141,-118.4068,12531334.0,3267.0,America/Los_Angeles,1987,4,11
1987-04-12,143,Unhealthy for Sensitive Groups,Ozone,20,Los Angeles,California,34.1141,-118.4068,12531334.0,3267.0,America/Los_Angeles,1987,4,12
1987-04-13,179,Unhealthy,Ozone,20,Los Angeles,California,34.1141,-118.4068,12531334.0,3267.0,America/Los_Angeles,1987,4,13
1987-04-14,209,Very Unhealthy,Ozone,20,Los Angeles,California,34.1141,-118.4068,12531334.0,3267.0,America/Los_Angeles,1987,4,14
1987-04-15,218,Very Unhealthy,Ozone,21,Los Angeles,California,34.1141,-118.4068,12531334.0,3267.0,America/Los_Angeles,1987,4,15
1987-04-16,226,Very Unhealthy,Ozone,21,Los Angeles,California,34.1141,-118.4068,12531334.0,3267.0,America/Los_Angeles,1987,4,16
1987-04-17,213,Very Unhealthy,Ozone,21,Los Angeles,California,34.1141,-118.4068,12531334.0,3267.0,America/Los_Angeles,1987,4,17
1987-04-18,119,Unhealthy for Sensitive Groups,Ozone,21,Los Angeles,California,34.1141,-118.4068,12531334.0,3267.0,America/Los_Angeles,1987,4,18
1987-04-19,140,Unhealthy for Sensitive Groups,Ozone,21,Los Angeles,California,34.1141,-118.4068,12531334.0,3267.0,America/Los_Angeles,1987,4,19
1987-04-20,222,Very Unhealthy,Ozone,21,Los Angeles,California,34.1141,-118.4068,12531334.0,3267.0,America/Los_Angeles,1987,4,20
1987-04-21,164,Unhealthy,Ozone,21,Los Angeles,California,34.1141,-118.4068,12531334.0,3267.0,America/Los_Angeles,1987,4,21
1987-04-22,225,Very Unhealthy,Ozone,21,Los Angeles,California,34.1141,-118.4068,12531334.0,3267.0,America/Los_Angeles,1987,4,22
1987-04-23,187,Unhealthy,Ozone,21,Los Angeles,California,34.1141,-118.4068,12531334.0,3267.0,America/Los_Angeles,1987,4,23
1987-04-24,205,Very Unhealthy,Ozone,21,Los Angeles,California,34.1141,-118.4068,12531334.0,3267.0,America/Los_Angeles,1987,4,24
1987-04-25,169,Unhealthy,Ozone,21,Los Angeles,California,34.1141,-118.4068,12531334.0,3267.0,America/Los_Angeles,1987,4,25
1987-04-26,174,Unhealthy,Ozone,21,Los Angeles,California,34.1141,-118.4068,12531334.0,3267.0,America/Los_Angeles,1987,4,26
1987-04-27,203,Very Unhealthy,Ozone,21,Los Angeles,California,34.1141,-118.4068,12531334.0,3267.0,America/Los_Angeles,1987,4,27
1987-04-28,219,Very Unhealthy,Ozone,21,Los Angeles,California,34.1141,-118.4068,12531334.0,3267.0,America/Los_Angeles,1987,4,28
1987-04-29,115,Unhealthy for Sensitive Groups,Ozone,21,Los Angeles,California,34.1141,-118.4068,12531334.0,3267.0,America/Los_Angeles,1987,4,29
1987-04-30,57,Moderate,NO2,21,Los Angeles,California,34.1141,-118.4068,12531334.0,3267.0,America/Los_Angeles,1987,4,30
1987-05-01,61,Moderate,Ozone,21,Los Angeles,California,34.1141,-118.4068,12531334.0,3267.0,America/Los_Angeles,1987,5,1
1987-05-02,182,Unhealthy,Ozone,21,Los Angeles,California,34.1141,-118.4068,12531334.0,3267.0,America/Los_Angeles,1987,5,2
1987-05-03,234,Very Unhealthy,Ozone,21,Los Angeles,California,34.1141,-118.4068,12531334.0,3267.0,America/Los_Angeles,1987,5,3
1987-05-04,201,Very Unhealthy,Ozone,21,Los Angeles,California,34.1141,-118.4068,12531334.0,3267.0,America/Los_Angeles,1987,5,4
1987-05-05,234,Very Unhealthy,Ozone,21,Los Angeles,California,34.1141,-118.4068,12531334.0,3267.0,America/Los_Angeles,1987,5,5
1987-05-06,248,Very Unhealthy,Ozone,21,Los Angeles,California,34.1141,-118.4068,12531334.0,3267.0,America/Los_Angeles,1987,5,6
1987-05-07,119,Unhealthy for Sensitive Groups,Ozone,21,Los Angeles,California,34.1141,-118.4068,12531334.0,3267.0,America/Los_Angeles,1987,5,7
1987-05-08,221,Very Unhealthy,Ozone,21,Los Angeles,California,34.1141,-118.4068,12531334.0,3267.0,America/Los_Angeles,1987,5,8
1987-05-09,229,Very Unhealthy,Ozone,20,Los Angeles,California,34.1141,-118.4068,12531334.0,3267.0,America/Los_Angeles,1987,5,9
1987-05-10,232,Very Unhealthy,Ozone,20,Los Angeles,California,34.1141,-118.4068,12531334.0,3267.0,America/Los_Angeles,1987,5,10
1987-05-11,226,Very Unhealthy,Ozone,21,Los Angeles,California,34.1141,-118.4068,12531334.0,3267.0,America/Los_Angeles,1987,5,11
1987-05-12,245,Very Unhealthy,Ozone,21,Los Angeles,California,34.1141,-118.4068,12531334.0,3267.0,America/Los_Angeles,1987,5,12
1987-05-13,205,Very Unhealthy,Ozone,21,Los Angeles,California,34.1141,-118.4068,12531334.0,3267.0,America/Los_Angeles,1987,5,13
1987-05-14,216,Very Unhealthy,Ozone,21,Los Angeles,California,34.1141,-118.4068,12531334.0,3267.0,America/Los_Angeles,1987,5,14
1987-05-15,140,Unhealthy for Sensitive Groups,Ozone,21,Los Angeles,California,34.1141,-118.4068,12531334.0,3267.0,America/Los_Angeles,1987,5,15
1987-05-16,151,Unhealthy,Ozone,21,Los Angeles,California,34.1141,-118.4068,12531334.0,3267.0,America/Los_Angeles,1987,5,16
1987-05-17,169,Unhealthy,Ozone,21,Los Angeles,California,34.1141,-118.4068,12531334.0,3267.0,America/Los_Angeles,1987,5,17
1987-05-18,156,Unhealthy,Ozone,21,Los Angeles,California,34.1141,-118.4068,12531334.0,3267.0,America/Los_Angeles,1987,5,18
1987-05-19,71,Moderate,Ozone,21,Los Angeles,California,34.1141,-118.4068,12531334.0,3267.0,America/Los_Angeles,1987,5,19
1987-05-20,57,Moderate,NO2,21,Los Angeles,California,34.1141,-118.4068,12531334.0,3267.0,America/Los_Angeles,1987,5,20
1987-05-21,89,Moderate,NO2,21,Los Angeles,California,34.1141,-118.4068,12531334.0,3267.0,America/Los_Angeles,1987,5,21
1987-05-22,169,Unhealthy,Ozone,21,Los Angeles,California,34.1141,-118.4068,12531334.0,3267.0,America/Los_Angeles,1987,5,22
1987-05-23,150,Unhealthy for Sensitive Groups,Ozone,21,Los Angeles,California,34.1141,-118.4068,12531334.0,3267.0,America/Los_Angeles,1987,5,23
1987-05-24,140,Unhealthy for Sensitive Groups,Ozone,21,Los Angeles,California,34.1141,-118.4068,12531334.0,3267.0,America/Los_Angeles,1987,5,24
1987-05-25,58,Moderate,Ozone,21,Los Angeles,California,34.1141,-118.4068,12531334.0,3267.0,America/Los_Angeles,1987,5,25
1987-05-26,58,Moderate,Ozone,21,Los Angeles,California,34.1141,-118.4068,12531334.0,3267.0,America/Los_Angeles,1987,5,26
1987-05-27,93,Moderate,Ozone,21,Los Angeles,California,34.1141,-118.4068,12531334.0,3267.0,America/Los_Angeles,1987,5,27
1987-05-28,133,Unhealthy for Sensitive Groups,Ozone,21,Los Angeles,California,34.1141,-118.4068,12531334.0,3267.0,America/Los_Angeles,1987,5,28
1987-05-29,154,Unhealthy,Ozone,21,Los Angeles,California,34.1141,-118.4068,12531334.0,3267.0,America/Los_Angeles,1987,5,29
1987-05-30,219,Very Unhealthy,Ozone,21,Los Angeles,California,34.1141,-118.4068,12531334.0,3267.0,America/Los_Angeles,1987,5,30
1987-05-31,214,Very Unhealthy,Ozone,21,Los Angeles,California,34.1141,-118.4068,12531334.0,3267.0,America/Los_Angeles,1987,5,31
1987-06-01,216,Very Unhealthy,Ozone,21,Los Angeles,California,34.1141,-118.4068,12531334.0,3267.0,America/Los_Angeles,1987,6,1
1987-06-02,235,Very Unhealthy,Ozone,21,Los Angeles,California,34.1141,-118.4068,12531334.0,3267.0,America/Los_Angeles,1987,6,2
1987-06-03,234,Very Unhealthy,Ozone,21,Los Angeles,California,34.1141,-118.4068,12531334.0,3267.0,America/Los_Angeles,1987,6,3
1987-06-04,232,Very Unhealthy,Ozone,21,Los Angeles,California,34.1141,-118.4068,12531334.0,3267.0,America/Los_Angeles,1987,6,4
1987-06-05,234,Very Unhealthy,Ozone,21,Los Angeles,California,34.1141,-118.4068,12531334.0,3267.0,America/Los_Angeles,1987,6,5
1987-06-06,100,Moderate,NO2,21,Los Angeles,California,34.1141,-118.4068,12531334.0,3267.0,America/Los_Angeles,1987,6,6
1987-06-07,150,Unhealthy for Sensitive Groups,Ozone,21,Los Angeles,California,34.1141,-118.4068,12531334.0,3267.0,America/Los_Angeles,1987,6,7
1987-06-08,195,Unhealthy,Ozone,21,Los Angeles,California,34.1141,-118.4068,12531334.0,3267.0,America/Los_Angeles,1987,6,8
1987-06-09,254,Very Unhealthy,Ozone,21,Los Angeles,California,34.1141,-118.4068,12531334.0,3267.0,America/Los_Angeles,1987,6,9
1987-06-10,232,Very Unhealthy,Ozone,21,Los Angeles,California,34.1141,-118.4068,12531334.0,3267.0,America/Los_Angeles,1987,6,10
1987-06-11,240,Very Unhealthy,Ozone,21,Los Angeles,California,34.1141,-118.4068,12531334.0,3267.0,America/Los_Angeles,1987,6,11
1987-06-12,210,Very Unhealthy,Ozone,21,Los Angeles,California,34.1141,-118.4068,12531334.0,3267.0,America/Los_Angeles,1987,6,12
1987-06-13,237,Very Unhealthy,Ozone,21,Los Angeles,California,34.1141,-118.4068,12531334.0,3267.0,America/Los_Angeles,1987,6,13
1987-06-14,192,Unhealthy,Ozone,21,Los Angeles,California,34.1141,-118.4068,12531334.0,3267.0,America/Los_Angeles,1987,6,14
1987-06-15,100,Moderate,Ozone,21,Los Angeles,California,34.1141,-118.4068,12531334.0,3267.0,America/Los_Angeles,1987,6,15
1987-06-16,177,Unhealthy,Ozone,21,Los Angeles,California,34.1141,-118.4068,12531334.0,3267.0,America/Los_Angeles,1987,6,16
1987-06-17,200,Unhealthy,Ozone,21,Los Angeles,California,34.1141,-118.4068,12531334.0,3267.0,America/Los_Angeles,1987,6,17
1987-06-18,187,Unhealthy,Ozone,21,Los Angeles,California,34.1141,-118.4068,12531334.0,3267.0,America/Los_Angeles,1987,6,18
1987-06-19,205,Very Unhealthy,Ozone,21,Los Angeles,California,34.1141,-118.4068,12531334.0,3267.0,America/Los_Angeles,1987,6,19
1987-06-20,182,Unhealthy,Ozone,21,Los Angeles,California,34.1141,-118.4068,12531334.0,3267.0,America/Los_Angeles,1987,6,20
1987-06-21,214,Very Unhealthy,Ozone,21,Los Angeles,California,34.1141,-118.4068,12531334.0,3267.0,America/Los_Angeles,1987,6,21
1987-06-22,253,Very Unhealthy,Ozone,21,Los Angeles,California,34.1141,-118.4068,12531334.0,3267.0,America/Los_Angeles,1987,6,22
1987-06-23,247,Very Unhealthy,Ozone,21,Los Angeles,California,34.1141,-118.4068,12531334.0,3267.0,America/Los_Angeles,1987,6,23
1987-06-24,285,Very Unhealthy,Ozone,21,Los Angeles,California,34.1141,-118.4068,12531334.0,3267.0,America/Los_Angeles,1987,6,24
1987-06-25,268,Very Unhealthy,Ozone,21,Los Angeles,California,34.1141,-118.4068,12531334.0,3267.0,America/Los_Angeles,1987,6,25
1987-06-26,237,Very Unhealthy,Ozone,21,Los Angeles,California,34.1141,-118.4068,12531334.0,3267.0,America/Los_Angeles,1987,6,26
1987-06-27,253,Very Unhealthy,Ozone,21,Los Angeles,California,34.1141,-118.4068,12531334.0,3267.0,America/Los_Angeles,1987,6,27
1987-06-28,224,Very Unhealthy,Ozone,21,Los Angeles,California,34.1141,-118.4068,12531334.0,3267.0,America/Los_Angeles,1987,6,28
1987-06-29,207,Very Unhealthy,Ozone,21,Los Angeles,California,34.1141,-118.4068,12531334.0,3267.0,America/Los_Angeles,1987,6,29
1987-06-30,174,Unhealthy,Ozone,21,Los Angeles,California,34.1141,-118.4068,12531334.0,3267.0,America/Los_Angeles,1987,6,30
1987-07-01,182,Unhealthy,Ozone,21,Los Angeles,California,34.1141,-118.4068,12531334.0,3267.0,America/Los_Angeles,1987,7,1
1987-07-02,232,Very Unhealthy,Ozone,21,Los Angeles,California,34.1141,-118.4068,12531334.0,3267.0,America/Los_Angeles,1987,7,2
1987-07-03,234,Very Unhealthy,Ozone,21,Los Angeles,California,34.1141,-118.4068,12531334.0,3267.0,America/Los_Angeles,1987,7,3
1987-07-04,216,Very Unhealthy,Ozone,21,Los Angeles,California,34.1141,-118.4068,12531334.0,3267.0,America/Los_Angeles,1987,7,4
1987-07-05,206,Very Unhealthy,Ozone,21,Los Angeles,California,34.1141,-118.4068,12531334.0,3267.0,America/Los_Angeles,1987,7,5
1987-07-06,182,Unhealthy,Ozone,21,Los Angeles,California,34.1141,-118.4068,12531334.0,3267.0,America/Los_Angeles,1987,7,6
1987-07-07,224,Very Unhealthy,Ozone,21,Los Angeles,California,34.1141,-118.4068,12531334.0,3267.0,America/Los_Angeles,1987,7,7
1987-07-08,217,Very Unhealthy,Ozone,21,Los Angeles,California,34.1141,-118.4068,12531334.0,3267.0,America/Los_Angeles,1987,7,8
1987-07-09,182,Unhealthy,Ozone,21,Los Angeles,California,34.1141,-118.4068,12531334.0,3267.0,America/Los_Angeles,1987,7,9
1987-07-10,105,Unhealthy for Sensitive Groups,Ozone,21,Los Angeles,California,34.1141,-118.4068,12531334.0,3267.0,America/Los_Angeles,1987,7,10
1987-07-11,182,Unhealthy,Ozone,21,Los Angeles,California,34.1141,-118.4068,12531334.0,3267.0,America/Los_Angeles,1987,7,11
1987-07-12,212,Very Unhealthy,Ozone,21,Los Angeles,California,34.1141,-118.4068,12531334.0,3267.0,America/Los_Angeles,1987,7,12
1987-07-13,233,Very Unhealthy,Ozone,21,Los Angeles,California,34.1141,-118.4068,12531334.0,3267.0,America/Los_Angeles,1987,7,13
1987-07-14,240,Very Unhealthy,Ozone,21,Los Angeles,California,34.1141,-118.4068,12531334.0,3267.0,America/Los_Angeles,1987,7,14
1987-07-15,227,Very Unhealthy,Ozone,21,Los Angeles,California,34.1141,-118.4068,12531334.0,3267.0,America/Los_Angeles,1987,7,15
1987-07-16,187,Unhealthy,Ozone,21,Los Angeles,California,34.1141,-118.4068,12531334.0,3267.0,America/Los_Angeles,1987,7,16
1987-07-17,51,Moderate,Ozone,20,Los Angeles,California,34.1141,-118.4068,12531334.0,3267.0,America/Los_Angeles,1987,7,17
1987-07-18,166,Unhealthy,Ozone,21,Los Angeles,California,34.1141,-118.4068,12531334.0,3267.0,America/Los_Angeles,1987,7,18
1987-07-19,214,Very Unhealthy,Ozone,21,Los Angeles,California,34.1141,-118.4068,12531334.0,3267.0,America/Los_Angeles,1987,7,19
1987-07-20,100,Moderate,NO2,21,Los Angeles,California,34.1141,-118.4068,12531334.0,3267.0,America/Los_Angeles,1987,7,20
1987-07-21,61,Moderate,Ozone,21,Los Angeles,California,34.1141,-118.4068,12531334.0,3267.0,America/Los_Angeles,1987,7,21
1987-07-22,105,Unhealthy for Sensitive Groups,Ozone,21,Los Angeles,California,34.1141,-118.4068,12531334.0,3267.0,America/Los_Angeles,1987,7,22
1987-07-23,201,Very Unhealthy,Ozone,21,Los Angeles,California,34.1141,-118.4068,12531334.0,3267.0,America/Los_Angeles,1987,7,23
1987-07-24,218,Very Unhealthy,Ozone,21,Los Angeles,California,34.1141,-118.4068,12531334.0,3267.0,America/Los_Angeles,1987,7,24
1987-07-25,266,Very Unhealthy,Ozone,21,Los Angeles,California,34.1141,-118.4068,12531334.0,3267.0,America/Los_Angeles,1987,7,25
1987-07-26,272,Very Unhealthy,Ozone,21,Los Angeles,California,34.1141,-118.4068,12531334.0,3267.0,America/Los_Angeles,1987,7,26
1987-07-27,247,Very Unhealthy,Ozone,21,Los Angeles,California,34.1141,-118.4068,12531334.0,3267.0,America/Los_Angeles,1987,7,27
1987-07-28,254,Very Unhealthy,Ozone,21,Los Angeles,California,34.1141,-118.4068,12531334.0,3267.0,America/Los_Angeles,1987,7,28
1987-07-29,274,Very Unhealthy,Ozone,21,Los Angeles,California,34.1141,-118.4068,12531334.0,3267.0,America/Los_Angeles,1987,7,29
1987-07-30,271,Very Unhealthy,Ozone,21,Los Angeles,California,34.1141,-118.4068,12531334.0,3267.0,America/Los_Angeles,1987,7,30
1987-07-31,284,Very Unhealthy,Ozone,21,Los Angeles,California,34.1141,-118.4068,12531334.0,3267.0,America/Los_Angeles,1987,7,31
1987-08-01,263,Very Unhealthy,Ozone,21,Los Angeles,California,34.1141,-118.4068,12531334.0,3267.0,America/Los_Angeles,1987,8,1
1987-08-02,253,Very Unhealthy,Ozone,21,Los Angeles,California,34.1141,-118.4068,12531334.0,3267.0,America/Los_Angeles,1987,8,2
1987-08-03,255,Very Unhealthy,Ozone,21,Los Angeles,California,34.1141,-118.4068,12531334.0,3267.0,America/Los_Angeles,1987,8,3
1987-08-04,259,Very Unhealthy,Ozone,21,Los Angeles,California,34.1141,-118.4068,12531334.0,3267.0,America/Los_Angeles,1987,8,4
1987-08-05,237,Very Unhealthy,Ozone,21,Los Angeles,California,34.1141,-118.4068,12531334.0,3267.0,America/Los_Angeles,1987,8,5
1987-08-06,233,Very Unhealthy,Ozone,21,Los Angeles,California,34.1141,-118.4068,12531334.0,3267.0,America/Los_Angeles,1987,8,6
1987-08-07,213,Very Unhealthy,Ozone,21,Los Angeles,California,34.1141,-118.4068,12531334.0,3267.0,America/Los_Angeles,1987,8,7
1987-08-08,255,Very Unhealthy,Ozone,21,Los Angeles,California,34.1141,-118.4068,12531334.0,3267.0,America/Los_Angeles,1987,8,8
1987-08-09,247,Very Unhealthy,Ozone,21,Los Angeles,California,34.1141,-118.4068,12531334.0,3267.0,America/Los_Angeles,1987,8,9
1987-08-10,226,Very Unhealthy,Ozone,21,Los Angeles,California,34.1141,-118.4068,12531334.0,3267.0,America/Los_Angeles,1987,8,10
1987-08-11,217,Very Unhealthy,Ozone,21,Los Angeles,California,34.1141,-118.4068,12531334.0,3267.0,America/Los_Angeles,1987,8,11
1987-08-12,156,Unhealthy,Ozone,21,Los Angeles,California,34.1141,-118.4068,12531334.0,3267.0,America/Los_Angeles,1987,8,12
1987-08-13,87,Moderate,Ozone,21,Los Angeles,California,34.1141,-118.4068,12531334.0,3267.0,America/Los_Angeles,1987,8,13
1987-08-14,47,Good,NO2,21,Los Angeles,California,34.1141,-118.4068,12531334.0,3267.0,America/Los_Angeles,1987,8,14
1987-08-15,140,Unhealthy for Sensitive Groups,Ozone,21,Los Angeles,California,34.1141,-118.4068,12531334.0,3267.0,America/Los_Angeles,1987,8,15
1987-08-16,214,Very Unhealthy,Ozone,21,Los Angeles,California,34.1141,-118.4068,12531334.0,3267.0,America/Los_Angeles,1987,8,16
1987-08-17,177,Unhealthy,Ozone,21,Los Angeles,California,34.1141,-118.4068,12531334.0,3267.0,America/Los_Angeles,1987,8,17
1987-08-18,212,Very Unhealthy,Ozone,21,Los Angeles,California,34.1141,-118.4068,12531334.0,3267.0,America/Los_Angeles,1987,8,18
1987-08-19,249,Very Unhealthy,Ozone,21,Los Angeles,California,34.1141,-118.4068,12531334.0,3267.0,America/Los_Angeles,1987,8,19
1987-08-20,205,Very Unhealthy,Ozone,21,Los Angeles,California,34.1141,-118.4068,12531334.0,3267.0,America/Los_Angeles,1987,8,20
1987-08-21,218,Very Unhealthy,Ozone,21,Los Angeles,California,34.1141,-118.4068,12531334.0,3267.0,America/Los_Angeles,1987,8,21
1987-08-22,207,Very Unhealthy,Ozone,20,Los Angeles,California,34.1141,-118.4068,12531334.0,3267.0,America/Los_Angeles,1987,8,22
1987-08-23,228,Very Unhealthy,Ozone,20,Los Angeles,California,34.1141,-118.4068,12531334.0,3267.0,America/Los_Angeles,1987,8,23
1987-08-24,151,Unhealthy,Ozone,20,Los Angeles,California,34.1141,-118.4068,12531334.0,3267.0,America/Los_Angeles,1987,8,24
1987-08-25,182,Unhealthy,Ozone,20,Los Angeles,California,34.1141,-118.4068,12531334.0,3267.0,America/Los_Angeles,1987,8,25
1987-08-26,212,Very Unhealthy,Ozone,20,Los Angeles,California,34.1141,-118.4068,12531334.0,3267.0,America/Los_Angeles,1987,8,26
1987-08-27,256,Very Unhealthy,Ozone,20,Los Angeles,California,34.1141,-118.4068,12531334.0,3267.0,America/Los_Angeles,1987,8,27
1987-08-28,277,Very Unhealthy,Ozone,20,Los Angeles,California,34.1141,-118.4068,12531334.0,3267.0,America/Los_Angeles,1987,8,28
1987-08-29,293,Very Unhealthy,Ozone,20,Los Angeles,California,34.1141,-118.4068,12531334.0,3267.0,America/Los_Angeles,1987,8,29
1987-08-30,247,Very Unhealthy,Ozone,20,Los Angeles,California,34.1141,-118.4068,12531334.0,3267.0,America/Los_Angeles,1987,8,30
1987-08-31,226,Very Unhealthy,Ozone,20,Los Angeles,California,34.1141,-118.4068,12531334.0,3267.0,America/Los_Angeles,1987,8,31
1987-09-01,281,Very Unhealthy,Ozone,21,Los Angeles,California,34.1141,-118.4068,12531334.0,3267.0,America/Los_Angeles,1987,9,1
1987-09-02,256,Very Unhealthy,Ozone,21,Los Angeles,California,34.1141,-118.4068,12531334.0,3267.0,America/Los_Angeles,1987,9,2
1987-09-03,227,Very Unhealthy,Ozone,21,Los Angeles,California,34.1141,-118.4068,12531334.0,3267.0,America/Los_Angeles,1987,9,3
1987-09-04,256,Very Unhealthy,Ozone,21,Los Angeles,California,34.1141,-118.4068,12531334.0,3267.0,America/Los_Angeles,1987,9,4
1987-09-05,218,Very Unhealthy,Ozone,21,Los Angeles,California,34.1141,-118.4068,12531334.0,3267.0,America/Los_Angeles,1987,9,5
1987-09-06,224,Very Unhealthy,Ozone,21,Los Angeles,California,34.1141,-118.4068,12531334.0,3267.0,America/Los_Angeles,1987,9,6
1987-09-07,263,Very Unhealthy,Ozone,20,Los Angeles,California,34.1141,-118.4068,12531334.0,3267.0,America/Los_Angeles,1987,9,7
1987-09-08,263,Very Unhealthy,Ozone,21,Los Angeles,California,34.1141,-118.4068,12531334.0,3267.0,America/Los_Angeles,1987,9,8
1987-09-09,245,Very Unhealthy,Ozone,21,Los Angeles,California,34.1141,-118.4068,12531334.0,3267.0,America/Los_Angeles,1987,9,9
1987-09-10,202,Very Unhealthy,Ozone,21,Los Angeles,California,34.1141,-118.4068,12531334.0,3267.0,America/Los_Angeles,1987,9,10
1987-09-11,222,Very Unhealthy,Ozone,21,Los Angeles,California,34.1141,-118.4068,12531334.0,3267.0,America/Los_Angeles,1987,9,11
1987-09-12,90,Moderate,Ozone,21,Los Angeles,California,34.1141,-118.4068,12531334.0,3267.0,America/Los_Angeles,1987,9,12
1987-09-13,74,Moderate,Ozone,20,Los Angeles,California,34.1141,-118.4068,12531334.0,3267.0,America/Los_Angeles,1987,9,13
1987-09-14,201,Very Unhealthy,Ozone,20,Los Angeles,California,34.1141,-118.4068,12531334.0,3267.0,America/Los_Angeles,1987,9,14
1987-09-15,260,Very Unhealthy,Ozone,21,Los Angeles,California,34.1141,-118.4068,12531334.0,3267.0,America/Los_Angeles,1987,9,15
1987-09-16,223,Very Unhealthy,Ozone,20,Los Angeles,California,34.1141,-118.4068,12531334.0,3267.0,America/Los_Angeles,1987,9,16
1987-09-17,223,Very Unhealthy,Ozone,21,Los Angeles,California,34.1141,-118.4068,12531334.0,3267.0,America/Los_Angeles,1987,9,17
1987-09-18,218,Very Unhealthy,Ozone,21,Los Angeles,California,34.1141,-118.4068,12531334.0,3267.0,America/Los_Angeles,1987,9,18
1987-09-19,261,Very Unhealthy,Ozone,21,Los Angeles,California,34.1141,-118.4068,12531334.0,3267.0,America/Los_Angeles,1987,9,19
1987-09-20,287,Very Unhealthy,Ozone,21,Los Angeles,California,34.1141,-118.4068,12531334.0,3267.0,America/Los_Angeles,1987,9,20
1987-09-21,237,Very Unhealthy,Ozone,21,Los Angeles,California,34.1141,-118.4068,12531334.0,3267.0,America/Los_Angeles,1987,9,21
1987-09-22,212,Very Unhealthy,Ozone,21,Los Angeles,California,34.1141,-118.4068,12531334.0,3267.0,America/Los_Angeles,1987,9,22
1987-09-23,122,Unhealthy for Sensitive Groups,Ozone,21,Los Angeles,California,34.1141,-118.4068,12531334.0,3267.0,America/Los_Angeles,1987,9,23
1987-09-24,213,Very Unhealthy,Ozone,21,Los Angeles,California,34.1141,-118.4068,12531334.0,3267.0,America/Los_Angeles,1987,9,24
1987-09-25,223,Very Unhealthy,Ozone,20,Los Angeles,California,34.1141,-118.4068,12531334.0,3267.0,America/Los_Angeles,1987,9,25
1987-09-26,240,Very Unhealthy,Ozone,20,Los Angeles,California,34.1141,-118.4068,12531334.0,3267.0,America/Los_Angeles,1987,9,26
1987-09-27,261,Very Unhealthy,Ozone,20,Los Angeles,California,34.1141,-118.4068,12531334.0,3267.0,America/Los_Angeles,1987,9,27
1987-09-28,258,Very Unhealthy,Ozone,20,Los Angeles,California,34.1141,-118.4068,12531334.0,3267.0,America/Los_Angeles,1987,9,28
1987-09-29,263,Very Unhealthy,Ozone,21,Los Angeles,California,34.1141,-118.4068,12531334.0,3267.0,America/Los_Angeles,1987,9,29
1987-09-30,292,Very Unhealthy,Ozone,21,Los Angeles,California,34.1141,-118.4068,12531334.0,3267.0,America/Los_Angeles,1987,9,30
1987-10-01,238,Very Unhealthy,Ozone,20,Los Angeles,California,34.1141,-118.4068,12531334.0,3267.0,America/Los_Angeles,1987,10,1
1987-10-02,281,Very Unhealthy,Ozone,21,Los Angeles,California,34.1141,-118.4068,12531334.0,3267.0,America/Los_Angeles,1987,10,2
1987-10-03,247,Very Unhealthy,Ozone,21,Los Angeles,California,34.1141,-118.4068,12531334.0,3267.0,America/Los_Angeles,1987,10,3
1987-10-04,232,Very Unhealthy,Ozone,21,Los Angeles,California,34.1141,-118.4068,12531334.0,3267.0,America/Los_Angeles,1987,10,4
1987-10-05,249,Very Unhealthy,Ozone,21,Los Angeles,California,34.1141,-118.4068,12531334.0,3267.0,America/Los_Angeles,1987,10,5
1987-10-06,240,Very Unhealthy,Ozone,21,Los Angeles,California,34.1141,-118.4068,12531334.0,3267.0,America/Los_Angeles,1987,10,6
1987-10-07,220,Very Unhealthy,Ozone,21,Los Angeles,California,34.1141,-118.4068,12531334.0,3267.0,America/Los_Angeles,1987,10,7
1987-10-08,190,Unhealthy,Ozone,21,Los Angeles,California,34.1141,-118.4068,12531334.0,3267.0,America/Los_Angeles,1987,10,8
1987-10-09,174,Unhealthy,Ozone,21,Los Angeles,California,34.1141,-118.4068,12531334.0,3267.0,America/Los_Angeles,1987,10,9
1987-10-10,238,Very Unhealthy,Ozone,21,Los Angeles,California,34.1141,-118.4068,12531334.0,3267.0,America/Los_Angeles,1987,10,10
1987-10-11,119,Unhealthy for Sensitive Groups,Ozone,21,Los Angeles,California,34.1141,-118.4068,12531334.0,3267.0,America/Los_Angeles,1987,10,11
1987-10-12,79,Moderate,NO2,21,Los Angeles,California,34.1141,-118.4068,12531334.0,3267.0,America/Los_Angeles,1987,10,12
1987-10-13,89,Moderate,NO2,21,Los Angeles,California,34.1141,-118.4068,12531334.0,3267.0,America/Los_Angeles,1987,10,13
1987-10-14,143,Unhealthy for Sensitive Groups,Ozone,21,Los Angeles,California,34.1141,-118.4068,12531334.0,3267.0,America/Los_Angeles,1987,10,14
1987-10-15,177,Unhealthy,Ozone,21,Los Angeles,California,34.1141,-118.4068,12531334.0,3267.0,America/Los_Angeles,1987,10,15
1987-10-16,216,Very Unhealthy,Ozone,21,Los Angeles,California,34.1141,-118.4068,12531334.0,3267.0,America/Los_Angeles,1987,10,16
1987-10-17,237,Very Unhealthy,Ozone,21,Los Angeles,California,34.1141,-118.4068,12531334.0,3267.0,America/Los_Angeles,1987,10,17
1987-10-18,143,Unhealthy for Sensitive Groups,Ozone,21,Los Angeles,California,34.1141,-118.4068,12531334.0,3267.0,America/Los_Angeles,1987,10,18
1987-10-19,115,Unhealthy for Sensitive Groups,Ozone,21,Los Angeles,California,34.1141,-118.4068,12531334.0,3267.0,America/Los_Angeles,1987,10,19
1987-10-20,108,Unhealthy for Sensitive Groups,NO2,21,Los Angeles,California,34.1141,-118.4068,12531334.0,3267.0,America/Los_Angeles,1987,10,20
1987-10-21,150,Unhealthy for Sensitive Groups,Ozone,21,Los Angeles,California,34.1141,-118.4068,12531334.0,3267.0,America/Los_Angeles,1987,10,21
1987-10-22,100,Moderate,NO2,20,Los Angeles,California,34.1141,-118.4068,12531334.0,3267.0,America/Los_Angeles,1987,10,22
1987-10-23,68,Moderate,NO2,21,Los Angeles,California,34.1141,-118.4068,12531334.0,3267.0,America/Los_Angeles,1987,10,23
1987-10-24,79,Moderate,NO2,21,Los Angeles,California,34.1141,-118.4068,12531334.0,3267.0,America/Los_Angeles,1987,10,24
1987-10-25,103,Unhealthy for Sensitive Groups,NO2,21,Los Angeles,California,34.1141,-118.4068,12531334.0,3267.0,America/Los_Angeles,1987,10,25
1987-10-26,108,Unhealthy for Sensitive Groups,NO2,20,Los Angeles,California,34.1141,-118.4068,12531334.0,3267.0,America/Los_Angeles,1987,10,26
1987-10-27,118,Unhealthy for Sensitive Groups,NO2,20,Los Angeles,California,34.1141,-118.4068,12531334.0,3267.0,America/Los_Angeles,1987,10,27
1987-10-28,105,Unhealthy for Sensitive Groups,NO2,21,Los Angeles,California,34.1141,-118.4068,12531334.0,3267.0,America/Los_Angeles,1987,10,28
1987-10-29,47,Good,NO2,21,Los Angeles,California,34.1141,-118.4068,12531334.0,3267.0,America/Los_Angeles,1987,10,29
1987-10-30,103,Unhealthy for Sensitive Groups,NO2,21,Los Angeles,California,34.1141,-118.4068,12531334.0,3267.0,America/Los_Angeles,1987,10,30
1987-10-31,100,Moderate,NO2,20,Los Angeles,California,34.1141,-118.4068,12531334.0,3267.0,America/Los_Angeles,1987,10,31
1987-11-01,57,Moderate,NO2,21,Los Angeles,California,34.1141,-118.4068,12531334.0,3267.0,America/Los_Angeles,1987,11,1
1987-11-02,57,Moderate,NO2,21,Los Angeles,California,34.1141,-118.4068,12531334.0,3267.0,America/Los_Angeles,1987,11,2
1987-11-03,79,Moderate,NO2,21,Los Angeles,California,34.1141,-118.4068,12531334.0,3267.0,America/Los_Angeles,1987,11,3
1987-11-04,105,Unhealthy for Sensitive Groups,NO2,21,Los Angeles,California,34.1141,-118.4068,12531334.0,3267.0,America/Los_Angeles,1987,11,4
1987-11-05,80,Moderate,CO,21,Los Angeles,California,34.1141,-118.4068,12531334.0,3267.0,America/Los_Angeles,1987,11,5
1987-11-06,93,Moderate,CO,21,Los Angeles,California,34.1141,-118.4068,12531334.0,3267.0,America/Los_Angeles,1987,11,6
1987-11-07,103,Unhealthy for Sensitive Groups,NO2,21,Los Angeles,California,34.1141,-118.4068,12531334.0,3267.0,America/Los_Angeles,1987,11,7
1987-11-08,158,Unhealthy,CO,21,Los Angeles,California,34.1141,-118.4068,12531334.0,3267.0,America/Los_Angeles,1987,11,8
1987-11-09,114,Unhealthy for Sensitive Groups,NO2,20,Los Angeles,California,34.1141,-118.4068,12531334.0,3267.0,America/Los_Angeles,1987,11,9
1987-11-10,110,Unhealthy for Sensitive Groups,NO2,20,Los Angeles,California,34.1141,-118.4068,12531334.0,3267.0,America/Los_Angeles,1987,11,10
1987-11-11,108,Unhealthy for Sensitive Groups,NO2,20,Los Angeles,California,34.1141,-118.4068,12531334.0,3267.0,America/Los_Angeles,1987,11,11
1987-11-12,124,Unhealthy for Sensitive Groups,NO2,20,Los Angeles,California,34.1141,-118.4068,12531334.0,3267.0,America/Los_Angeles,1987,11,12
1987-11-13,108,Unhealthy for Sensitive Groups,NO2,21,Los Angeles,California,34.1141,-118.4068,12531334.0,3267.0,America/Los_Angeles,1987,11,13
1987-11-14,57,Moderate,NO2,21,Los Angeles,California,34.1141,-118.4068,12531334.0,3267.0,America/Los_Angeles,1987,11,14
1987-11-15,100,Moderate,NO2,21,Los Angeles,California,34.1141,-118.4068,12531334.0,3267.0,America/Los_Angeles,1987,11,15
1987-11-16,106,Unhealthy for Sensitive Groups,NO2,21,Los Angeles,California,34.1141,-118.4068,12531334.0,3267.0,America/Los_Angeles,1987,11,16
1987-11-17,110,Unhealthy for Sensitive Groups,NO2,21,Los Angeles,California,34.1141,-118.4068,12531334.0,3267.0,America/Los_Angeles,1987,11,17
1987-11-18,106,Unhealthy for Sensitive Groups,NO2,21,Los Angeles,California,34.1141,-118.4068,12531334.0,3267.0,America/Los_Angeles,1987,11,18
1987-11-19,108,Unhealthy for Sensitive Groups,CO,21,Los Angeles,California,34.1141,-118.4068,12531334.0,3267.0,America/Los_Angeles,1987,11,19
1987-11-20,114,Unhealthy for Sensitive Groups,NO2,21,Los Angeles,California,34.1141,-118.4068,12531334.0,3267.0,America/Los_Angeles,1987,11,20
1987-11-21,79,Moderate,NO2,21,Los Angeles,California,34.1141,-118.4068,12531334.0,3267.0,America/Los_Angeles,1987,11,21
1987-11-22,108,Unhealthy for Sensitive Groups,NO2,21,Los Angeles,California,34.1141,-118.4068,12531334.0,3267.0,America/Los_Angeles,1987,11,22
1987-11-23,110,Unhealthy for Sensitive Groups,NO2,21,Los Angeles,California,34.1141,-118.4068,12531334.0,3267.0,America/Los_Angeles,1987,11,23
1987-11-24,115,Unhealthy for Sensitive Groups,CO,21,Los Angeles,California,34.1141,-118.4068,12531334.0,3267.0,America/Los_Angeles,1987,11,24
1987-11-25,165,Unhealthy,CO,20,Los Angeles,California,34.1141,-118.4068,12531334.0,3267.0,America/Los_Angeles,1987,11,25
1987-11-26,203,Very Unhealthy,CO,20,Los Angeles,California,34.1141,-118.4068,12531334.0,3267.0,America/Los_Angeles,1987,11,26
1987-11-27,100,Moderate,NO2,20,Los Angeles,California,34.1141,-118.4068,12531334.0,3267.0,America/Los_Angeles,1987,11,27
1987-11-28,103,Unhealthy for Sensitive Groups,NO2,20,Los Angeles,California,34.1141,-118.4068,12531334.0,3267.0,America/Los_Angeles,1987,11,28
1987-11-29,89,Moderate,NO2,20,Los Angeles,California,34.1141,-118.4068,12531334.0,3267.0,America/Los_Angeles,1987,11,29
1987-11-30,106,Unhealthy for Sensitive Groups,NO2,20,Los Angeles,California,34.1141,-118.4068,12531334.0,3267.0,America/Los_Angeles,1987,11,30
1987-12-01,138,Unhealthy for Sensitive Groups,CO,20,Los Angeles,California,34.1141,-118.4068,12531334.0,3267.0,America/Los_Angeles,1987,12,1
1987-12-02,116,Unhealthy for Sensitive Groups,NO2,21,Los Angeles,California,34.1141,-118.4068,12531334.0,3267.0,America/Los_Angeles,1987,12,2
1987-12-03,124,Unhealthy for Sensitive Groups,NO2,21,Los Angeles,California,34.1141,-118.4068,12531334.0,3267.0,America/Los_Angeles,1987,12,3
1987-12-04,148,Unhealthy for Sensitive Groups,CO,21,Los Angeles,California,34.1141,-118.4068,12531334.0,3267.0,America/Los_Angeles,1987,12,4
1987-12-05,79,Moderate,NO2,21,Los Angeles,California,34.1141,-118.4068,12531334.0,3267.0,America/Los_Angeles,1987,12,5
1987-12-06,68,Moderate,NO2,21,Los Angeles,California,34.1141,-118.4068,12531334.0,3267.0,America/Los_Angeles,1987,12,6
1987-12-07,100,Moderate,NO2,20,Los Angeles,California,34.1141,-118.4068,12531334.0,3267.0,America/Los_Angeles,1987,12,7
1987-12-08,110,Unhealthy for Sensitive Groups,NO2,20,Los Angeles,California,34.1141,-118.4068,12531334.0,3267.0,America/Los_Angeles,1987,12,8
1987-12-09,110,Unhealthy for Sensitive Groups,NO2,21,Los Angeles,California,34.1141,-118.4068,12531334.0,3267.0,America/Los_Angeles,1987,12,9
1987-12-10,201,Very Unhealthy,CO,21,Los Angeles,California,34.1141,-118.4068,12531334.0,3267.0,America/Los_Angeles,1987,12,10
1987-12-11,142,Unhealthy for Sensitive Groups,CO,20,Los Angeles,California,34.1141,-118.4068,12531334.0,3267.0,America/Los_Angeles,1987,12,11
1987-12-12,228,Very Unhealthy,CO,21,Los Angeles,California,34.1141,-118.4068,12531334.0,3267.0,America/Los_Angeles,1987,12,12
1987-12-13,57,Moderate,NO2,21,Los Angeles,California,34.1141,-118.4068,12531334.0,3267.0,America/Los_Angeles,1987,12,13
1987-12-14,108,Unhealthy for Sensitive Groups,NO2,20,Los Angeles,California,34.1141,-118.4068,12531334.0,3267.0,America/Los_Angeles,1987,12,14
1987-12-15,93,Moderate,CO,19,Los Angeles,California,34.1141,-118.4068,12531334.0,3267.0,America/Los_Angeles,1987,12,15
1987-12-16,49,Good,CO,21,Los Angeles,California,34.1141,-118.4068,12531334.0,3267.0,America/Los_Angeles,1987,12,16
1987-12-17,72,Moderate,CO,21,Los Angeles,California,34.1141,-118.4068,12531334.0,3267.0,America/Los_Angeles,1987,12,17
1987-12-18,159,Unhealthy,CO,21,Los Angeles,California,34.1141,-118.4068,12531334.0,3267.0,America/Los_Angeles,1987,12,18
1987-12-19,159,Unhealthy,CO,21,Los Angeles,California,34.1141,-118.4068,12531334.0,3267.0,America/Los_Angeles,1987,12,19
1987-12-20,158,Unhealthy,CO,21,Los Angeles,California,34.1141,-118.4068,12531334.0,3267.0,America/Los_Angeles,1987,12,20
1987-12-21,110,Unhealthy for Sensitive Groups,NO2,21,Los Angeles,California,34.1141,-118.4068,12531334.0,3267.0,America/Los_Angeles,1987,12,21
1987-12-22,198,Unhealthy,CO,21,Los Angeles,California,34.1141,-118.4068,12531334.0,3267.0,America/Los_Angeles,1987,12,22
1987-12-23,57,Moderate,NO2,21,Los Angeles,California,34.1141,-118.4068,12531334.0,3267.0,America/Los_Angeles,1987,12,23
1987-12-24,68,Moderate,NO2,21,Los Angeles,California,34.1141,-118.4068,12531334.0,3267.0,America/Los_Angeles,1987,12,24
1987-12-25,68,Moderate,NO2,21,Los Angeles,California,34.1141,-118.4068,12531334.0,3267.0,America/Los_Angeles,1987,12,25
1987-12-26,79,Moderate,NO2,21,Los Angeles,California,34.1141,-118.4068,12531334.0,3267.0,America/Los_Angeles,1987,12,26
1987-12-27,103,Unhealthy for Sensitive Groups,NO2,21,Los Angeles,California,34.1141,-118.4068,12531334.0,3267.0,America/Los_Angeles,1987,12,27
1987-12-28,103,Unhealthy for Sensitive Groups,NO2,21,Los Angeles,California,34.1141,-118.4068,12531334.0,3267.0,America/Los_Angeles,1987,12,28
1987-12-29,126,Unhealthy for Sensitive Groups,CO,21,Los Angeles,California,34.1141,-118.4068,12531334.0,3267.0,America/Los_Angeles,1987,12,29
1987-12-30,103,Unhealthy for Sensitive Groups,NO2,21,Los Angeles,California,34.1141,-118.4068,12531334.0,3267.0,America/Los_Angeles,1987,12,30
1987-12-31,97,Moderate,CO,21,Los Angeles,California,34.1141,-118.4068,12531334.0,3267.0,America/Los_Angeles,1987,12,31
1988-01-01,78,Moderate,CO,21,Los Angeles,California,34.1141,-118.4068,12531334.0,3267.0,America/Los_Angeles,1988,1,1
1988-01-02,103,Unhealthy for Sensitive Groups,NO2,21,Los Angeles,California,34.1141,-118.4068,12531334.0,3267.0,America/Los_Angeles,1988,1,2
1988-01-03,161,Unhealthy,CO,21,Los Angeles,California,34.1141,-118.4068,12531334.0,3267.0,America/Los_Angeles,1988,1,3
1988-01-04,195,Unhealthy,CO,21,Los Angeles,California,34.1141,-118.4068,12531334.0,3267.0,America/Los_Angeles,1988,1,4
1988-01-05,103,Unhealthy for Sensitive Groups,NO2,21,Los Angeles,California,34.1141,-118.4068,12531334.0,3267.0,America/Los_Angeles,1988,1,5
1988-01-06,96,Moderate,CO,21,Los Angeles,California,34.1141,-118.4068,12531334.0,3267.0,America/Los_Angeles,1988,1,6
1988-01-07,128,Unhealthy for Sensitive Groups,CO,21,Los Angeles,California,34.1141,-118.4068,12531334.0,3267.0,America/Los_Angeles,1988,1,7
1988-01-08,111,Unhealthy for Sensitive Groups,CO,20,Los Angeles,California,34.1141,-118.4068,12531334.0,3267.0,America/Los_Angeles,1988,1,8
1988-01-09,168,Unhealthy,CO,21,Los Angeles,California,34.1141,-118.4068,12531334.0,3267.0,America/Los_Angeles,1988,1,9
1988-01-10,112,Unhealthy for Sensitive Groups,NO2,21,Los Angeles,California,34.1141,-118.4068,12531334.0,3267.0,America/Los_Angeles,1988,1,10
1988-01-11,106,Unhealthy for Sensitive Groups,NO2,20,Los Angeles,California,34.1141,-118.4068,12531334.0,3267.0,America/Los_Angeles,1988,1,11
1988-01-12,103,Unhealthy for Sensitive Groups,NO2,20,Los Angeles,California,34.1141,-118.4068,12531334.0,3267.0,America/Los_Angeles,1988,1,12
1988-01-13,108,Unhealthy for Sensitive Groups,NO2,21,Los Angeles,California,34.1141,-118.4068,12531334.0,3267.0,America/Los_Angeles,1988,1,13
1988-01-14,118,Unhealthy for Sensitive Groups,NO2,21,Los Angeles,California,34.1141,-118.4068,12531334.0,3267.0,America/Los_Angeles,1988,1,14
1988-01-15,171,Unhealthy,CO,21,Los Angeles,California,34.1141,-118.4068,12531334.0,3267.0,America/Los_Angeles,1988,1,15
1988-01-16,72,Moderate,CO,21,Los Angeles,California,34.1141,-118.4068,12531334.0,3267.0,America/Los_Angeles,1988,1,16
1988-01-17,38,Good,NO2,21,Los Angeles,California,34.1141,-118.4068,12531334.0,3267.0,America/Los_Angeles,1988,1,17
1988-01-18,47,Good,NO2,20,Los Angeles,California,34.1141,-118.4068,12531334.0,3267.0,America/Los_Angeles,1988,1,18
1988-01-19,131,Unhealthy for Sensitive Groups,CO,18,Los Angeles,California,34.1141,-118.4068,12531334.0,3267.0,America/Los_Angeles,1988,1,19
1988-01-20,173,Unhealthy,CO,19,Los Angeles,California,34.1141,-118.4068,12531334.0,3267.0,America/Los_Angeles,1988,1,20
1988-01-21,109,Unhealthy for Sensitive Groups,CO,19,Los Angeles,California,34.1141,-118.4068,12531334.0,3267.0,America/Los_Angeles,1988,1,21
1988-01-22,166,Unhealthy,CO,20,Los Angeles,California,34.1141,-118.4068,12531334.0,3267.0,America/Los_Angeles,1988,1,22
1988-01-23,192,Unhealthy,CO,21,Los Angeles,California,34.1141,-118.4068,12531334.0,3267.0,America/Los_Angeles,1988,1,23
1988-01-24,186,Unhealthy,CO,20,Los Angeles,California,34.1141,-118.4068,12531334.0,3267.0,America/Los_Angeles,1988,1,24
1988-01-25,109,Unhealthy for Sensitive Groups,CO,20,Los Angeles,California,34.1141,-118.4068,12531334.0,3267.0,America/Los_Angeles,1988,1,25
1988-01-26,110,Unhealthy for Sensitive Groups,NO2,21,Los Angeles,California,34.1141,-118.4068,12531334.0,3267.0,America/Los_Angeles,1988,1,26
1988-01-27,122,Unhealthy for Sensitive Groups,NO2,21,Los Angeles,California,34.1141,-118.4068,12531334.0,3267.0,America/Los_Angeles,1988,1,27
1988-01-28,170,Unhealthy,CO,21,Los Angeles,California,34.1141,-118.4068,12531334.0,3267.0,America/Los_Angeles,1988,1,28
1988-01-29,103,Unhealthy for Sensitive Groups,NO2,21,Los Angeles,California,34.1141,-118.4068,12531334.0,3267.0,America/Los_Angeles,1988,1,29
1988-01-30,79,Moderate,NO2,21,Los Angeles,California,34.1141,-118.4068,12531334.0,3267.0,America/Los_Angeles,1988,1,30
1988-01-31,97,Moderate,CO,21,Los Angeles,California,34.1141,-118.4068,12531334.0,3267.0,America/Los_Angeles,1988,1,31
1988-02-01,57,Moderate,NO2,21,Los Angeles,California,34.1141,-118.4068,12531334.0,3267.0,America/Los_Angeles,1988,2,1
1988-02-02,65,Moderate,CO,21,Los Angeles,California,34.1141,-118.4068,12531334.0,3267.0,America/Los_Angeles,1988,2,2
1988-02-03,103,Unhealthy for Sensitive Groups,NO2,21,Los Angeles,California,34.1141,-118.4068,12531334.0,3267.0,America/Los_Angeles,1988,2,3
1988-02-04,148,Unhealthy for Sensitive Groups,CO,21,Los Angeles,California,34.1141,-118.4068,12531334.0,3267.0,America/Los_Angeles,1988,2,4
1988-02-05,204,Very Unhealthy,CO,21,Los Angeles,California,34.1141,-118.4068,12531334.0,3267.0,America/Los_Angeles,1988,2,5
1988-02-06,136,Unhealthy for Sensitive Groups,CO,21,Los Angeles,California,34.1141,-118.4068,12531334.0,3267.0,America/Los_Angeles,1988,2,6
1988-02-07,115,Unhealthy for Sensitive Groups,CO,21,Los Angeles,California,34.1141,-118.4068,12531334.0,3267.0,America/Los_Angeles,1988,2,7
1988-02-08,154,Unhealthy,CO,21,Los Angeles,California,34.1141,-118.4068,12531334.0,3267.0,America/Los_Angeles,1988,2,8
1988-02-09,188,Unhealthy,CO,21,Los Angeles,California,34.1141,-118.4068,12531334.0,3267.0,America/Los_Angeles,1988,2,9
1988-02-10,110,Unhealthy for Sensitive Groups,NO2,20,Los Angeles,California,34.1141,-118.4068,12531334.0,3267.0,America/Los_Angeles,1988,2,10
1988-02-11,145,Unhealthy for Sensitive Groups,CO,21,Los Angeles,California,34.1141,-118.4068,12531334.0,3267.0,America/Los_Angeles,1988,2,11
1988-02-12,106,Unhealthy for Sensitive Groups,NO2,21,Los Angeles,California,34.1141,-118.4068,12531334.0,3267.0,America/Los_Angeles,1988,2,12
1988-02-13,116,Unhealthy for Sensitive Groups,CO,21,Los Angeles,California,34.1141,-118.4068,12531334.0,3267.0,America/Los_Angeles,1988,2,13
1988-02-14,150,Unhealthy for Sensitive Groups,Ozone,21,Los Angeles,California,34.1141,-118.4068,12531334.0,3267.0,America/Los_Angeles,1988,2,14
1988-02-15,110,Unhealthy for Sensitive Groups,NO2,21,Los Angeles,California,34.1141,-118.4068,12531334.0,3267.0,America/Los_Angeles,1988,2,15
1988-02-16,122,Unhealthy for Sensitive Groups,Ozone,21,Los Angeles,California,34.1141,-118.4068,12531334.0,3267.0,America/Los_Angeles,1988,2,16
1988-02-17,103,Unhealthy for Sensitive Groups,NO2,21,Los Angeles,California,34.1141,-118.4068,12531334.0,3267.0,America/Los_Angeles,1988,2,17
1988-02-18,110,Unhealthy for Sensitive Groups,NO2,21,Los Angeles,California,34.1141,-118.4068,12531334.0,3267.0,America/Los_Angeles,1988,2,18
1988-02-19,89,Moderate,NO2,21,Los Angeles,California,34.1141,-118.4068,12531334.0,3267.0,America/Los_Angeles,1988,2,19
1988-02-20,125,Unhealthy for Sensitive Groups,CO,21,Los Angeles,California,34.1141,-118.4068,12531334.0,3267.0,America/Los_Angeles,1988,2,20
1988-02-21,110,Unhealthy for Sensitive Groups,NO2,21,Los Angeles,California,34.1141,-118.4068,12531334.0,3267.0,America/Los_Angeles,1988,2,21
1988-02-22,150,Unhealthy for Sensitive Groups,Ozone,21,Los Angeles,California,34.1141,-118.4068,12531334.0,3267.0,America/Los_Angeles,1988,2,22
1988-02-23,103,Unhealthy for Sensitive Groups,NO2,21,Los Angeles,California,34.1141,-118.4068,12531334.0,3267.0,America/Los_Angeles,1988,2,23
1988-02-24,118,Unhealthy for Sensitive Groups,NO2,21,Los Angeles,California,34.1141,-118.4068,12531334.0,3267.0,America/Los_Angeles,1988,2,24
1988-02-25,202,Very Unhealthy,Ozone,20,Los Angeles,California,34.1141,-118.4068,12531334.0,3267.0,America/Los_Angeles,1988,2,25
1988-02-26,124,Unhealthy for Sensitive Groups,NO2,21,Los Angeles,California,34.1141,-118.4068,12531334.0,3267.0,America/Los_Angeles,1988,2,26
1988-02-27,103,Unhealthy for Sensitive Groups,NO2,21,Los Angeles,California,34.1141,-118.4068,12531334.0,3267.0,America/Los_Angeles,1988,2,27
1988-02-28,47,Good,NO2,21,Los Angeles,California,34.1141,-118.4068,12531334.0,3267.0,America/Los_Angeles,1988,2,28
1988-02-29,79,Moderate,NO2,20,Los Angeles,California,34.1141,-118.4068,12531334.0,3267.0,America/Los_Angeles,1988,2,29
1988-03-01,57,Moderate,NO2,21,Los Angeles,California,34.1141,-118.4068,12531334.0,3267.0,America/Los_Angeles,1988,3,1
1988-03-02,100,Moderate,NO2,21,Los Angeles,California,34.1141,-118.4068,12531334.0,3267.0,America/Los_Angeles,1988,3,2
1988-03-03,100,Moderate,NO2,21,Los Angeles,California,34.1141,-118.4068,12531334.0,3267.0,America/Los_Angeles,1988,3,3
1988-03-04,103,Unhealthy for Sensitive Groups,NO2,21,Los Angeles,California,34.1141,-118.4068,12531334.0,3267.0,America/Los_Angeles,1988,3,4
1988-03-05,151,Unhealthy,Ozone,21,Los Angeles,California,34.1141,-118.4068,12531334.0,3267.0,America/Los_Angeles,1988,3,5
1988-03-06,143,Unhealthy for Sensitive Groups,Ozone,21,Los Angeles,California,34.1141,-118.4068,12531334.0,3267.0,America/Los_Angeles,1988,3,6
1988-03-07,151,Unhealthy,Ozone,21,Los Angeles,California,34.1141,-118.4068,12531334.0,3267.0,America/Los_Angeles,1988,3,7
1988-03-08,177,Unhealthy,Ozone,21,Los Angeles,California,34.1141,-118.4068,12531334.0,3267.0,America/Los_Angeles,1988,3,8
1988-03-09,112,Unhealthy for Sensitive Groups,NO2,21,Los Angeles,California,34.1141,-118.4068,12531334.0,3267.0,America/Los_Angeles,1988,3,9
1988-03-10,68,Moderate,NO2,21,Los Angeles,California,34.1141,-118.4068,12531334.0,3267.0,America/Los_Angeles,1988,3,10
1988-03-11,100,Moderate,NO2,21,Los Angeles,California,34.1141,-118.4068,12531334.0,3267.0,America/Los_Angeles,1988,3,11
1988-03-12,79,Moderate,NO2,21,Los Angeles,California,34.1141,-118.4068,12531334.0,3267.0,America/Los_Angeles,1988,3,12
1988-03-13,103,Unhealthy for Sensitive Groups,NO2,21,Los Angeles,California,34.1141,-118.4068,12531334.0,3267.0,America/Los_Angeles,1988,3,13
1988-03-14,105,Unhealthy for Sensitive Groups,NO2,21,Los Angeles,California,34.1141,-118.4068,12531334.0,3267.0,America/Los_Angeles,1988,3,14
1988-03-15,93,Moderate,Ozone,21,Los Angeles,California,34.1141,-118.4068,12531334.0,3267.0,America/Los_Angeles,1988,3,15
1988-03-16,79,Moderate,NO2,21,Los Angeles,California,34.1141,-118.4068,12531334.0,3267.0,America/Los_Angeles,1988,3,16
1988-03-17,143,Unhealthy for Sensitive Groups,Ozone,21,Los Angeles,California,34.1141,-118.4068,12531334.0,3267.0,America/Los_Angeles,1988,3,17
1988-03-18,105,Unhealthy for Sensitive Groups,NO2,21,Los Angeles,California,34.1141,-118.4068,12531334.0,3267.0,America/Los_Angeles,1988,3,18
1988-03-19,115,Unhealthy for Sensitive Groups,Ozone,21,Los Angeles,California,34.1141,-118.4068,12531334.0,3267.0,America/Los_Angeles,1988,3,19
1988-03-20,161,Unhealthy,Ozone,21,Los Angeles,California,34.1141,-118.4068,12531334.0,3267.0,America/Los_Angeles,1988,3,20
1988-03-21,205,Very Unhealthy,Ozone,21,Los Angeles,California,34.1141,-118.4068,12531334.0,3267.0,America/Los_Angeles,1988,3,21
1988-03-22,156,Unhealthy,Ozone,20,Los Angeles,California,34.1141,-118.4068,12531334.0,3267.0,America/Los_Angeles,1988,3,22
1988-03-23,169,Unhealthy,Ozone,21,Los Angeles,California,34.1141,-118.4068,12531334.0,3267.0,America/Los_Angeles,1988,3,23
1988-03-24,190,Unhealthy,Ozone,21,Los Angeles,California,34.1141,-118.4068,12531334.0,3267.0,America/Los_Angeles,1988,3,24
1988-03-25,140,Unhealthy for Sensitive Groups,Ozone,20,Los Angeles,California,34.1141,-118.4068,12531334.0,3267.0,America/Los_Angeles,1988,3,25
1988-03-26,156,Unhealthy,Ozone,21,Los Angeles,California,34.1141,-118.4068,12531334.0,3267.0,America/Los_Angeles,1988,3,26
1988-03-27,206,Very Unhealthy,Ozone,21,Los Angeles,California,34.1141,-118.4068,12531334.0,3267.0,America/Los_Angeles,1988,3,27
1988-03-28,150,Unhealthy for Sensitive Groups,Ozone,21,Los Angeles,California,34.1141,-118.4068,12531334.0,3267.0,America/Los_Angeles,1988,3,28
1988-03-29,89,Moderate,NO2,21,Los Angeles,California,34.1141,-118.4068,12531334.0,3267.0,America/Los_Angeles,1988,3,29
1988-03-30,100,Moderate,NO2,21,Los Angeles,California,34.1141,-118.4068,12531334.0,3267.0,America/Los_Angeles,1988,3,30
1988-03-31,103,Unhealthy for Sensitive Groups,NO2,21,Los Angeles,California,34.1141,-118.4068,12531334.0,3267.0,America/Los_Angeles,1988,3,31
1988-04-01,108,Unhealthy for Sensitive Groups,NO2,20,Los Angeles,California,34.1141,-118.4068,12531334.0,3267.0,America/Los_Angeles,1988,4,1
1988-04-02,126,Unhealthy for Sensitive Groups,Ozone,20,Los Angeles,California,34.1141,-118.4068,12531334.0,3267.0,America/Los_Angeles,1988,4,2
1988-04-03,177,Unhealthy,Ozone,20,Los Angeles,California,34.1141,-118.4068,12531334.0,3267.0,America/Los_Angeles,1988,4,3
1988-04-04,166,Unhealthy,Ozone,20,Los Angeles,California,34.1141,-118.4068,12531334.0,3267.0,America/Los_Angeles,1988,4,4
1988-04-05,223,Very Unhealthy,Ozone,20,Los Angeles,California,34.1141,-118.4068,12531334.0,3267.0,America/Los_Angeles,1988,4,5
1988-04-06,264,Very Unhealthy,Ozone,20,Los Angeles,California,34.1141,-118.4068,12531334.0,3267.0,America/Los_Angeles,1988,4,6
1988-04-07,221,Very Unhealthy,Ozone,20,Los Angeles,California,34.1141,-118.4068,12531334.0,3267.0,America/Los_Angeles,1988,4,7
1988-04-08,202,Very Unhealthy,Ozone,20,Los Angeles,California,34.1141,-118.4068,12531334.0,3267.0,America/Los_Angeles,1988,4,8
1988-04-09,258,Very Unhealthy,Ozone,20,Los Angeles,California,34.1141,-118.4068,12531334.0,3267.0,America/Los_Angeles,1988,4,9
1988-04-10,156,Unhealthy,Ozone,20,Los Angeles,California,34.1141,-118.4068,12531334.0,3267.0,America/Los_Angeles,1988,4,10
1988-04-11,222,Very Unhealthy,Ozone,20,Los Angeles,California,34.1141,-118.4068,12531334.0,3267.0,America/Los_Angeles,1988,4,11
1988-04-12,166,Unhealthy,Ozone,20,Los Angeles,California,34.1141,-118.4068,12531334.0,3267.0,America/Los_Angeles,1988,4,12
1988-04-13,112,Unhealthy for Sensitive Groups,NO2,20,Los Angeles,California,34.1141,-118.4068,12531334.0,3267.0,America/Los_Angeles,1988,4,13
1988-04-14,57,Moderate,NO2,20,Los Angeles,California,34.1141,-118.4068,12531334.0,3267.0,America/Los_Angeles,1988,4,14
1988-04-15,68,Moderate,NO2,20,Los Angeles,California,34.1141,-118.4068,12531334.0,3267.0,America/Los_Angeles,1988,4,15
1988-04-16,68,Moderate,NO2,20,Los Angeles,California,34.1141,-118.4068,12531334.0,3267.0,America/Los_Angeles,1988,4,16
1988-04-17,57,Moderate,NO2,20,Los Angeles,California,34.1141,-118.4068,12531334.0,3267.0,America/Los_Angeles,1988,4,17
1988-04-18,57,Moderate,NO2,20,Los Angeles,California,34.1141,-118.4068,12531334.0,3267.0,America/Los_Angeles,1988,4,18
1988-04-19,57,Moderate,NO2,19,Los Angeles,California,34.1141,-118.4068,12531334.0,3267.0,America/Los_Angeles,1988,4,19
1988-04-20,79,Moderate,NO2,19,Los Angeles,California,34.1141,-118.4068,12531334.0,3267.0,America/Los_Angeles,1988,4,20
1988-04-21,100,Moderate,NO2,19,Los Angeles,California,34.1141,-118.4068,12531334.0,3267.0,America/Los_Angeles,1988,4,21
1988-04-22,79,Moderate,NO2,19,Los Angeles,California,34.1141,-118.4068,12531334.0,3267.0,America/Los_Angeles,1988,4,22
1988-04-23,89,Moderate,NO2,20,Los Angeles,California,34.1141,-118.4068,12531334.0,3267.0,America/Los_Angeles,1988,4,23
1988-04-24,150,Unhealthy for Sensitive Groups,Ozone,20,Los Angeles,California,34.1141,-118.4068,12531334.0,3267.0,America/Los_Angeles,1988,4,24
1988-04-25,212,Very Unhealthy,Ozone,20,Los Angeles,California,34.1141,-118.4068,12531334.0,3267.0,America/Los_Angeles,1988,4,25
1988-04-26,221,Very Unhealthy,Ozone,20,Los Angeles,California,34.1141,-118.4068,12531334.0,3267.0,America/Los_Angeles,1988,4,26
1988-04-27,164,Unhealthy,Ozone,20,Los Angeles,California,34.1141,-118.4068,12531334.0,3267.0,America/Los_Angeles,1988,4,27
1988-04-28,84,Moderate,Ozone,20,Los Angeles,California,34.1141,-118.4068,12531334.0,3267.0,America/Los_Angeles,1988,4,28
1988-04-29,119,Unhealthy for Sensitive Groups,Ozone,20,Los Angeles,California,34.1141,-118.4068,12531334.0,3267.0,America/Los_Angeles,1988,4,29
1988-04-30,67,Moderate,Ozone,20,Los Angeles,California,34.1141,-118.4068,12531334.0,3267.0,America/Los_Angeles,1988,4,30
1988-05-01,100,Moderate,NO2,21,Los Angeles,California,34.1141,-118.4068,12531334.0,3267.0,America/Los_Angeles,1988,5,1
1988-05-02,115,Unhealthy for Sensitive Groups,Ozone,21,Los Angeles,California,34.1141,-118.4068,12531334.0,3267.0,America/Los_Angeles,1988,5,2
1988-05-03,182,Unhealthy,Ozone,21,Los Angeles,California,34.1141,-118.4068,12531334.0,3267.0,America/Los_Angeles,1988,5,3
1988-05-04,101,Unhealthy for Sensitive Groups,Ozone,21,Los Angeles,California,34.1141,-118.4068,12531334.0,3267.0,America/Los_Angeles,1988,5,4
1988-05-05,43,Good,Ozone,20,Los Angeles,California,34.1141,-118.4068,12531334.0,3267.0,America/Los_Angeles,1988,5,5
1988-05-06,57,Moderate,NO2,21,Los Angeles,California,34.1141,-118.4068,12531334.0,3267.0,America/Los_Angeles,1988,5,6
1988-05-07,47,Good,NO2,21,Los Angeles,California,34.1141,-118.4068,12531334.0,3267.0,America/Los_Angeles,1988,5,7
1988-05-08,93,Moderate,Ozone,21,Los Angeles,California,34.1141,-118.4068,12531334.0,3267.0,America/Los_Angeles,1988,5,8
1988-05-09,161,Unhealthy,Ozone,21,Los Angeles,California,34.1141,-118.4068,12531334.0,3267.0,America/Los_Angeles,1988,5,9
1988-05-10,254,Very Unhealthy,Ozone,21,Los Angeles,California,34.1141,-118.4068,12531334.0,3267.0,America/Los_Angeles,1988,5,10
1988-05-11,269,Very Unhealthy,Ozone,21,Los Angeles,California,34.1141,-118.4068,12531334.0,3267.0,America/Los_Angeles,1988,5,11
1988-05-12,242,Very Unhealthy,Ozone,21,Los Angeles,California,34.1141,-118.4068,12531334.0,3267.0,America/Los_Angeles,1988,5,12
1988-05-13,174,Unhealthy,Ozone,21,Los Angeles,California,34.1141,-118.4068,12531334.0,3267.0,America/Los_Angeles,1988,5,13
1988-05-14,279,Very Unhealthy,Ozone,21,Los Angeles,California,34.1141,-118.4068,12531334.0,3267.0,America/Los_Angeles,1988,5,14
1988-05-15,221,Very Unhealthy,Ozone,21,Los Angeles,California,34.1141,-118.4068,12531334.0,3267.0,America/Los_Angeles,1988,5,15
1988-05-16,208,Very Unhealthy,Ozone,21,Los Angeles,California,34.1141,-118.4068,12531334.0,3267.0,America/Los_Angeles,1988,5,16
1988-05-17,74,Moderate,Ozone,21,Los Angeles,California,34.1141,-118.4068,12531334.0,3267.0,America/Los_Angeles,1988,5,17
1988-05-18,205,Very Unhealthy,Ozone,21,Los Angeles,California,34.1141,-118.4068,12531334.0,3267.0,America/Los_Angeles,1988,5,18
1988-05-19,214,Very Unhealthy,Ozone,21,Los Angeles,California,34.1141,-118.4068,12531334.0,3267.0,America/Los_Angeles,1988,5,19
1988-05-20,219,Very Unhealthy,Ozone,21,Los Angeles,California,34.1141,-118.4068,12531334.0,3267.0,America/Los_Angeles,1988,5,20
1988-05-21,265,Very Unhealthy,Ozone,21,Los Angeles,California,34.1141,-118.4068,12531334.0,3267.0,America/Los_Angeles,1988,5,21
1988-05-22,268,Very Unhealthy,Ozone,21,Los Angeles,California,34.1141,-118.4068,12531334.0,3267.0,America/Los_Angeles,1988,5,22
1988-05-23,192,Unhealthy,Ozone,21,Los Angeles,California,34.1141,-118.4068,12531334.0,3267.0,America/Los_Angeles,1988,5,23
1988-05-24,210,Very Unhealthy,Ozone,19,Los Angeles,California,34.1141,-118.4068,12531334.0,3267.0,America/Los_Angeles,1988,5,24
1988-05-25,233,Very Unhealthy,Ozone,20,Los Angeles,California,34.1141,-118.4068,12531334.0,3267.0,America/Los_Angeles,1988,5,25
1988-05-26,226,Very Unhealthy,Ozone,20,Los Angeles,California,34.1141,-118.4068,12531334.0,3267.0,America/Los_Angeles,1988,5,26
1988-05-27,182,Unhealthy,Ozone,20,Los Angeles,California,34.1141,-118.4068,12531334.0,3267.0,America/Los_Angeles,1988,5,27
1988-05-28,105,Unhealthy for Sensitive Groups,Ozone,20,Los Angeles,California,34.1141,-118.4068,12531334.0,3267.0,America/Los_Angeles,1988,5,28
1988-05-29,47,Good,NO2,20,Los Angeles,California,34.1141,-118.4068,12531334.0,3267.0,America/Los_Angeles,1988,5,29
1988-05-30,67,Moderate,Ozone,20,Los Angeles,California,34.1141,-118.4068,12531334.0,3267.0,America/Los_Angeles,1988,5,30
1988-05-31,151,Unhealthy,Ozone,20,Los Angeles,California,34.1141,-118.4068,12531334.0,3267.0,America/Los_Angeles,1988,5,31
1988-06-01,218,Very Unhealthy,Ozone,20,Los Angeles,California,34.1141,-118.4068,12531334.0,3267.0,America/Los_Angeles,1988,6,1
1988-06-02,235,Very Unhealthy,Ozone,20,Los Angeles,California,34.1141,-118.4068,12531334.0,3267.0,America/Los_Angeles,1988,6,2
1988-06-03,240,Very Unhealthy,Ozone,20,Los Angeles,California,34.1141,-118.4068,12531334.0,3267.0,America/Los_Angeles,1988,6,3
1988-06-04,151,Unhealthy,Ozone,20,Los Angeles,California,34.1141,-118.4068,12531334.0,3267.0,America/Los_Angeles,1988,6,4
1988-06-05,84,Moderate,Ozone,20,Los Angeles,California,34.1141,-118.4068,12531334.0,3267.0,America/Los_Angeles,1988,6,5
1988-06-06,71,Moderate,Ozone,20,Los Angeles,California,34.1141,-118.4068,12531334.0,3267.0,America/Los_Angeles,1988,6,6
1988-06-07,68,Moderate,NO2,21,Los Angeles,California,34.1141,-118.4068,12531334.0,3267.0,America/Los_Angeles,1988,6,7
1988-06-08,100,Moderate,NO2,21,Los Angeles,California,34.1141,-118.4068,12531334.0,3267.0,America/Los_Angeles,1988,6,8
1988-06-09,200,Unhealthy,Ozone,21,Los Angeles,California,34.1141,-118.4068,12531334.0,3267.0,America/Los_Angeles,1988,6,9
1988-06-10,200,Unhealthy,Ozone,21,Los Angeles,California,34.1141,-118.4068,12531334.0,3267.0,America/Los_Angeles,1988,6,10
1988-06-11,156,Unhealthy,Ozone,21,Los Angeles,California,34.1141,-118.4068,12531334.0,3267.0,America/Los_Angeles,1988,6,11
1988-06-12,190,Unhealthy,Ozone,21,Los Angeles,California,34.1141,-118.4068,12531334.0,3267.0,America/Los_Angeles,1988,6,12
1988-06-13,251,Very Unhealthy,Ozone,21,Los Angeles,California,34.1141,-118.4068,12531334.0,3267.0,America/Los_Angeles,1988,6,13
1988-06-14,272,Very Unhealthy,Ozone,21,Los Angeles,California,34.1141,-118.4068,12531334.0,3267.0,America/Los_Angeles,1988,6,14
1988-06-15,242,Very Unhealthy,Ozone,20,Los Angeles,California,34.1141,-118.4068,12531334.0,3267.0,America/Los_Angeles,1988,6,15
1988-06-16,221,Very Unhealthy,Ozone,20,Los Angeles,California,34.1141,-118.4068,12531334.0,3267.0,America/Los_Angeles,1988,6,16
1988-06-17,100,Moderate,Ozone,20,Los Angeles,California,34.1141,-118.4068,12531334.0,3267.0,America/Los_Angeles,1988,6,17
1988-06-18,248,Very Unhealthy,Ozone,20,Los Angeles,California,34.1141,-118.4068,12531334.0,3267.0,America/Los_Angeles,1988,6,18
1988-06-19,151,Unhealthy,Ozone,20,Los Angeles,California,34.1141,-118.4068,12531334.0,3267.0,America/Los_Angeles,1988,6,19
1988-06-20,147,Unhealthy for Sensitive Groups,Ozone,20,Los Angeles,California,34.1141,-118.4068,12531334.0,3267.0,America/Los_Angeles,1988,6,20
1988-06-21,203,Very Unhealthy,Ozone,20,Los Angeles,California,34.1141,-118.4068,12531334.0,3267.0,America/Los_Angeles,1988,6,21
1988-06-22,187,Unhealthy,Ozone,20,Los Angeles,California,34.1141,-118.4068,12531334.0,3267.0,America/Los_Angeles,1988,6,22
1988-06-23,208,Very Unhealthy,Ozone,20,Los Angeles,California,34.1141,-118.4068,12531334.0,3267.0,America/Los_Angeles,1988,6,23
1988-06-24,182,Unhealthy,Ozone,21,Los Angeles,California,34.1141,-118.4068,12531334.0,3267.0,America/Los_Angeles,1988,6,24
1988-06-25,182,Unhealthy,Ozone,21,Los Angeles,California,34.1141,-118.4068,12531334.0,3267.0,America/Los_Angeles,1988,6,25
1988-06-26,272,Very Unhealthy,Ozone,21,Los Angeles,California,34.1141,-118.4068,12531334.0,3267.0,America/Los_Angeles,1988,6,26
1988-06-27,276,Very Unhealthy,Ozone,21,Los Angeles,California,34.1141,-118.4068,12531334.0,3267.0,America/Los_Angeles,1988,6,27
1988-06-28,264,Very Unhealthy,Ozone,21,Los Angeles,California,34.1141,-118.4068,12531334.0,3267.0,America/Los_Angeles,1988,6,28
1988-06-29,269,Very Unhealthy,Ozone,21,Los Angeles,California,34.1141,-118.4068,12531334.0,3267.0,America/Los_Angeles,1988,6,29
1988-06-30,282,Very Unhealthy,Ozone,21,Los Angeles,California,34.1141,-118.4068,12531334.0,3267.0,America/Los_Angeles,1988,6,30
1988-07-01,297,Very Unhealthy,Ozone,21,Los Angeles,California,34.1141,-118.4068,12531334.0,3267.0,America/Los_Angeles,1988,7,1
1988-07-02,281,Very Unhealthy,Ozone,21,Los Angeles,California,34.1141,-118.4068,12531334.0,3267.0,America/Los_Angeles,1988,7,2
1988-07-03,233,Very Unhealthy,Ozone,21,Los Angeles,California,34.1141,-118.4068,12531334.0,3267.0,America/Los_Angeles,1988,7,3
1988-07-04,195,Unhealthy,Ozone,21,Los Angeles,California,34.1141,-118.4068,12531334.0,3267.0,America/Los_Angeles,1988,7,4
1988-07-05,243,Very Unhealthy,Ozone,21,Los Angeles,California,34.1141,-118.4068,12531334.0,3267.0,America/Los_Angeles,1988,7,5
1988-07-06,243,Very Unhealthy,Ozone,21,Los Angeles,California,34.1141,-118.4068,12531334.0,3267.0,America/Los_Angeles,1988,7,6
1988-07-07,235,Very Unhealthy,Ozone,21,Los Angeles,California,34.1141,-118.4068,12531334.0,3267.0,America/Los_Angeles,1988,7,7
1988-07-08,247,Very Unhealthy,Ozone,21,Los Angeles,California,34.1141,-118.4068,12531334.0,3267.0,America/Los_Angeles,1988,7,8
1988-07-09,274,Very Unhealthy,Ozone,21,Los Angeles,California,34.1141,-118.4068,12531334.0,3267.0,America/Los_Angeles,1988,7,9
1988-07-10,259,Very Unhealthy,Ozone,21,Los Angeles,California,34.1141,-118.4068,12531334.0,3267.0,America/Los_Angeles,1988,7,10
1988-07-11,201,Very Unhealthy,Ozone,21,Los Angeles,California,34.1141,-118.4068,12531334.0,3267.0,America/Los_Angeles,1988,7,11
1988-07-12,251,Very Unhealthy,Ozone,20,Los Angeles,California,34.1141,-118.4068,12531334.0,3267.0,America/Los_Angeles,1988,7,12
1988-07-13,228,Very Unhealthy,Ozone,20,Los Angeles,California,34.1141,-118.4068,12531334.0,3267.0,America/Los_Angeles,1988,7,13
1988-07-14,255,Very Unhealthy,Ozone,21,Los Angeles,California,34.1141,-118.4068,12531334.0,3267.0,America/Los_Angeles,1988,7,14
1988-07-15,287,Very Unhealthy,Ozone,21,Los Angeles,California,34.1141,-118.4068,12531334.0,3267.0,America/Los_Angeles,1988,7,15
1988-07-16,289,Very Unhealthy,Ozone,21,Los Angeles,California,34.1141,-118.4068,12531334.0,3267.0,America/Los_Angeles,1988,7,16
1988-07-17,298,Very Unhealthy,Ozone,21,Los Angeles,California,34.1141,-118.4068,12531334.0,3267.0,America/Los_Angeles,1988,7,17
1988-07-18,235,Very Unhealthy,Ozone,21,Los Angeles,California,34.1141,-118.4068,12531334.0,3267.0,America/Los_Angeles,1988,7,18
1988-07-19,249,Very Unhealthy,Ozone,21,Los Angeles,California,34.1141,-118.4068,12531334.0,3267.0,America/Los_Angeles,1988,7,19
1988-07-20,289,Very Unhealthy,Ozone,21,Los Angeles,California,34.1141,-118.4068,12531334.0,3267.0,America/Los_Angeles,1988,7,20
1988-07-21,264,Very Unhealthy,Ozone,21,Los Angeles,California,34.1141,-118.4068,12531334.0,3267.0,America/Los_Angeles,1988,7,21
1988-07-22,237,Very Unhealthy,Ozone,21,Los Angeles,California,34.1141,-118.4068,12531334.0,3267.0,America/Los_Angeles,1988,7,22
1988-07-23,251,Very Unhealthy,Ozone,21,Los Angeles,California,34.1141,-118.4068,12531334.0,3267.0,America/Los_Angeles,1988,7,23
1988-07-24,227,Very Unhealthy,Ozone,21,Los Angeles,California,34.1141,-118.4068,12531334.0,3267.0,America/Los_Angeles,1988,7,24
1988-07-25,224,Very Unhealthy,Ozone,21,Los Angeles,California,34.1141,-118.4068,12531334.0,3267.0,America/Los_Angeles,1988,7,25
1988-07-26,248,Very Unhealthy,Ozone,21,Los Angeles,California,34.1141,-118.4068,12531334.0,3267.0,America/Los_Angeles,1988,7,26
1988-07-27,234,Very Unhealthy,Ozone,21,Los Angeles,California,34.1141,-118.4068,12531334.0,3267.0,America/Los_Angeles,1988,7,27
1988-07-28,263,Very Unhealthy,Ozone,21,Los Angeles,California,34.1141,-118.4068,12531334.0,3267.0,America/Los_Angeles,1988,7,28
1988-07-29,280,Very Unhealthy,Ozone,21,Los Angeles,California,34.1141,-118.4068,12531334.0,3267.0,America/Los_Angeles,1988,7,29
1988-07-30,240,Very Unhealthy,Ozone,21,Los Angeles,California,34.1141,-118.4068,12531334.0,3267.0,America/Los_Angeles,1988,7,30
1988-07-31,202,Very Unhealthy,Ozone,21,Los Angeles,California,34.1141,-118.4068,12531334.0,3267.0,America/Los_Angeles,1988,7,31
1988-08-01,206,Very Unhealthy,Ozone,21,Los Angeles,California,34.1141,-118.4068,12531334.0,3267.0,America/Los_Angeles,1988,8,1
1988-08-02,200,Unhealthy,Ozone,21,Los Angeles,California,34.1141,-118.4068,12531334.0,3267.0,America/Los_Angeles,1988,8,2
1988-08-03,190,Unhealthy,Ozone,21,Los Angeles,California,34.1141,-118.4068,12531334.0,3267.0,America/Los_Angeles,1988,8,3
1988-08-04,214,Very Unhealthy,Ozone,21,Los Angeles,California,34.1141,-118.4068,12531334.0,3267.0,America/Los_Angeles,1988,8,4
1988-08-05,223,Very Unhealthy,Ozone,21,Los Angeles,California,34.1141,-118.4068,12531334.0,3267.0,America/Los_Angeles,1988,8,5
1988-08-06,151,Unhealthy,Ozone,21,Los Angeles,California,34.1141,-118.4068,12531334.0,3267.0,America/Los_Angeles,1988,8,6
1988-08-07,203,Very Unhealthy,Ozone,21,Los Angeles,California,34.1141,-118.4068,12531334.0,3267.0,America/Los_Angeles,1988,8,7
1988-08-08,223,Very Unhealthy,Ozone,21,Los Angeles,California,34.1141,-118.4068,12531334.0,3267.0,America/Los_Angeles,1988,8,8
1988-08-09,242,Very Unhealthy,Ozone,21,Los Angeles,California,34.1141,-118.4068,12531334.0,3267.0,America/Los_Angeles,1988,8,9
1988-08-10,245,Very Unhealthy,Ozone,21,Los Angeles,California,34.1141,-118.4068,12531334.0,3267.0,America/Los_Angeles,1988,8,10
1988-08-11,202,Very Unhealthy,Ozone,21,Los Angeles,California,34.1141,-118.4068,12531334.0,3267.0,America/Los_Angeles,1988,8,11
1988-08-12,223,Very Unhealthy,Ozone,21,Los Angeles,California,34.1141,-118.4068,12531334.0,3267.0,America/Los_Angeles,1988,8,12
1988-08-13,269,Very Unhealthy,Ozone,20,Los Angeles,California,34.1141,-118.4068,12531334.0,3267.0,America/Los_Angeles,1988,8,13
1988-08-14,233,Very Unhealthy,Ozone,21,Los Angeles,California,34.1141,-118.4068,12531334.0,3267.0,America/Los_Angeles,1988,8,14
1988-08-15,210,Very Unhealthy,Ozone,21,Los Angeles,California,34.1141,-118.4068,12531334.0,3267.0,America/Los_Angeles,1988,8,15
1988-08-16,234,Very Unhealthy,Ozone,21,Los Angeles,California,34.1141,-118.4068,12531334.0,3267.0,America/Los_Angeles,1988,8,16
1988-08-17,279,Very Unhealthy,Ozone,21,Los Angeles,California,34.1141,-118.4068,12531334.0,3267.0,America/Los_Angeles,1988,8,17
1988-08-18,284,Very Unhealthy,Ozone,20,Los Angeles,California,34.1141,-118.4068,12531334.0,3267.0,America/Los_Angeles,1988,8,18
1988-08-19,282,Very Unhealthy,Ozone,21,Los Angeles,California,34.1141,-118.4068,12531334.0,3267.0,America/Los_Angeles,1988,8,19
1988-08-20,227,Very Unhealthy,Ozone,20,Los Angeles,California,34.1141,-118.4068,12531334.0,3267.0,America/Los_Angeles,1988,8,20
1988-08-21,219,Very Unhealthy,Ozone,21,Los Angeles,California,34.1141,-118.4068,12531334.0,3267.0,America/Los_Angeles,1988,8,21
1988-08-22,207,Very Unhealthy,Ozone,21,Los Angeles,California,34.1141,-118.4068,12531334.0,3267.0,America/Los_Angeles,1988,8,22
1988-08-23,244,Very Unhealthy,Ozone,21,Los Angeles,California,34.1141,-118.4068,12531334.0,3267.0,America/Los_Angeles,1988,8,23
1988-08-24,192,Unhealthy,Ozone,19,Los Angeles,California,34.1141,-118.4068,12531334.0,3267.0,America/Los_Angeles,1988,8,24
1988-08-25,275,Very Unhealthy,Ozone,21,Los Angeles,California,34.1141,-118.4068,12531334.0,3267.0,America/Los_Angeles,1988,8,25
1988-08-26,229,Very Unhealthy,Ozone,21,Los Angeles,California,34.1141,-118.4068,12531334.0,3267.0,America/Los_Angeles,1988,8,26
1988-08-27,200,Unhealthy,Ozone,21,Los Angeles,California,34.1141,-118.4068,12531334.0,3267.0,America/Los_Angeles,1988,8,27
1988-08-28,229,Very Unhealthy,Ozone,21,Los Angeles,California,34.1141,-118.4068,12531334.0,3267.0,America/Los_Angeles,1988,8,28
1988-08-29,243,Very Unhealthy,Ozone,21,Los Angeles,California,34.1141,-118.4068,12531334.0,3267.0,America/Los_Angeles,1988,8,29
1988-08-30,261,Very Unhealthy,Ozone,21,Los Angeles,California,34.1141,-118.4068,12531334.0,3267.0,America/Los_Angeles,1988,8,30
1988-08-31,265,Very Unhealthy,Ozone,21,Los Angeles,California,34.1141,-118.4068,12531334.0,3267.0,America/Los_Angeles,1988,8,31
1988-09-01,276,Very Unhealthy,Ozone,21,Los Angeles,California,34.1141,-118.4068,12531334.0,3267.0,America/Los_Angeles,1988,9,1
1988-09-02,285,Very Unhealthy,Ozone,20,Los Angeles,California,34.1141,-118.4068,12531334.0,3267.0,America/Los_Angeles,1988,9,2
1988-09-03,298,Very Unhealthy,Ozone,20,Los Angeles,California,34.1141,-118.4068,12531334.0,3267.0,America/Los_Angeles,1988,9,3
1988-09-04,249,Very Unhealthy,Ozone,20,Los Angeles,California,34.1141,-118.4068,12531334.0,3267.0,America/Los_Angeles,1988,9,4
1988-09-05,249,Very Unhealthy,Ozone,20,Los Angeles,California,34.1141,-118.4068,12531334.0,3267.0,America/Los_Angeles,1988,9,5
1988-09-06,232,Very Unhealthy,Ozone,20,Los Angeles,California,34.1141,-118.4068,12531334.0,3267.0,America/Los_Angeles,1988,9,6
1988-09-07,217,Very Unhealthy,Ozone,20,Los Angeles,California,34.1141,-118.4068,12531334.0,3267.0,America/Los_Angeles,1988,9,7
1988-09-08,202,Very Unhealthy,Ozone,20,Los Angeles,California,34.1141,-118.4068,12531334.0,3267.0,America/Los_Angeles,1988,9,8
1988-09-09,224,Very Unhealthy,Ozone,20,Los Angeles,California,34.1141,-118.4068,12531334.0,3267.0,America/Los_Angeles,1988,9,9
1988-09-10,221,Very Unhealthy,Ozone,20,Los Angeles,California,34.1141,-118.4068,12531334.0,3267.0,America/Los_Angeles,1988,9,10
1988-09-11,216,Very Unhealthy,Ozone,20,Los Angeles,California,34.1141,-118.4068,12531334.0,3267.0,America/Los_Angeles,1988,9,11
1988-09-12,90,Moderate,Ozone,20,Los Angeles,California,34.1141,-118.4068,12531334.0,3267.0,America/Los_Angeles,1988,9,12
1988-09-13,101,Unhealthy for Sensitive Groups,Ozone,20,Los Angeles,California,34.1141,-118.4068,12531334.0,3267.0,America/Los_Angeles,1988,9,13
1988-09-14,177,Unhealthy,Ozone,20,Los Angeles,California,34.1141,-118.4068,12531334.0,3267.0,America/Los_Angeles,1988,9,14
1988-09-15,216,Very Unhealthy,Ozone,20,Los Angeles,California,34.1141,-118.4068,12531334.0,3267.0,America/Los_Angeles,1988,9,15
1988-09-16,249,Very Unhealthy,Ozone,20,Los Angeles,California,34.1141,-118.4068,12531334.0,3267.0,America/Los_Angeles,1988,9,16
1988-09-17,234,Very Unhealthy,Ozone,20,Los Angeles,California,34.1141,-118.4068,12531334.0,3267.0,America/Los_Angeles,1988,9,17
1988-09-18,226,Very Unhealthy,Ozone,20,Los Angeles,California,34.1141,-118.4068,12531334.0,3267.0,America/Los_Angeles,1988,9,18
1988-09-19,210,Very Unhealthy,Ozone,20,Los Angeles,California,34.1141,-118.4068,12531334.0,3267.0,America/Los_Angeles,1988,9,19
1988-09-20,90,Moderate,Ozone,20,Los Angeles,California,34.1141,-118.4068,12531334.0,3267.0,America/Los_Angeles,1988,9,20
1988-09-21,68,Moderate,NO2,20,Los Angeles,California,34.1141,-118.4068,12531334.0,3267.0,America/Los_Angeles,1988,9,21
1988-09-22,136,Unhealthy for Sensitive Groups,Ozone,20,Los Angeles,California,34.1141,-118.4068,12531334.0,3267.0,America/Los_Angeles,1988,9,22
1988-09-23,202,Very Unhealthy,Ozone,20,Los Angeles,California,34.1141,-118.4068,12531334.0,3267.0,America/Los_Angeles,1988,9,23
1988-09-24,174,Unhealthy,Ozone,20,Los Angeles,California,34.1141,-118.4068,12531334.0,3267.0,America/Los_Angeles,1988,9,24
1988-09-25,166,Unhealthy,Ozone,20,Los Angeles,California,34.1141,-118.4068,12531334.0,3267.0,America/Los_Angeles,1988,9,25
1988-09-26,154,Unhealthy,Ozone,20,Los Angeles,California,34.1141,-118.4068,12531334.0,3267.0,America/Los_Angeles,1988,9,26
1988-09-27,213,Very Unhealthy,Ozone,20,Los Angeles,California,34.1141,-118.4068,12531334.0,3267.0,America/Los_Angeles,1988,9,27
1988-09-28,255,Very Unhealthy,Ozone,20,Los Angeles,California,34.1141,-118.4068,12531334.0,3267.0,America/Los_Angeles,1988,9,28
1988-09-29,219,Very Unhealthy,Ozone,20,Los Angeles,California,34.1141,-118.4068,12531334.0,3267.0,America/Los_Angeles,1988,9,29
1988-09-30,251,Very Unhealthy,Ozone,18,Los Angeles,California,34.1141,-118.4068,12531334.0,3267.0,America/Los_Angeles,1988,9,30
1988-10-01,240,Very Unhealthy,Ozone,19,Los Angeles,California,34.1141,-118.4068,12531334.0,3267.0,America/Los_Angeles,1988,10,1
1988-10-02,255,Very Unhealthy,Ozone,19,Los Angeles,California,34.1141,-118.4068,12531334.0,3267.0,America/Los_Angeles,1988,10,2
1988-10-03,234,Very Unhealthy,Ozone,19,Los Angeles,California,34.1141,-118.4068,12531334.0,3267.0,America/Los_Angeles,1988,10,3
1988-10-04,210,Very Unhealthy,Ozone,19,Los Angeles,California,34.1141,-118.4068,12531334.0,3267.0,America/Los_Angeles,1988,10,4
1988-10-05,192,Unhealthy,Ozone,19,Los Angeles,California,34.1141,-118.4068,12531334.0,3267.0,America/Los_Angeles,1988,10,5
1988-10-06,101,Unhealthy for Sensitive Groups,Ozone,19,Los Angeles,California,34.1141,-118.4068,12531334.0,3267.0,America/Los_Angeles,1988,10,6
1988-10-07,115,Unhealthy for Sensitive Groups,Ozone,20,Los Angeles,California,34.1141,-118.4068,12531334.0,3267.0,America/Los_Angeles,1988,10,7
1988-10-08,187,Unhealthy,Ozone,21,Los Angeles,California,34.1141,-118.4068,12531334.0,3267.0,America/Los_Angeles,1988,10,8
1988-10-09,182,Unhealthy,Ozone,20,Los Angeles,California,34.1141,-118.4068,12531334.0,3267.0,America/Los_Angeles,1988,10,9
1988-10-10,237,Very Unhealthy,Ozone,21,Los Angeles,California,34.1141,-118.4068,12531334.0,3267.0,America/Los_Angeles,1988,10,10
1988-10-11,169,Unhealthy,Ozone,21,Los Angeles,California,34.1141,-118.4068,12531334.0,3267.0,America/Los_Angeles,1988,10,11
1988-10-12,108,Unhealthy for Sensitive Groups,Ozone,21,Los Angeles,California,34.1141,-118.4068,12531334.0,3267.0,America/Los_Angeles,1988,10,12
1988-10-13,79,Moderate,NO2,21,Los Angeles,California,34.1141,-118.4068,12531334.0,3267.0,America/Los_Angeles,1988,10,13
1988-10-14,68,Moderate,NO2,19,Los Angeles,California,34.1141,-118.4068,12531334.0,3267.0,America/Los_Angeles,1988,10,14
1988-10-15,222,Very Unhealthy,Ozone,19,Los Angeles,California,34.1141,-118.4068,12531334.0,3267.0,America/Los_Angeles,1988,10,15
1988-10-16,237,Very Unhealthy,Ozone,19,Los Angeles,California,34.1141,-118.4068,12531334.0,3267.0,America/Los_Angeles,1988,10,16
1988-10-17,216,Very Unhealthy,Ozone,19,Los Angeles,California,34.1141,-118.4068,12531334.0,3267.0,America/Los_Angeles,1988,10,17
1988-10-18,207,Very Unhealthy,Ozone,19,Los Angeles,California,34.1141,-118.4068,12531334.0,3267.0,America/Los_Angeles,1988,10,18
1988-10-19,174,Unhealthy,Ozone,19,Los Angeles,California,34.1141,-118.4068,12531334.0,3267.0,America/Los_Angeles,1988,10,19
1988-10-20,177,Unhealthy,Ozone,19,Los Angeles,California,34.1141,-118.4068,12531334.0,3267.0,America/Los_Angeles,1988,10,20
1988-10-21,224,Very Unhealthy,Ozone,19,Los Angeles,California,34.1141,-118.4068,12531334.0,3267.0,America/Los_Angeles,1988,10,21
1988-10-22,238,Very Unhealthy,Ozone,18,Los Angeles,California,34.1141,-118.4068,12531334.0,3267.0,America/Los_Angeles,1988,10,22
1988-10-23,233,Very Unhealthy,Ozone,19,Los Angeles,California,34.1141,-118.4068,12531334.0,3267.0,America/Los_Angeles,1988,10,23
1988-10-24,256,Very Unhealthy,Ozone,19,Los Angeles,California,34.1141,-118.4068,12531334.0,3267.0,America/Los_Angeles,1988,10,24
1988-10-25,218,Very Unhealthy,Ozone,19,Los Angeles,California,34.1141,-118.4068,12531334.0,3267.0,America/Los_Angeles,1988,10,25
1988-10-26,164,Unhealthy,Ozone,19,Los Angeles,California,34.1141,-118.4068,12531334.0,3267.0,America/Los_Angeles,1988,10,26
1988-10-27,182,Unhealthy,Ozone,19,Los Angeles,California,34.1141,-118.4068,12531334.0,3267.0,America/Los_Angeles,1988,10,27
1988-10-28,126,Unhealthy for Sensitive Groups,Ozone,19,Los Angeles,California,34.1141,-118.4068,12531334.0,3267.0,America/Los_Angeles,1988,10,28
1988-10-29,122,Unhealthy for Sensitive Groups,Ozone,19,Los Angeles,California,34.1141,-118.4068,12531334.0,3267.0,America/Los_Angeles,1988,10,29
1988-10-30,154,Unhealthy,Ozone,19,Los Angeles,California,34.1141,-118.4068,12531334.0,3267.0,America/Los_Angeles,1988,10,30
1988-10-31,141,Unhealthy for Sensitive Groups,NO2,19,Los Angeles,California,34.1141,-118.4068,12531334.0,3267.0,America/Los_Angeles,1988,10,31
1988-11-01,89,Moderate,NO2,19,Los Angeles,California,34.1141,-118.4068,12531334.0,3267.0,America/Los_Angeles,1988,11,1
1988-11-02,79,Moderate,NO2,19,Los Angeles,California,34.1141,-118.4068,12531334.0,3267.0,America/Los_Angeles,1988,11,2
1988-11-03,115,Unhealthy for Sensitive Groups,Ozone,19,Los Angeles,California,34.1141,-118.4068,12531334.0,3267.0,America/Los_Angeles,1988,11,3
1988-11-04,218,Very Unhealthy,Ozone,21,Los Angeles,California,34.1141,-118.4068,12531334.0,3267.0,America/Los_Angeles,1988,11,4
1988-11-05,195,Unhealthy,Ozone,21,Los Angeles,California,34.1141,-118.4068,12531334.0,3267.0,America/Los_Angeles,1988,11,5
1988-11-06,224,Very Unhealthy,Ozone,21,Los Angeles,California,34.1141,-118.4068,12531334.0,3267.0,America/Los_Angeles,1988,11,6
1988-11-07,79,Moderate,NO2,21,Los Angeles,California,34.1141,-118.4068,12531334.0,3267.0,America/Los_Angeles,1988,11,7
1988-11-08,89,Moderate,NO2,21,Los Angeles,California,34.1141,-118.4068,12531334.0,3267.0,America/Los_Angeles,1988,11,8
1988-11-09,105,Unhealthy for Sensitive Groups,NO2,21,Los Angeles,California,34.1141,-118.4068,12531334.0,3267.0,America/Los_Angeles,1988,11,9
1988-11-10,100,Moderate,NO2,21,Los Angeles,California,34.1141,-118.4068,12531334.0,3267.0,America/Los_Angeles,1988,11,10
1988-11-11,68,Moderate,NO2,21,Los Angeles,California,34.1141,-118.4068,12531334.0,3267.0,America/Los_Angeles,1988,11,11
1988-11-12,105,Unhealthy for Sensitive Groups,Ozone,21,Los Angeles,California,34.1141,-118.4068,12531334.0,3267.0,America/Los_Angeles,1988,11,12
1988-11-13,103,Unhealthy for Sensitive Groups,NO2,21,Los Angeles,California,34.1141,-118.4068,12531334.0,3267.0,America/Los_Angeles,1988,11,13
1988-11-14,47,Good,NO2,21,Los Angeles,California,34.1141,-118.4068,12531334.0,3267.0,America/Los_Angeles,1988,11,14
1988-11-15,105,Unhealthy for Sensitive Groups,NO2,21,Los Angeles,California,34.1141,-118.4068,12531334.0,3267.0,America/Los_Angeles,1988,11,15
1988-11-16,108,Unhealthy for Sensitive Groups,NO2,21,Los Angeles,California,34.1141,-118.4068,12531334.0,3267.0,America/Los_Angeles,1988,11,16
1988-11-17,110,Unhealthy for Sensitive Groups,NO2,21,Los Angeles,California,34.1141,-118.4068,12531334.0,3267.0,America/Los_Angeles,1988,11,17
1988-11-18,89,Moderate,NO2,21,Los Angeles,California,34.1141,-118.4068,12531334.0,3267.0,America/Los_Angeles,1988,11,18
1988-11-19,103,Unhealthy for Sensitive Groups,NO2,21,Los Angeles,California,34.1141,-118.4068,12531334.0,3267.0,America/Los_Angeles,1988,11,19
1988-11-20,142,Unhealthy for Sensitive Groups,CO,21,Los Angeles,California,34.1141,-118.4068,12531334.0,3267.0,America/Los_Angeles,1988,11,20
1988-11-21,110,Unhealthy for Sensitive Groups,NO2,21,Los Angeles,California,34.1141,-118.4068,12531334.0,3267.0,America/Los_Angeles,1988,11,21
1988-11-22,217,Very Unhealthy,CO,21,Los Angeles,California,34.1141,-118.4068,12531334.0,3267.0,America/Los_Angeles,1988,11,22
1988-11-23,142,Unhealthy for Sensitive Groups,CO,21,Los Angeles,California,34.1141,-118.4068,12531334.0,3267.0,America/Los_Angeles,1988,11,23
1988-11-24,57,Moderate,NO2,21,Los Angeles,California,34.1141,-118.4068,12531334.0,3267.0,America/Los_Angeles,1988,11,24
1988-11-25,68,Moderate,NO2,21,Los Angeles,California,34.1141,-118.4068,12531334.0,3267.0,America/Los_Angeles,1988,11,25
1988-11-26,109,Unhealthy for Sensitive Groups,CO,21,Los Angeles,California,34.1141,-118.4068,12531334.0,3267.0,America/Los_Angeles,1988,11,26
1988-11-27,120,Unhealthy for Sensitive Groups,CO,21,Los Angeles,California,34.1141,-118.4068,12531334.0,3267.0,America/Los_Angeles,1988,11,27
1988-11-28,159,Unhealthy,CO,21,Los Angeles,California,34.1141,-118.4068,12531334.0,3267.0,America/Los_Angeles,1988,11,28
1988-11-29,215,Very Unhealthy,CO,21,Los Angeles,California,34.1141,-118.4068,12531334.0,3267.0,America/Los_Angeles,1988,11,29
1988-11-30,228,Very Unhealthy,CO,21,Los Angeles,California,34.1141,-118.4068,12531334.0,3267.0,America/Los_Angeles,1988,11,30
1988-12-01,223,Very Unhealthy,CO,18,Los Angeles,California,34.1141,-118.4068,12531334.0,3267.0,America/Los_Angeles,1988,12,1
1988-12-02,142,Unhealthy for Sensitive Groups,CO,18,Los Angeles,California,34.1141,-118.4068,12531334.0,3267.0,America/Los_Angeles,1988,12,2
1988-12-03,170,Unhealthy,CO,18,Los Angeles,California,34.1141,-118.4068,12531334.0,3267.0,America/Los_Angeles,1988,12,3
1988-12-04,143,Unhealthy for Sensitive Groups,CO,18,Los Angeles,California,34.1141,-118.4068,12531334.0,3267.0,America/Los_Angeles,1988,12,4
1988-12-05,216,Very Unhealthy,CO,18,Los Angeles,California,34.1141,-118.4068,12531334.0,3267.0,America/Los_Angeles,1988,12,5
1988-12-06,225,Very Unhealthy,CO,18,Los Angeles,California,34.1141,-118.4068,12531334.0,3267.0,America/Los_Angeles,1988,12,6
1988-12-07,195,Unhealthy,CO,18,Los Angeles,California,34.1141,-118.4068,12531334.0,3267.0,America/Los_Angeles,1988,12,7
1988-12-08,118,Unhealthy for Sensitive Groups,NO2,18,Los Angeles,California,34.1141,-118.4068,12531334.0,3267.0,America/Los_Angeles,1988,12,8
1988-12-09,125,Unhealthy for Sensitive Groups,CO,18,Los Angeles,California,34.1141,-118.4068,12531334.0,3267.0,America/Los_Angeles,1988,12,9
1988-12-10,154,Unhealthy,CO,17,Los Angeles,California,34.1141,-118.4068,12531334.0,3267.0,America/Los_Angeles,1988,12,10
1988-12-11,202,Very Unhealthy,CO,18,Los Angeles,California,34.1141,-118.4068,12531334.0,3267.0,America/Los_Angeles,1988,12,11
1988-12-12,241,Very Unhealthy,CO,17,Los Angeles,California,34.1141,-118.4068,12531334.0,3267.0,America/Los_Angeles,1988,12,12
1988-12-13,281,Very Unhealthy,CO,18,Los Angeles,California,34.1141,-118.4068,12531334.0,3267.0,America/Los_Angeles,1988,12,13
1988-12-14,142,Unhealthy for Sensitive Groups,CO,18,Los Angeles,California,34.1141,-118.4068,12531334.0,3267.0,America/Los_Angeles,1988,12,14
1988-12-15,47,Good,NO2,18,Los Angeles,California,34.1141,-118.4068,12531334.0,3267.0,America/Los_Angeles,1988,12,15
1988-12-16,79,Moderate,NO2,18,Los Angeles,California,34.1141,-118.4068,12531334.0,3267.0,America/Los_Angeles,1988,12,16
1988-12-17,95,Moderate,CO,18,Los Angeles,California,34.1141,-118.4068,12531334.0,3267.0,America/Los_Angeles,1988,12,17
1988-12-18,126,Unhealthy for Sensitive Groups,CO,18,Los Angeles,California,34.1141,-118.4068,12531334.0,3267.0,America/Los_Angeles,1988,12,18
1988-12-19,105,Unhealthy for Sensitive Groups,NO2,17,Los Angeles,California,34.1141,-118.4068,12531334.0,3267.0,America/Los_Angeles,1988,12,19
1988-12-20,79,Moderate,NO2,18,Los Angeles,California,34.1141,-118.4068,12531334.0,3267.0,America/Los_Angeles,1988,12,20
1988-12-21,57,Moderate,NO2,18,Los Angeles,California,34.1141,-118.4068,12531334.0,3267.0,America/Los_Angeles,1988,12,21
1988-12-22,89,Moderate,NO2,18,Los Angeles,California,34.1141,-118.4068,12531334.0,3267.0,America/Los_Angeles,1988,12,22
1988-12-23,165,Unhealthy,CO,18,Los Angeles,California,34.1141,-118.4068,12531334.0,3267.0,America/Los_Angeles,1988,12,23
1988-12-24,204,Very Unhealthy,CO,18,Los Angeles,California,34.1141,-118.4068,12531334.0,3267.0,America/Los_Angeles,1988,12,24
1988-12-25,47,Good,NO2,18,Los Angeles,California,34.1141,-118.4068,12531334.0,3267.0,America/Los_Angeles,1988,12,25
1988-12-26,66,Moderate,CO,18,Los Angeles,California,34.1141,-118.4068,12531334.0,3267.0,America/Los_Angeles,1988,12,26
1988-12-27,77,Moderate,CO,18,Los Angeles,California,34.1141,-118.4068,12531334.0,3267.0,America/Los_Angeles,1988,12,27
1988-12-28,79,Moderate,NO2,18,Los Angeles,California,34.1141,-118.4068,12531334.0,3267.0,America/Los_Angeles,1988,12,28
1988-12-29,186,Unhealthy,CO,18,Los Angeles,California,34.1141,-118.4068,12531334.0,3267.0,America/Los_Angeles,1988,12,29
1988-12-30,204,Very Unhealthy,CO,18,Los Angeles,California,34.1141,-118.4068,12531334.0,3267.0,America/Los_Angeles,1988,12,30
1988-12-31,123,Unhealthy for Sensitive Groups,CO,18,Los Angeles,California,34.1141,-118.4068,12531334.0,3267.0,America/Los_Angeles,1988,12,31
1989-01-01,100,Moderate,CO,22,Los Angeles,California,34.1141,-118.4068,12531334.0,3267.0,America/Los_Angeles,1989,1,1
1989-01-02,118,Unhealthy for Sensitive Groups,CO,22,Los Angeles,California,34.1141,-118.4068,12531334.0,3267.0,America/Los_Angeles,1989,1,2
1989-01-03,103,Unhealthy for Sensitive Groups,NO2,22,Los Angeles,California,34.1141,-118.4068,12531334.0,3267.0,America/Los_Angeles,1989,1,3
1989-01-04,89,Moderate,NO2,22,Los Angeles,California,34.1141,-118.4068,12531334.0,3267.0,America/Los_Angeles,1989,1,4
1989-01-05,72,Moderate,CO,22,Los Angeles,California,34.1141,-118.4068,12531334.0,3267.0,America/Los_Angeles,1989,1,5
1989-01-06,57,Moderate,NO2,22,Los Angeles,California,34.1141,-118.4068,12531334.0,3267.0,America/Los_Angeles,1989,1,6
1989-01-07,79,Moderate,NO2,22,Los Angeles,California,34.1141,-118.4068,12531334.0,3267.0,America/Los_Angeles,1989,1,7
1989-01-08,100,Moderate,NO2,22,Los Angeles,California,34.1141,-118.4068,12531334.0,3267.0,America/Los_Angeles,1989,1,8
1989-01-09,125,Unhealthy for Sensitive Groups,CO,22,Los Angeles,California,34.1141,-118.4068,12531334.0,3267.0,America/Los_Angeles,1989,1,9
1989-01-10,143,Unhealthy for Sensitive Groups,CO,22,Los Angeles,California,34.1141,-118.4068,12531334.0,3267.0,America/Los_Angeles,1989,1,10
1989-01-11,103,Unhealthy for Sensitive Groups,NO2,22,Los Angeles,California,34.1141,-118.4068,12531334.0,3267.0,America/Los_Angeles,1989,1,11
1989-01-12,158,Unhealthy,CO,22,Los Angeles,California,34.1141,-118.4068,12531334.0,3267.0,America/Los_Angeles,1989,1,12
1989-01-13,198,Unhealthy,CO,22,Los Angeles,California,34.1141,-118.4068,12531334.0,3267.0,America/Los_Angeles,1989,1,13
1989-01-14,100,Moderate,CO,22,Los Angeles,California,34.1141,-118.4068,12531334.0,3267.0,America/Los_Angeles,1989,1,14
1989-01-15,92,Moderate,CO,22,Los Angeles,California,34.1141,-118.4068,12531334.0,3267.0,America/Los_Angeles,1989,1,15
1989-01-16,105,Unhealthy for Sensitive Groups,NO2,22,Los Angeles,California,34.1141,-118.4068,12531334.0,3267.0,America/Los_Angeles,1989,1,16
1989-01-17,165,Unhealthy,CO,22,Los Angeles,California,34.1141,-118.4068,12531334.0,3267.0,America/Los_Angeles,1989,1,17
1989-01-18,193,Unhealthy,CO,22,Los Angeles,California,34.1141,-118.4068,12531334.0,3267.0,America/Los_Angeles,1989,1,18
1989-01-19,150,Unhealthy for Sensitive Groups,CO,22,Los Angeles,California,34.1141,-118.4068,12531334.0,3267.0,America/Los_Angeles,1989,1,19
1989-01-20,126,Unhealthy for Sensitive Groups,CO,22,Los Angeles,California,34.1141,-118.4068,12531334.0,3267.0,America/Los_Angeles,1989,1,20
1989-01-21,123,Unhealthy for Sensitive Groups,CO,22,Los Angeles,California,34.1141,-118.4068,12531334.0,3267.0,America/Los_Angeles,1989,1,21
1989-01-22,142,Unhealthy for Sensitive Groups,CO,22,Los Angeles,California,34.1141,-118.4068,12531334.0,3267.0,America/Los_Angeles,1989,1,22
1989-01-23,79,Moderate,NO2,22,Los Angeles,California,34.1141,-118.4068,12531334.0,3267.0,America/Los_Angeles,1989,1,23
1989-01-24,89,Moderate,NO2,22,Los Angeles,California,34.1141,-118.4068,12531334.0,3267.0,America/Los_Angeles,1989,1,24
1989-01-25,103,Unhealthy for Sensitive Groups,CO,22,Los Angeles,California,34.1141,-118.4068,12531334.0,3267.0,America/Los_Angeles,1989,1,25
1989-01-26,192,Unhealthy,CO,22,Los Angeles,California,34.1141,-118.4068,12531334.0,3267.0,America/Los_Angeles,1989,1,26
1989-01-27,115,Unhealthy for Sensitive Groups,CO,22,Los Angeles,California,34.1141,-118.4068,12531334.0,3267.0,America/Los_Angeles,1989,1,27
1989-01-28,79,Moderate,CO,22,Los Angeles,California,34.1141,-118.4068,12531334.0,3267.0,America/Los_Angeles,1989,1,28
1989-01-29,105,Unhealthy for Sensitive Groups,NO2,22,Los Angeles,California,34.1141,-118.4068,12531334.0,3267.0,America/Los_Angeles,1989,1,29
1989-01-30,121,Unhealthy for Sensitive Groups,CO,22,Los Angeles,California,34.1141,-118.4068,12531334.0,3267.0,America/Los_Angeles,1989,1,30
1989-01-31,135,Unhealthy for Sensitive Groups,CO,22,Los Angeles,California,34.1141,-118.4068,12531334.0,3267.0,America/Los_Angeles,1989,1,31
1989-02-01,103,Unhealthy for Sensitive Groups,NO2,21,Los Angeles,California,34.1141,-118.4068,12531334.0,3267.0,America/Los_Angeles,1989,2,1
1989-02-02,57,Moderate,NO2,21,Los Angeles,California,34.1141,-118.4068,12531334.0,3267.0,America/Los_Angeles,1989,2,2
1989-02-03,57,Moderate,NO2,21,Los Angeles,California,34.1141,-118.4068,12531334.0,3267.0,America/Los_Angeles,1989,2,3
1989-02-04,47,Good,NO2,22,Los Angeles,California,34.1141,-118.4068,12531334.0,3267.0,America/Los_Angeles,1989,2,4
1989-02-05,47,Good,NO2,22,Los Angeles,California,34.1141,-118.4068,12531334.0,3267.0,America/Los_Angeles,1989,2,5
1989-02-06,89,Moderate,NO2,22,Los Angeles,California,34.1141,-118.4068,12531334.0,3267.0,America/Los_Angeles,1989,2,6
1989-02-07,68,Moderate,NO2,22,Los Angeles,California,34.1141,-118.4068,12531334.0,3267.0,America/Los_Angeles,1989,2,7
1989-02-08,57,Moderate,NO2,22,Los Angeles,California,34.1141,-118.4068,12531334.0,3267.0,America/Los_Angeles,1989,2,8
1989-02-09,68,Moderate,NO2,22,Los Angeles,California,34.1141,-118.4068,12531334.0,3267.0,America/Los_Angeles,1989,2,9
1989-02-10,72,Moderate,CO,22,Los Angeles,California,34.1141,-118.4068,12531334.0,3267.0,America/Los_Angeles,1989,2,10
1989-02-11,100,Moderate,NO2,22,Los Angeles,California,34.1141,-118.4068,12531334.0,3267.0,America/Los_Angeles,1989,2,11
1989-02-12,68,Moderate,NO2,22,Los Angeles,California,34.1141,-118.4068,12531334.0,3267.0,America/Los_Angeles,1989,2,12
1989-02-13,68,Moderate,NO2,22,Los Angeles,California,34.1141,-118.4068,12531334.0,3267.0,America/Los_Angeles,1989,2,13
1989-02-14,89,Moderate,NO2,22,Los Angeles,California,34.1141,-118.4068,12531334.0,3267.0,America/Los_Angeles,1989,2,14
1989-02-15,108,Unhealthy for Sensitive Groups,NO2,21,Los Angeles,California,34.1141,-118.4068,12531334.0,3267.0,America/Los_Angeles,1989,2,15
1989-02-16,115,Unhealthy for Sensitive Groups,CO,20,Los Angeles,California,34.1141,-118.4068,12531334.0,3267.0,America/Los_Angeles,1989,2,16
1989-02-17,136,Unhealthy for Sensitive Groups,CO,21,Los Angeles,California,34.1141,-118.4068,12531334.0,3267.0,America/Los_Angeles,1989,2,17
1989-02-18,111,Unhealthy for Sensitive Groups,CO,22,Los Angeles,California,34.1141,-118.4068,12531334.0,3267.0,America/Los_Angeles,1989,2,18
1989-02-19,57,Moderate,NO2,22,Los Angeles,California,34.1141,-118.4068,12531334.0,3267.0,America/Los_Angeles,1989,2,19
1989-02-20,105,Unhealthy for Sensitive Groups,NO2,22,Los Angeles,California,34.1141,-118.4068,12531334.0,3267.0,America/Los_Angeles,1989,2,20
1989-02-21,114,Unhealthy for Sensitive Groups,NO2,22,Los Angeles,California,34.1141,-118.4068,12531334.0,3267.0,America/Los_Angeles,1989,2,21
1989-02-22,114,Unhealthy for Sensitive Groups,NO2,22,Los Angeles,California,34.1141,-118.4068,12531334.0,3267.0,America/Los_Angeles,1989,2,22
1989-02-23,124,Unhealthy for Sensitive Groups,NO2,22,Los Angeles,California,34.1141,-118.4068,12531334.0,3267.0,America/Los_Angeles,1989,2,23
1989-02-24,205,Very Unhealthy,CO,22,Los Angeles,California,34.1141,-118.4068,12531334.0,3267.0,America/Los_Angeles,1989,2,24
1989-02-25,177,Unhealthy,Ozone,22,Los Angeles,California,34.1141,-118.4068,12531334.0,3267.0,America/Los_Angeles,1989,2,25
1989-02-26,200,Unhealthy,Ozone,22,Los Angeles,California,34.1141,-118.4068,12531334.0,3267.0,America/Los_Angeles,1989,2,26
1989-02-27,105,Unhealthy for Sensitive Groups,NO2,22,Los Angeles,California,34.1141,-118.4068,12531334.0,3267.0,America/Los_Angeles,1989,2,27
1989-02-28,79,Moderate,NO2,21,Los Angeles,California,34.1141,-118.4068,12531334.0,3267.0,America/Los_Angeles,1989,2,28
1989-03-01,79,Moderate,NO2,21,Los Angeles,California,34.1141,-118.4068,12531334.0,3267.0,America/Los_Angeles,1989,3,1
1989-03-02,57,Moderate,NO2,21,Los Angeles,California,34.1141,-118.4068,12531334.0,3267.0,America/Los_Angeles,1989,3,2
1989-03-03,89,Moderate,NO2,22,Los Angeles,California,34.1141,-118.4068,12531334.0,3267.0,America/Los_Angeles,1989,3,3
1989-03-04,89,Moderate,NO2,22,Los Angeles,California,34.1141,-118.4068,12531334.0,3267.0,America/Los_Angeles,1989,3,4
1989-03-05,150,Unhealthy for Sensitive Groups,Ozone,22,Los Angeles,California,34.1141,-118.4068,12531334.0,3267.0,America/Los_Angeles,1989,3,5
1989-03-06,166,Unhealthy,Ozone,22,Los Angeles,California,34.1141,-118.4068,12531334.0,3267.0,America/Los_Angeles,1989,3,6
1989-03-07,166,Unhealthy,Ozone,22,Los Angeles,California,34.1141,-118.4068,12531334.0,3267.0,America/Los_Angeles,1989,3,7
1989-03-08,154,Unhealthy,Ozone,22,Los Angeles,California,34.1141,-118.4068,12531334.0,3267.0,America/Los_Angeles,1989,3,8
1989-03-09,100,Moderate,NO2,22,Los Angeles,California,34.1141,-118.4068,12531334.0,3267.0,America/Los_Angeles,1989,3,9
1989-03-10,106,Unhealthy for Sensitive Groups,NO2,22,Los Angeles,California,34.1141,-118.4068,12531334.0,3267.0,America/Los_Angeles,1989,3,10
1989-03-11,110,Unhealthy for Sensitive Groups,NO2,22,Los Angeles,California,34.1141,-118.4068,12531334.0,3267.0,America/Los_Angeles,1989,3,11
1989-03-12,140,Unhealthy for Sensitive Groups,Ozone,22,Los Angeles,California,34.1141,-118.4068,12531334.0,3267.0,America/Los_Angeles,1989,3,12
1989-03-13,103,Unhealthy for Sensitive Groups,NO2,22,Los Angeles,California,34.1141,-118.4068,12531334.0,3267.0,America/Los_Angeles,1989,3,13
1989-03-14,100,Moderate,NO2,20,Los Angeles,California,34.1141,-118.4068,12531334.0,3267.0,America/Los_Angeles,1989,3,14
1989-03-15,187,Unhealthy,Ozone,20,Los Angeles,California,34.1141,-118.4068,12531334.0,3267.0,America/Los_Angeles,1989,3,15
1989-03-16,90,Moderate,Ozone,20,Los Angeles,California,34.1141,-118.4068,12531334.0,3267.0,America/Los_Angeles,1989,3,16
1989-03-17,106,Unhealthy for Sensitive Groups,NO2,21,Los Angeles,California,34.1141,-118.4068,12531334.0,3267.0,America/Los_Angeles,1989,3,17
1989-03-18,156,Unhealthy,Ozone,21,Los Angeles,California,34.1141,-118.4068,12531334.0,3267.0,America/Los_Angeles,1989,3,18
1989-03-19,115,Unhealthy for Sensitive Groups,Ozone,21,Los Angeles,California,34.1141,-118.4068,12531334.0,3267.0,America/Los_Angeles,1989,3,19
1989-03-20,103,Unhealthy for Sensitive Groups,NO2,21,Los Angeles,California,34.1141,-118.4068,12531334.0,3267.0,America/Los_Angeles,1989,3,20
1989-03-21,100,Moderate,NO2,21,Los Angeles,California,34.1141,-118.4068,12531334.0,3267.0,America/Los_Angeles,1989,3,21
1989-03-22,136,Unhealthy for Sensitive Groups,Ozone,20,Los Angeles,California,34.1141,-118.4068,12531334.0,3267.0,America/Los_Angeles,1989,3,22
1989-03-23,133,Unhealthy for Sensitive Groups,Ozone,20,Los Angeles,California,34.1141,-118.4068,12531334.0,3267.0,America/Los_Angeles,1989,3,23
1989-03-24,58,Moderate,Ozone,20,Los Angeles,California,34.1141,-118.4068,12531334.0,3267.0,America/Los_Angeles,1989,3,24
1989-03-25,38,Good,NO2,20,Los Angeles,California,34.1141,-118.4068,12531334.0,3267.0,America/Los_Angeles,1989,3,25
1989-03-26,47,Good,NO2,20,Los Angeles,California,34.1141,-118.4068,12531334.0,3267.0,America/Los_Angeles,1989,3,26
1989-03-27,89,Moderate,NO2,20,Los Angeles,California,34.1141,-118.4068,12531334.0,3267.0,America/Los_Angeles,1989,3,27
1989-03-28,154,Unhealthy,Ozone,20,Los Angeles,California,34.1141,-118.4068,12531334.0,3267.0,America/Los_Angeles,1989,3,28
1989-03-29,115,Unhealthy for Sensitive Groups,Ozone,20,Los Angeles,California,34.1141,-118.4068,12531334.0,3267.0,America/Los_Angeles,1989,3,29
1989-03-30,210,Very Unhealthy,Ozone,21,Los Angeles,California,34.1141,-118.4068,12531334.0,3267.0,America/Los_Angeles,1989,3,30
1989-03-31,151,Unhealthy,Ozone,21,Los Angeles,California,34.1141,-118.4068,12531334.0,3267.0,America/Los_Angeles,1989,3,31
1989-04-01,90,Moderate,Ozone,21,Los Angeles,California,34.1141,-118.4068,12531334.0,3267.0,America/Los_Angeles,1989,4,1
1989-04-02,126,Unhealthy for Sensitive Groups,Ozone,21,Los Angeles,California,34.1141,-118.4068,12531334.0,3267.0,America/Los_Angeles,1989,4,2
1989-04-03,101,Unhealthy for Sensitive Groups,Ozone,21,Los Angeles,California,34.1141,-118.4068,12531334.0,3267.0,America/Los_Angeles,1989,4,3
1989-04-04,166,Unhealthy,Ozone,21,Los Angeles,California,34.1141,-118.4068,12531334.0,3267.0,America/Los_Angeles,1989,4,4
1989-04-05,119,Unhealthy for Sensitive Groups,Ozone,21,Los Angeles,California,34.1141,-118.4068,12531334.0,3267.0,America/Los_Angeles,1989,4,5
1989-04-06,221,Very Unhealthy,Ozone,21,Los Angeles,California,34.1141,-118.4068,12531334.0,3267.0,America/Los_Angeles,1989,4,6
1989-04-07,295,Very Unhealthy,Ozone,22,Los Angeles,California,34.1141,-118.4068,12531334.0,3267.0,America/Los_Angeles,1989,4,7
1989-04-08,268,Very Unhealthy,Ozone,21,Los Angeles,California,34.1141,-118.4068,12531334.0,3267.0,America/Los_Angeles,1989,4,8
1989-04-09,202,Very Unhealthy,Ozone,21,Los Angeles,California,34.1141,-118.4068,12531334.0,3267.0,America/Los_Angeles,1989,4,9
1989-04-10,217,Very Unhealthy,Ozone,21,Los Angeles,California,34.1141,-118.4068,12531334.0,3267.0,America/Los_Angeles,1989,4,10
1989-04-11,122,Unhealthy for Sensitive Groups,Ozone,22,Los Angeles,California,34.1141,-118.4068,12531334.0,3267.0,America/Los_Angeles,1989,4,11
1989-04-12,68,Moderate,NO2,22,Los Angeles,California,34.1141,-118.4068,12531334.0,3267.0,America/Los_Angeles,1989,4,12
1989-04-13,126,Unhealthy for Sensitive Groups,Ozone,22,Los Angeles,California,34.1141,-118.4068,12531334.0,3267.0,America/Los_Angeles,1989,4,13
1989-04-14,161,Unhealthy,Ozone,20,Los Angeles,California,34.1141,-118.4068,12531334.0,3267.0,America/Los_Angeles,1989,4,14
1989-04-15,212,Very Unhealthy,Ozone,22,Los Angeles,California,34.1141,-118.4068,12531334.0,3267.0,America/Los_Angeles,1989,4,15
1989-04-16,169,Unhealthy,Ozone,22,Los Angeles,California,34.1141,-118.4068,12531334.0,3267.0,America/Los_Angeles,1989,4,16
1989-04-17,166,Unhealthy,Ozone,22,Los Angeles,California,34.1141,-118.4068,12531334.0,3267.0,America/Los_Angeles,1989,4,17
1989-04-18,218,Very Unhealthy,Ozone,22,Los Angeles,California,34.1141,-118.4068,12531334.0,3267.0,America/Los_Angeles,1989,4,18
1989-04-19,266,Very Unhealthy,Ozone,22,Los Angeles,California,34.1141,-118.4068,12531334.0,3267.0,America/Los_Angeles,1989,4,19
1989-04-20,248,Very Unhealthy,Ozone,22,Los Angeles,California,34.1141,-118.4068,12531334.0,3267.0,America/Los_Angeles,1989,4,20
1989-04-21,122,Unhealthy for Sensitive Groups,Ozone,22,Los Angeles,California,34.1141,-118.4068,12531334.0,3267.0,America/Los_Angeles,1989,4,21
1989-04-22,105,Unhealthy for Sensitive Groups,Ozone,21,Los Angeles,California,34.1141,-118.4068,12531334.0,3267.0,America/Los_Angeles,1989,4,22
1989-04-23,87,Moderate,Ozone,21,Los Angeles,California,34.1141,-118.4068,12531334.0,3267.0,America/Los_Angeles,1989,4,23
1989-04-24,79,Moderate,NO2,21,Los Angeles,California,34.1141,-118.4068,12531334.0,3267.0,America/Los_Angeles,1989,4,24
1989-04-25,79,Moderate,NO2,21,Los Angeles,California,34.1141,-118.4068,12531334.0,3267.0,America/Los_Angeles,1989,4,25
1989-04-26,79,Moderate,NO2,21,Los Angeles,California,34.1141,-118.4068,12531334.0,3267.0,America/Los_Angeles,1989,4,26
1989-04-27,89,Moderate,NO2,21,Los Angeles,California,34.1141,-118.4068,12531334.0,3267.0,America/Los_Angeles,1989,4,27
1989-04-28,166,Unhealthy,Ozone,22,Los Angeles,California,34.1141,-118.4068,12531334.0,3267.0,America/Los_Angeles,1989,4,28
1989-04-29,192,Unhealthy,Ozone,22,Los Angeles,California,34.1141,-118.4068,12531334.0,3267.0,America/Los_Angeles,1989,4,29
1989-04-30,164,Unhealthy,Ozone,22,Los Angeles,California,34.1141,-118.4068,12531334.0,3267.0,America/Los_Angeles,1989,4,30
1989-05-01,103,Unhealthy for Sensitive Groups,NO2,22,Los Angeles,California,34.1141,-118.4068,12531334.0,3267.0,America/Los_Angeles,1989,5,1
1989-05-02,213,Very Unhealthy,Ozone,22,Los Angeles,California,34.1141,-118.4068,12531334.0,3267.0,America/Los_Angeles,1989,5,2
1989-05-03,234,Very Unhealthy,Ozone,22,Los Angeles,California,34.1141,-118.4068,12531334.0,3267.0,America/Los_Angeles,1989,5,3
1989-05-04,239,Very Unhealthy,Ozone,22,Los Angeles,California,34.1141,-118.4068,12531334.0,3267.0,America/Los_Angeles,1989,5,4
1989-05-05,260,Very Unhealthy,Ozone,22,Los Angeles,California,34.1141,-118.4068,12531334.0,3267.0,America/Los_Angeles,1989,5,5
1989-05-06,247,Very Unhealthy,Ozone,22,Los Angeles,California,34.1141,-118.4068,12531334.0,3267.0,America/Los_Angeles,1989,5,6
1989-05-07,242,Very Unhealthy,Ozone,22,Los Angeles,California,34.1141,-118.4068,12531334.0,3267.0,America/Los_Angeles,1989,5,7
1989-05-08,249,Very Unhealthy,Ozone,22,Los Angeles,California,34.1141,-118.4068,12531334.0,3267.0,America/Los_Angeles,1989,5,8
1989-05-09,79,Moderate,NO2,22,Los Angeles,California,34.1141,-118.4068,12531334.0,3267.0,America/Los_Angeles,1989,5,9
1989-05-10,57,Moderate,NO2,22,Los Angeles,California,34.1141,-118.4068,12531334.0,3267.0,America/Los_Angeles,1989,5,10
1989-05-11,57,Moderate,NO2,22,Los Angeles,California,34.1141,-118.4068,12531334.0,3267.0,America/Los_Angeles,1989,5,11
1989-05-12,108,Unhealthy for Sensitive Groups,Ozone,22,Los Angeles,California,34.1141,-118.4068,12531334.0,3267.0,America/Los_Angeles,1989,5,12
1989-05-13,74,Moderate,Ozone,22,Los Angeles,California,34.1141,-118.4068,12531334.0,3267.0,America/Los_Angeles,1989,5,13
1989-05-14,61,Moderate,Ozone,22,Los Angeles,California,34.1141,-118.4068,12531334.0,3267.0,America/Los_Angeles,1989,5,14
1989-05-15,79,Moderate,NO2,22,Los Angeles,California,34.1141,-118.4068,12531334.0,3267.0,America/Los_Angeles,1989,5,15
1989-05-16,115,Unhealthy for Sensitive Groups,Ozone,22,Los Angeles,California,34.1141,-118.4068,12531334.0,3267.0,America/Los_Angeles,1989,5,16
1989-05-17,105,Unhealthy for Sensitive Groups,Ozone,22,Los Angeles,California,34.1141,-118.4068,12531334.0,3267.0,America/Los_Angeles,1989,5,17
1989-05-18,115,Unhealthy for Sensitive Groups,Ozone,22,Los Angeles,California,34.1141,-118.4068,12531334.0,3267.0,America/Los_Angeles,1989,5,18
1989-05-19,219,Very Unhealthy,Ozone,22,Los Angeles,California,34.1141,-118.4068,12531334.0,3267.0,America/Los_Angeles,1989,5,19
1989-05-20,242,Very Unhealthy,Ozone,22,Los Angeles,California,34.1141,-118.4068,12531334.0,3267.0,America/Los_Angeles,1989,5,20
1989-05-21,228,Very Unhealthy,Ozone,22,Los Angeles,California,34.1141,-118.4068,12531334.0,3267.0,America/Los_Angeles,1989,5,21
1989-05-22,154,Unhealthy,Ozone,22,Los Angeles,California,34.1141,-118.4068,12531334.0,3267.0,America/Los_Angeles,1989,5,22
1989-05-23,105,Unhealthy for Sensitive Groups,NO2,22,Los Angeles,California,34.1141,-118.4068,12531334.0,3267.0,America/Los_Angeles,1989,5,23
1989-05-24,122,Unhealthy for Sensitive Groups,Ozone,22,Los Angeles,California,34.1141,-118.4068,12531334.0,3267.0,America/Los_Angeles,1989,5,24
1989-05-25,174,Unhealthy,Ozone,22,Los Angeles,California,34.1141,-118.4068,12531334.0,3267.0,America/Los_Angeles,1989,5,25
1989-05-26,210,Very Unhealthy,Ozone,22,Los Angeles,California,34.1141,-118.4068,12531334.0,3267.0,America/Los_Angeles,1989,5,26
1989-05-27,206,Very Unhealthy,Ozone,22,Los Angeles,California,34.1141,-118.4068,12531334.0,3267.0,America/Los_Angeles,1989,5,27
1989-05-28,161,Unhealthy,Ozone,22,Los Angeles,California,34.1141,-118.4068,12531334.0,3267.0,America/Los_Angeles,1989,5,28
1989-05-29,150,Unhealthy for Sensitive Groups,Ozone,22,Los Angeles,California,34.1141,-118.4068,12531334.0,3267.0,America/Los_Angeles,1989,5,29
1989-05-30,122,Unhealthy for Sensitive Groups,Ozone,22,Los Angeles,California,34.1141,-118.4068,12531334.0,3267.0,America/Los_Angeles,1989,5,30
1989-05-31,207,Very Unhealthy,Ozone,22,Los Angeles,California,34.1141,-118.4068,12531334.0,3267.0,America/Los_Angeles,1989,5,31
1989-06-01,201,Very Unhealthy,Ozone,22,Los Angeles,California,34.1141,-118.4068,12531334.0,3267.0,America/Los_Angeles,1989,6,1
1989-06-02,161,Unhealthy,Ozone,22,Los Angeles,California,34.1141,-118.4068,12531334.0,3267.0,America/Los_Angeles,1989,6,2
1989-06-03,105,Unhealthy for Sensitive Groups,Ozone,22,Los Angeles,California,34.1141,-118.4068,12531334.0,3267.0,America/Los_Angeles,1989,6,3
1989-06-04,87,Moderate,Ozone,22,Los Angeles,California,34.1141,-118.4068,12531334.0,3267.0,America/Los_Angeles,1989,6,4
1989-06-05,58,Moderate,Ozone,22,Los Angeles,California,34.1141,-118.4068,12531334.0,3267.0,America/Los_Angeles,1989,6,5
1989-06-06,112,Unhealthy for Sensitive Groups,Ozone,22,Los Angeles,California,34.1141,-118.4068,12531334.0,3267.0,America/Los_Angeles,1989,6,6
1989-06-07,100,Moderate,Ozone,22,Los Angeles,California,34.1141,-118.4068,12531334.0,3267.0,America/Los_Angeles,1989,6,7
1989-06-08,143,Unhealthy for Sensitive Groups,Ozone,22,Los Angeles,California,34.1141,-118.4068,12531334.0,3267.0,America/Los_Angeles,1989,6,8
1989-06-09,156,Unhealthy,Ozone,22,Los Angeles,California,34.1141,-118.4068,12531334.0,3267.0,America/Los_Angeles,1989,6,9
1989-06-10,119,Unhealthy for Sensitive Groups,Ozone,22,Los Angeles,California,34.1141,-118.4068,12531334.0,3267.0,America/Los_Angeles,1989,6,10
1989-06-11,208,Very Unhealthy,Ozone,22,Los Angeles,California,34.1141,-118.4068,12531334.0,3267.0,America/Los_Angeles,1989,6,11
1989-06-12,218,Very Unhealthy,Ozone,22,Los Angeles,California,34.1141,-118.4068,12531334.0,3267.0,America/Los_Angeles,1989,6,12
1989-06-13,282,Very Unhealthy,Ozone,22,Los Angeles,California,34.1141,-118.4068,12531334.0,3267.0,America/Los_Angeles,1989,6,13
1989-06-14,289,Very Unhealthy,Ozone,22,Los Angeles,California,34.1141,-118.4068,12531334.0,3267.0,America/Los_Angeles,1989,6,14
1989-06-15,263,Very Unhealthy,Ozone,22,Los Angeles,California,34.1141,-118.4068,12531334.0,3267.0,America/Los_Angeles,1989,6,15
1989-06-16,256,Very Unhealthy,Ozone,22,Los Angeles,California,34.1141,-118.4068,12531334.0,3267.0,America/Los_Angeles,1989,6,16
1989-06-17,277,Very Unhealthy,Ozone,22,Los Angeles,California,34.1141,-118.4068,12531334.0,3267.0,America/Los_Angeles,1989,6,17
1989-06-18,286,Very Unhealthy,Ozone,22,Los Angeles,California,34.1141,-118.4068,12531334.0,3267.0,America/Los_Angeles,1989,6,18
1989-06-19,263,Very Unhealthy,Ozone,22,Los Angeles,California,34.1141,-118.4068,12531334.0,3267.0,America/Los_Angeles,1989,6,19
1989-06-20,260,Very Unhealthy,Ozone,22,Los Angeles,California,34.1141,-118.4068,12531334.0,3267.0,America/Los_Angeles,1989,6,20
1989-06-21,252,Very Unhealthy,Ozone,22,Los Angeles,California,34.1141,-118.4068,12531334.0,3267.0,America/Los_Angeles,1989,6,21
1989-06-22,228,Very Unhealthy,Ozone,22,Los Angeles,California,34.1141,-118.4068,12531334.0,3267.0,America/Los_Angeles,1989,6,22
1989-06-23,150,Unhealthy for Sensitive Groups,Ozone,22,Los Angeles,California,34.1141,-118.4068,12531334.0,3267.0,America/Los_Angeles,1989,6,23
1989-06-24,84,Moderate,Ozone,22,Los Angeles,California,34.1141,-118.4068,12531334.0,3267.0,America/Los_Angeles,1989,6,24
1989-06-25,119,Unhealthy for Sensitive Groups,Ozone,22,Los Angeles,California,34.1141,-118.4068,12531334.0,3267.0,America/Los_Angeles,1989,6,25
1989-06-26,179,Unhealthy,Ozone,22,Los Angeles,California,34.1141,-118.4068,12531334.0,3267.0,America/Los_Angeles,1989,6,26
1989-06-27,201,Very Unhealthy,Ozone,22,Los Angeles,California,34.1141,-118.4068,12531334.0,3267.0,America/Los_Angeles,1989,6,27
1989-06-28,100,Moderate,NO2,21,Los Angeles,California,34.1141,-118.4068,12531334.0,3267.0,America/Los_Angeles,1989,6,28
1989-06-29,133,Unhealthy for Sensitive Groups,Ozone,22,Los Angeles,California,34.1141,-118.4068,12531334.0,3267.0,America/Los_Angeles,1989,6,29
1989-06-30,200,Unhealthy,Ozone,22,Los Angeles,California,34.1141,-118.4068,12531334.0,3267.0,America/Los_Angeles,1989,6,30
1989-07-01,228,Very Unhealthy,Ozone,22,Los Angeles,California,34.1141,-118.4068,12531334.0,3267.0,America/Los_Angeles,1989,7,1
1989-07-02,242,Very Unhealthy,Ozone,22,Los Angeles,California,34.1141,-118.4068,12531334.0,3267.0,America/Los_Angeles,1989,7,2
1989-07-03,263,Very Unhealthy,Ozone,22,Los Angeles,California,34.1141,-118.4068,12531334.0,3267.0,America/Los_Angeles,1989,7,3
1989-07-04,265,Very Unhealthy,Ozone,22,Los Angeles,California,34.1141,-118.4068,12531334.0,3267.0,America/Los_Angeles,1989,7,4
1989-07-05,279,Very Unhealthy,Ozone,21,Los Angeles,California,34.1141,-118.4068,12531334.0,3267.0,America/Los_Angeles,1989,7,5
1989-07-06,264,Very Unhealthy,Ozone,22,Los Angeles,California,34.1141,-118.4068,12531334.0,3267.0,America/Los_Angeles,1989,7,6
1989-07-07,214,Very Unhealthy,Ozone,22,Los Angeles,California,34.1141,-118.4068,12531334.0,3267.0,America/Los_Angeles,1989,7,7
1989-07-08,216,Very Unhealthy,Ozone,22,Los Angeles,California,34.1141,-118.4068,12531334.0,3267.0,America/Los_Angeles,1989,7,8
1989-07-09,200,Unhealthy,Ozone,22,Los Angeles,California,34.1141,-118.4068,12531334.0,3267.0,America/Los_Angeles,1989,7,9
1989-07-10,174,Unhealthy,Ozone,22,Los Angeles,California,34.1141,-118.4068,12531334.0,3267.0,America/Los_Angeles,1989,7,10
1989-07-11,166,Unhealthy,Ozone,22,Los Angeles,California,34.1141,-118.4068,12531334.0,3267.0,America/Los_Angeles,1989,7,11
1989-07-12,201,Very Unhealthy,Ozone,22,Los Angeles,California,34.1141,-118.4068,12531334.0,3267.0,America/Los_Angeles,1989,7,12
1989-07-13,228,Very Unhealthy,Ozone,22,Los Angeles,California,34.1141,-118.4068,12531334.0,3267.0,America/Los_Angeles,1989,7,13
1989-07-14,269,Very Unhealthy,Ozone,21,Los Angeles,California,34.1141,-118.4068,12531334.0,3267.0,America/Los_Angeles,1989,7,14
1989-07-15,214,Very Unhealthy,Ozone,21,Los Angeles,California,34.1141,-118.4068,12531334.0,3267.0,America/Los_Angeles,1989,7,15
1989-07-16,218,Very Unhealthy,Ozone,21,Los Angeles,California,34.1141,-118.4068,12531334.0,3267.0,America/Los_Angeles,1989,7,16
1989-07-17,224,Very Unhealthy,Ozone,21,Los Angeles,California,34.1141,-118.4068,12531334.0,3267.0,America/Los_Angeles,1989,7,17
1989-07-18,280,Very Unhealthy,Ozone,21,Los Angeles,California,34.1141,-118.4068,12531334.0,3267.0,America/Los_Angeles,1989,7,18
1989-07-19,287,Very Unhealthy,Ozone,22,Los Angeles,California,34.1141,-118.4068,12531334.0,3267.0,America/Los_Angeles,1989,7,19
1989-07-20,282,Very Unhealthy,Ozone,22,Los Angeles,California,34.1141,-118.4068,12531334.0,3267.0,America/Los_Angeles,1989,7,20
1989-07-21,221,Very Unhealthy,Ozone,22,Los Angeles,California,34.1141,-118.4068,12531334.0,3267.0,America/Los_Angeles,1989,7,21
1989-07-22,200,Unhealthy,Ozone,22,Los Angeles,California,34.1141,-118.4068,12531334.0,3267.0,America/Los_Angeles,1989,7,22
1989-07-23,156,Unhealthy,Ozone,21,Los Angeles,California,34.1141,-118.4068,12531334.0,3267.0,America/Los_Angeles,1989,7,23
1989-07-24,166,Unhealthy,Ozone,22,Los Angeles,California,34.1141,-118.4068,12531334.0,3267.0,America/Los_Angeles,1989,7,24
1989-07-25,247,Very Unhealthy,Ozone,21,Los Angeles,California,34.1141,-118.4068,12531334.0,3267.0,America/Los_Angeles,1989,7,25
1989-07-26,256,Very Unhealthy,Ozone,22,Los Angeles,California,34.1141,-118.4068,12531334.0,3267.0,America/Los_Angeles,1989,7,26
1989-07-27,271,Very Unhealthy,Ozone,22,Los Angeles,California,34.1141,-118.4068,12531334.0,3267.0,America/Los_Angeles,1989,7,27
1989-07-28,284,Very Unhealthy,Ozone,22,Los Angeles,California,34.1141,-118.4068,12531334.0,3267.0,America/Los_Angeles,1989,7,28
1989-07-29,269,Very Unhealthy,Ozone,21,Los Angeles,California,34.1141,-118.4068,12531334.0,3267.0,America/Los_Angeles,1989,7,29
1989-07-30,268,Very Unhealthy,Ozone,21,Los Angeles,California,34.1141,-118.4068,12531334.0,3267.0,America/Los_Angeles,1989,7,30
1989-07-31,223,Very Unhealthy,Ozone,21,Los Angeles,California,34.1141,-118.4068,12531334.0,3267.0,America/Los_Angeles,1989,7,31
1989-08-01,217,Very Unhealthy,Ozone,21,Los Angeles,California,34.1141,-118.4068,12531334.0,3267.0,America/Los_Angeles,1989,8,1
1989-08-02,223,Very Unhealthy,Ozone,22,Los Angeles,California,34.1141,-118.4068,12531334.0,3267.0,America/Los_Angeles,1989,8,2
1989-08-03,216,Very Unhealthy,Ozone,22,Los Angeles,California,34.1141,-118.4068,12531334.0,3267.0,America/Los_Angeles,1989,8,3
1989-08-04,254,Very Unhealthy,Ozone,22,Los Angeles,California,34.1141,-118.4068,12531334.0,3267.0,America/Los_Angeles,1989,8,4
1989-08-05,249,Very Unhealthy,Ozone,22,Los Angeles,California,34.1141,-118.4068,12531334.0,3267.0,America/Los_Angeles,1989,8,5
1989-08-06,182,Unhealthy,Ozone,22,Los Angeles,California,34.1141,-118.4068,12531334.0,3267.0,America/Los_Angeles,1989,8,6
1989-08-07,156,Unhealthy,Ozone,22,Los Angeles,California,34.1141,-118.4068,12531334.0,3267.0,America/Los_Angeles,1989,8,7
1989-08-08,187,Unhealthy,Ozone,22,Los Angeles,California,34.1141,-118.4068,12531334.0,3267.0,America/Los_Angeles,1989,8,8
1989-08-09,216,Very Unhealthy,Ozone,22,Los Angeles,California,34.1141,-118.4068,12531334.0,3267.0,America/Los_Angeles,1989,8,9
1989-08-10,219,Very Unhealthy,Ozone,22,Los Angeles,California,34.1141,-118.4068,12531334.0,3267.0,America/Los_Angeles,1989,8,10
1989-08-11,206,Very Unhealthy,Ozone,22,Los Angeles,California,34.1141,-118.4068,12531334.0,3267.0,America/Los_Angeles,1989,8,11
1989-08-12,203,Very Unhealthy,Ozone,22,Los Angeles,California,34.1141,-118.4068,12531334.0,3267.0,America/Los_Angeles,1989,8,12
1989-08-13,226,Very Unhealthy,Ozone,22,Los Angeles,California,34.1141,-118.4068,12531334.0,3267.0,America/Los_Angeles,1989,8,13
1989-08-14,221,Very Unhealthy,Ozone,22,Los Angeles,California,34.1141,-118.4068,12531334.0,3267.0,America/Los_Angeles,1989,8,14
1989-08-15,232,Very Unhealthy,Ozone,22,Los Angeles,California,34.1141,-118.4068,12531334.0,3267.0,America/Los_Angeles,1989,8,15
1989-08-16,221,Very Unhealthy,Ozone,22,Los Angeles,California,34.1141,-118.4068,12531334.0,3267.0,America/Los_Angeles,1989,8,16
1989-08-17,227,Very Unhealthy,Ozone,22,Los Angeles,California,34.1141,-118.4068,12531334.0,3267.0,America/Los_Angeles,1989,8,17
1989-08-18,177,Unhealthy,Ozone,22,Los Angeles,California,34.1141,-118.4068,12531334.0,3267.0,America/Los_Angeles,1989,8,18
1989-08-19,187,Unhealthy,Ozone,21,Los Angeles,California,34.1141,-118.4068,12531334.0,3267.0,America/Los_Angeles,1989,8,19
1989-08-20,143,Unhealthy for Sensitive Groups,Ozone,21,Los Angeles,California,34.1141,-118.4068,12531334.0,3267.0,America/Los_Angeles,1989,8,20
1989-08-21,156,Unhealthy,Ozone,21,Los Angeles,California,34.1141,-118.4068,12531334.0,3267.0,America/Los_Angeles,1989,8,21
1989-08-22,179,Unhealthy,Ozone,21,Los Angeles,California,34.1141,-118.4068,12531334.0,3267.0,America/Los_Angeles,1989,8,22
1989-08-23,174,Unhealthy,Ozone,20,Los Angeles,California,34.1141,-118.4068,12531334.0,3267.0,America/Los_Angeles,1989,8,23
1989-08-24,200,Unhealthy,Ozone,21,Los Angeles,California,34.1141,-118.4068,12531334.0,3267.0,America/Los_Angeles,1989,8,24
1989-08-25,161,Unhealthy,Ozone,21,Los Angeles,California,34.1141,-118.4068,12531334.0,3267.0,America/Los_Angeles,1989,8,25
1989-08-26,206,Very Unhealthy,Ozone,22,Los Angeles,California,34.1141,-118.4068,12531334.0,3267.0,America/Los_Angeles,1989,8,26
1989-08-27,227,Very Unhealthy,Ozone,22,Los Angeles,California,34.1141,-118.4068,12531334.0,3267.0,America/Los_Angeles,1989,8,27
1989-08-28,226,Very Unhealthy,Ozone,22,Los Angeles,California,34.1141,-118.4068,12531334.0,3267.0,America/Los_Angeles,1989,8,28
1989-08-29,232,Very Unhealthy,Ozone,22,Los Angeles,California,34.1141,-118.4068,12531334.0,3267.0,America/Los_Angeles,1989,8,29
1989-08-30,203,Very Unhealthy,Ozone,22,Los Angeles,California,34.1141,-118.4068,12531334.0,3267.0,America/Los_Angeles,1989,8,30
1989-08-31,187,Unhealthy,Ozone,22,Los Angeles,California,34.1141,-118.4068,12531334.0,3267.0,America/Los_Angeles,1989,8,31
1989-09-01,227,Very Unhealthy,Ozone,22,Los Angeles,California,34.1141,-118.4068,12531334.0,3267.0,America/Los_Angeles,1989,9,1
1989-09-02,286,Very Unhealthy,Ozone,22,Los Angeles,California,34.1141,-118.4068,12531334.0,3267.0,America/Los_Angeles,1989,9,2
1989-09-03,251,Very Unhealthy,Ozone,22,Los Angeles,California,34.1141,-118.4068,12531334.0,3267.0,America/Los_Angeles,1989,9,3
1989-09-04,249,Very Unhealthy,Ozone,22,Los Angeles,California,34.1141,-118.4068,12531334.0,3267.0,America/Los_Angeles,1989,9,4
1989-09-05,234,Very Unhealthy,Ozone,22,Los Angeles,California,34.1141,-118.4068,12531334.0,3267.0,America/Los_Angeles,1989,9,5
1989-09-06,164,Unhealthy,Ozone,22,Los Angeles,California,34.1141,-118.4068,12531334.0,3267.0,America/Los_Angeles,1989,9,6
1989-09-07,133,Unhealthy for Sensitive Groups,Ozone,22,Los Angeles,California,34.1141,-118.4068,12531334.0,3267.0,America/Los_Angeles,1989,9,7
1989-09-08,179,Unhealthy,Ozone,22,Los Angeles,California,34.1141,-118.4068,12531334.0,3267.0,America/Los_Angeles,1989,9,8
1989-09-09,203,Very Unhealthy,Ozone,22,Los Angeles,California,34.1141,-118.4068,12531334.0,3267.0,America/Los_Angeles,1989,9,9
1989-09-10,238,Very Unhealthy,Ozone,22,Los Angeles,California,34.1141,-118.4068,12531334.0,3267.0,America/Los_Angeles,1989,9,10
1989-09-11,212,Very Unhealthy,Ozone,22,Los Angeles,California,34.1141,-118.4068,12531334.0,3267.0,America/Los_Angeles,1989,9,11
1989-09-12,232,Very Unhealthy,Ozone,22,Los Angeles,California,34.1141,-118.4068,12531334.0,3267.0,America/Los_Angeles,1989,9,12
1989-09-13,286,Very Unhealthy,Ozone,22,Los Angeles,California,34.1141,-118.4068,12531334.0,3267.0,America/Los_Angeles,1989,9,13
1989-09-14,249,Very Unhealthy,Ozone,22,Los Angeles,California,34.1141,-118.4068,12531334.0,3267.0,America/Los_Angeles,1989,9,14
1989-09-15,228,Very Unhealthy,Ozone,22,Los Angeles,California,34.1141,-118.4068,12531334.0,3267.0,America/Los_Angeles,1989,9,15
1989-09-16,100,Moderate,NO2,22,Los Angeles,California,34.1141,-118.4068,12531334.0,3267.0,America/Los_Angeles,1989,9,16
1989-09-17,47,Good,NO2,22,Los Angeles,California,34.1141,-118.4068,12531334.0,3267.0,America/Los_Angeles,1989,9,17
1989-09-18,38,Good,NO2,22,Los Angeles,California,34.1141,-118.4068,12531334.0,3267.0,America/Los_Angeles,1989,9,18
1989-09-19,57,Moderate,NO2,22,Los Angeles,California,34.1141,-118.4068,12531334.0,3267.0,America/Los_Angeles,1989,9,19
1989-09-20,154,Unhealthy,Ozone,22,Los Angeles,California,34.1141,-118.4068,12531334.0,3267.0,America/Los_Angeles,1989,9,20
1989-09-21,192,Unhealthy,Ozone,22,Los Angeles,California,34.1141,-118.4068,12531334.0,3267.0,America/Los_Angeles,1989,9,21
1989-09-22,227,Very Unhealthy,Ozone,22,Los Angeles,California,34.1141,-118.4068,12531334.0,3267.0,America/Los_Angeles,1989,9,22
1989-09-23,271,Very Unhealthy,Ozone,22,Los Angeles,California,34.1141,-118.4068,12531334.0,3267.0,America/Los_Angeles,1989,9,23
1989-09-24,266,Very Unhealthy,Ozone,22,Los Angeles,California,34.1141,-118.4068,12531334.0,3267.0,America/Los_Angeles,1989,9,24
1989-09-25,146,Unhealthy for Sensitive Groups,NO2,22,Los Angeles,California,34.1141,-118.4068,12531334.0,3267.0,America/Los_Angeles,1989,9,25
1989-09-26,274,Very Unhealthy,Ozone,22,Los Angeles,California,34.1141,-118.4068,12531334.0,3267.0,America/Los_Angeles,1989,9,26
1989-09-27,202,Very Unhealthy,Ozone,22,Los Angeles,California,34.1141,-118.4068,12531334.0,3267.0,America/Los_Angeles,1989,9,27
1989-09-28,207,Very Unhealthy,Ozone,22,Los Angeles,California,34.1141,-118.4068,12531334.0,3267.0,America/Los_Angeles,1989,9,28
1989-09-29,116,Unhealthy for Sensitive Groups,NO2,22,Los Angeles,California,34.1141,-118.4068,12531334.0,3267.0,America/Los_Angeles,1989,9,29
1989-09-30,90,Moderate,Ozone,22,Los Angeles,California,34.1141,-118.4068,12531334.0,3267.0,America/Los_Angeles,1989,9,30
1989-10-01,140,Unhealthy for Sensitive Groups,Ozone,22,Los Angeles,California,34.1141,-118.4068,12531334.0,3267.0,America/Los_Angeles,1989,10,1
1989-10-02,49,Good,Ozone,22,Los Angeles,California,34.1141,-118.4068,12531334.0,3267.0,America/Los_Angeles,1989,10,2
1989-10-03,79,Moderate,NO2,22,Los Angeles,California,34.1141,-118.4068,12531334.0,3267.0,America/Los_Angeles,1989,10,3
1989-10-04,115,Unhealthy for Sensitive Groups,Ozone,22,Los Angeles,California,34.1141,-118.4068,12531334.0,3267.0,America/Los_Angeles,1989,10,4
1989-10-05,119,Unhealthy for Sensitive Groups,Ozone,22,Los Angeles,California,34.1141,-118.4068,12531334.0,3267.0,America/Los_Angeles,1989,10,5
1989-10-06,136,Unhealthy for Sensitive Groups,Ozone,22,Los Angeles,California,34.1141,-118.4068,12531334.0,3267.0,America/Los_Angeles,1989,10,6
1989-10-07,182,Unhealthy,Ozone,22,Los Angeles,California,34.1141,-118.4068,12531334.0,3267.0,America/Los_Angeles,1989,10,7
1989-10-08,208,Very Unhealthy,Ozone,22,Los Angeles,California,34.1141,-118.4068,12531334.0,3267.0,America/Los_Angeles,1989,10,8
1989-10-09,217,Very Unhealthy,Ozone,22,Los Angeles,California,34.1141,-118.4068,12531334.0,3267.0,America/Los_Angeles,1989,10,9
1989-10-10,214,Very Unhealthy,Ozone,22,Los Angeles,California,34.1141,-118.4068,12531334.0,3267.0,America/Los_Angeles,1989,10,10
1989-10-11,235,Very Unhealthy,Ozone,22,Los Angeles,California,34.1141,-118.4068,12531334.0,3267.0,America/Los_Angeles,1989,10,11
1989-10-12,195,Unhealthy,Ozone,22,Los Angeles,California,34.1141,-118.4068,12531334.0,3267.0,America/Los_Angeles,1989,10,12
1989-10-13,122,Unhealthy for Sensitive Groups,Ozone,22,Los Angeles,California,34.1141,-118.4068,12531334.0,3267.0,America/Los_Angeles,1989,10,13
1989-10-14,136,Unhealthy for Sensitive Groups,Ozone,22,Los Angeles,California,34.1141,-118.4068,12531334.0,3267.0,America/Los_Angeles,1989,10,14
1989-10-15,93,Moderate,Ozone,22,Los Angeles,California,34.1141,-118.4068,12531334.0,3267.0,America/Los_Angeles,1989,10,15
1989-10-16,166,Unhealthy,Ozone,22,Los Angeles,California,34.1141,-118.4068,12531334.0,3267.0,America/Los_Angeles,1989,10,16
1989-10-17,140,Unhealthy for Sensitive Groups,Ozone,22,Los Angeles,California,34.1141,-118.4068,12531334.0,3267.0,America/Los_Angeles,1989,10,17
1989-10-18,137,Unhealthy for Sensitive Groups,NO2,22,Los Angeles,California,34.1141,-118.4068,12531334.0,3267.0,America/Los_Angeles,1989,10,18
1989-10-19,138,Unhealthy for Sensitive Groups,CO,22,Los Angeles,California,34.1141,-118.4068,12531334.0,3267.0,America/Los_Angeles,1989,10,19
1989-10-20,57,Moderate,NO2,22,Los Angeles,California,34.1141,-118.4068,12531334.0,3267.0,America/Los_Angeles,1989,10,20
1989-10-21,47,Good,NO2,22,Los Angeles,California,34.1141,-118.4068,12531334.0,3267.0,America/Los_Angeles,1989,10,21
1989-10-22,41,Good,CO,22,Los Angeles,California,34.1141,-118.4068,12531334.0,3267.0,America/Los_Angeles,1989,10,22
1989-10-23,57,Moderate,NO2,22,Los Angeles,California,34.1141,-118.4068,12531334.0,3267.0,America/Los_Angeles,1989,10,23
1989-10-24,68,Moderate,NO2,22,Los Angeles,California,34.1141,-118.4068,12531334.0,3267.0,America/Los_Angeles,1989,10,24
1989-10-25,58,Moderate,PM10,22,Los Angeles,California,34.1141,-118.4068,12531334.0,3267.0,America/Los_Angeles,1989,10,25
1989-10-26,89,Moderate,NO2,22,Los Angeles,California,34.1141,-118.4068,12531334.0,3267.0,America/Los_Angeles,1989,10,26
1989-10-27,108,Unhealthy for Sensitive Groups,NO2,22,Los Angeles,California,34.1141,-118.4068,12531334.0,3267.0,America/Los_Angeles,1989,10,27
1989-10-28,105,Unhealthy for Sensitive Groups,NO2,22,Los Angeles,California,34.1141,-118.4068,12531334.0,3267.0,America/Los_Angeles,1989,10,28
1989-10-29,116,Unhealthy for Sensitive Groups,CO,22,Los Angeles,California,34.1141,-118.4068,12531334.0,3267.0,America/Los_Angeles,1989,10,29
1989-10-30,100,Moderate,NO2,22,Los Angeles,California,34.1141,-118.4068,12531334.0,3267.0,America/Los_Angeles,1989,10,30
1989-10-31,110,Unhealthy for Sensitive Groups,NO2,22,Los Angeles,California,34.1141,-118.4068,12531334.0,3267.0,America/Los_Angeles,1989,10,31
1989-11-01,116,Unhealthy for Sensitive Groups,NO2,22,Los Angeles,California,34.1141,-118.4068,12531334.0,3267.0,America/Los_Angeles,1989,11,1
1989-11-02,148,Unhealthy for Sensitive Groups,CO,21,Los Angeles,California,34.1141,-118.4068,12531334.0,3267.0,America/Los_Angeles,1989,11,2
1989-11-03,190,Unhealthy,CO,22,Los Angeles,California,34.1141,-118.4068,12531334.0,3267.0,America/Los_Angeles,1989,11,3
1989-11-04,150,Unhealthy for Sensitive Groups,CO,22,Los Angeles,California,34.1141,-118.4068,12531334.0,3267.0,America/Los_Angeles,1989,11,4
1989-11-05,108,Unhealthy for Sensitive Groups,Ozone,22,Los Angeles,California,34.1141,-118.4068,12531334.0,3267.0,America/Los_Angeles,1989,11,5
1989-11-06,101,Unhealthy for Sensitive Groups,Ozone,22,Los Angeles,California,34.1141,-118.4068,12531334.0,3267.0,America/Los_Angeles,1989,11,6
1989-11-07,103,Unhealthy for Sensitive Groups,NO2,22,Los Angeles,California,34.1141,-118.4068,12531334.0,3267.0,America/Los_Angeles,1989,11,7
1989-11-08,116,Unhealthy for Sensitive Groups,NO2,22,Los Angeles,California,34.1141,-118.4068,12531334.0,3267.0,America/Los_Angeles,1989,11,8
1989-11-09,135,Unhealthy for Sensitive Groups,NO2,22,Los Angeles,California,34.1141,-118.4068,12531334.0,3267.0,America/Los_Angeles,1989,11,9
1989-11-10,209,Very Unhealthy,CO,22,Los Angeles,California,34.1141,-118.4068,12531334.0,3267.0,America/Los_Angeles,1989,11,10
1989-11-11,166,Unhealthy,Ozone,22,Los Angeles,California,34.1141,-118.4068,12531334.0,3267.0,America/Los_Angeles,1989,11,11
1989-11-12,190,Unhealthy,Ozone,22,Los Angeles,California,34.1141,-118.4068,12531334.0,3267.0,America/Los_Angeles,1989,11,12
1989-11-13,133,Unhealthy for Sensitive Groups,Ozone,22,Los Angeles,California,34.1141,-118.4068,12531334.0,3267.0,America/Los_Angeles,1989,11,13
1989-11-14,112,Unhealthy for Sensitive Groups,NO2,22,Los Angeles,California,34.1141,-118.4068,12531334.0,3267.0,America/Los_Angeles,1989,11,14
1989-11-15,153,Unhealthy,CO,22,Los Angeles,California,34.1141,-118.4068,12531334.0,3267.0,America/Los_Angeles,1989,11,15
1989-11-16,150,Unhealthy for Sensitive Groups,CO,22,Los Angeles,California,34.1141,-118.4068,12531334.0,3267.0,America/Los_Angeles,1989,11,16
1989-11-17,143,Unhealthy for Sensitive Groups,CO,22,Los Angeles,California,34.1141,-118.4068,12531334.0,3267.0,America/Los_Angeles,1989,11,17
1989-11-18,116,Unhealthy for Sensitive Groups,NO2,22,Los Angeles,California,34.1141,-118.4068,12531334.0,3267.0,America/Los_Angeles,1989,11,18
1989-11-19,115,Unhealthy for Sensitive Groups,CO,22,Los Angeles,California,34.1141,-118.4068,12531334.0,3267.0,America/Los_Angeles,1989,11,19
1989-11-20,125,Unhealthy for Sensitive Groups,CO,22,Los Angeles,California,34.1141,-118.4068,12531334.0,3267.0,America/Los_Angeles,1989,11,20
1989-11-21,106,Unhealthy for Sensitive Groups,NO2,22,Los Angeles,California,34.1141,-118.4068,12531334.0,3267.0,America/Los_Angeles,1989,11,21
1989-11-22,114,Unhealthy for Sensitive Groups,NO2,22,Los Angeles,California,34.1141,-118.4068,12531334.0,3267.0,America/Los_Angeles,1989,11,22
1989-11-23,143,Unhealthy for Sensitive Groups,Ozone,22,Los Angeles,California,34.1141,-118.4068,12531334.0,3267.0,America/Los_Angeles,1989,11,23
1989-11-24,93,Moderate,Ozone,22,Los Angeles,California,34.1141,-118.4068,12531334.0,3267.0,America/Los_Angeles,1989,11,24
1989-11-25,79,Moderate,NO2,22,Los Angeles,California,34.1141,-118.4068,12531334.0,3267.0,America/Los_Angeles,1989,11,25
1989-11-26,57,Moderate,NO2,22,Los Angeles,California,34.1141,-118.4068,12531334.0,3267.0,America/Los_Angeles,1989,11,26
1989-11-27,105,Unhealthy for Sensitive Groups,NO2,22,Los Angeles,California,34.1141,-118.4068,12531334.0,3267.0,America/Los_Angeles,1989,11,27
1989-11-28,108,Unhealthy for Sensitive Groups,NO2,22,Los Angeles,California,34.1141,-118.4068,12531334.0,3267.0,America/Los_Angeles,1989,11,28
1989-11-29,89,Moderate,NO2,22,Los Angeles,California,34.1141,-118.4068,12531334.0,3267.0,America/Los_Angeles,1989,11,29
1989-11-30,105,Unhealthy for Sensitive Groups,NO2,22,Los Angeles,California,34.1141,-118.4068,12531334.0,3267.0,America/Los_Angeles,1989,11,30
1989-12-01,207,Very Unhealthy,CO,22,Los Angeles,California,34.1141,-118.4068,12531334.0,3267.0,America/Los_Angeles,1989,12,1
1989-12-02,218,Very Unhealthy,CO,22,Los Angeles,California,34.1141,-118.4068,12531334.0,3267.0,America/Los_Angeles,1989,12,2
1989-12-03,112,Unhealthy for Sensitive Groups,NO2,22,Los Angeles,California,34.1141,-118.4068,12531334.0,3267.0,America/Los_Angeles,1989,12,3
1989-12-04,131,Unhealthy for Sensitive Groups,CO,21,Los Angeles,California,34.1141,-118.4068,12531334.0,3267.0,America/Los_Angeles,1989,12,4
1989-12-05,220,Very Unhealthy,CO,20,Los Angeles,California,34.1141,-118.4068,12531334.0,3267.0,America/Los_Angeles,1989,12,5
1989-12-06,238,Very Unhealthy,CO,20,Los Angeles,California,34.1141,-118.4068,12531334.0,3267.0,America/Los_Angeles,1989,12,6
1989-12-07,243,Very Unhealthy,CO,22,Los Angeles,California,34.1141,-118.4068,12531334.0,3267.0,America/Los_Angeles,1989,12,7
1989-12-08,190,Unhealthy,CO,22,Los Angeles,California,34.1141,-118.4068,12531334.0,3267.0,America/Los_Angeles,1989,12,8
1989-12-09,218,Very Unhealthy,CO,22,Los Angeles,California,34.1141,-118.4068,12531334.0,3267.0,America/Los_Angeles,1989,12,9
1989-12-10,124,Unhealthy for Sensitive Groups,NO2,22,Los Angeles,California,34.1141,-118.4068,12531334.0,3267.0,America/Los_Angeles,1989,12,10
1989-12-11,115,Unhealthy for Sensitive Groups,CO,21,Los Angeles,California,34.1141,-118.4068,12531334.0,3267.0,America/Los_Angeles,1989,12,11
1989-12-12,103,Unhealthy for Sensitive Groups,NO2,20,Los Angeles,California,34.1141,-118.4068,12531334.0,3267.0,America/Los_Angeles,1989,12,12
1989-12-13,153,Unhealthy,CO,21,Los Angeles,California,34.1141,-118.4068,12531334.0,3267.0,America/Los_Angeles,1989,12,13
1989-12-14,150,Unhealthy for Sensitive Groups,CO,22,Los Angeles,California,34.1141,-118.4068,12531334.0,3267.0,America/Los_Angeles,1989,12,14
1989-12-15,218,Very Unhealthy,CO,22,Los Angeles,California,34.1141,-118.4068,12531334.0,3267.0,America/Los_Angeles,1989,12,15
1989-12-16,145,Unhealthy for Sensitive Groups,CO,22,Los Angeles,California,34.1141,-118.4068,12531334.0,3267.0,America/Los_Angeles,1989,12,16
1989-12-17,186,Unhealthy,CO,22,Los Angeles,California,34.1141,-118.4068,12531334.0,3267.0,America/Los_Angeles,1989,12,17
1989-12-18,168,Unhealthy,CO,20,Los Angeles,California,34.1141,-118.4068,12531334.0,3267.0,America/Los_Angeles,1989,12,18
1989-12-19,204,Very Unhealthy,CO,20,Los Angeles,California,34.1141,-118.4068,12531334.0,3267.0,America/Los_Angeles,1989,12,19
1989-12-20,121,Unhealthy for Sensitive Groups,CO,22,Los Angeles,California,34.1141,-118.4068,12531334.0,3267.0,America/Los_Angeles,1989,12,20
1989-12-21,131,Unhealthy for Sensitive Groups,CO,22,Los Angeles,California,34.1141,-118.4068,12531334.0,3267.0,America/Los_Angeles,1989,12,21
1989-12-22,166,Unhealthy,CO,22,Los Angeles,California,34.1141,-118.4068,12531334.0,3267.0,America/Los_Angeles,1989,12,22
1989-12-23,116,Unhealthy for Sensitive Groups,CO,22,Los Angeles,California,34.1141,-118.4068,12531334.0,3267.0,America/Los_Angeles,1989,12,23
1989-12-24,190,Unhealthy,CO,21,Los Angeles,California,34.1141,-118.4068,12531334.0,3267.0,America/Los_Angeles,1989,12,24
1989-12-25,206,Very Unhealthy,CO,21,Los Angeles,California,34.1141,-118.4068,12531334.0,3267.0,America/Los_Angeles,1989,12,25
1989-12-26,125,Unhealthy for Sensitive Groups,CO,21,Los Angeles,California,34.1141,-118.4068,12531334.0,3267.0,America/Los_Angeles,1989,12,26
1989-12-27,118,Unhealthy for Sensitive Groups,NO2,22,Los Angeles,California,34.1141,-118.4068,12531334.0,3267.0,America/Los_Angeles,1989,12,27
1989-12-28,57,Moderate,NO2,22,Los Angeles,California,34.1141,-118.4068,12531334.0,3267.0,America/Los_Angeles,1989,12,28
1989-12-29,108,Unhealthy for Sensitive Groups,CO,22,Los Angeles,California,34.1141,-118.4068,12531334.0,3267.0,America/Los_Angeles,1989,12,29
1989-12-30,135,Unhealthy for Sensitive Groups,CO,21,Los Angeles,California,34.1141,-118.4068,12531334.0,3267.0,America/Los_Angeles,1989,12,30
1989-12-31,131,Unhealthy for Sensitive Groups,CO,21,Los Angeles,California,34.1141,-118.4068,12531334.0,3267.0,America/Los_Angeles,1989,12,31
1990-01-01,121,Unhealthy for Sensitive Groups,CO,20,Los Angeles,California,34.1141,-118.4068,12531334.0,3267.0,America/Los_Angeles,1990,1,1
1990-01-02,68,Moderate,NO2,20,Los Angeles,California,34.1141,-118.4068,12531334.0,3267.0,America/Los_Angeles,1990,1,2
1990-01-03,89,Moderate,CO,20,Los Angeles,California,34.1141,-118.4068,12531334.0,3267.0,America/Los_Angeles,1990,1,3
1990-01-04,128,Unhealthy for Sensitive Groups,CO,20,Los Angeles,California,34.1141,-118.4068,12531334.0,3267.0,America/Los_Angeles,1990,1,4
1990-01-05,148,Unhealthy for Sensitive Groups,CO,20,Los Angeles,California,34.1141,-118.4068,12531334.0,3267.0,America/Los_Angeles,1990,1,5
1990-01-06,204,Very Unhealthy,CO,22,Los Angeles,California,34.1141,-118.4068,12531334.0,3267.0,America/Los_Angeles,1990,1,6
1990-01-07,100,Moderate,NO2,22,Los Angeles,California,34.1141,-118.4068,12531334.0,3267.0,America/Los_Angeles,1990,1,7
1990-01-08,116,Unhealthy for Sensitive Groups,NO2,21,Los Angeles,California,34.1141,-118.4068,12531334.0,3267.0,America/Los_Angeles,1990,1,8
1990-01-09,198,Unhealthy,CO,22,Los Angeles,California,34.1141,-118.4068,12531334.0,3267.0,America/Los_Angeles,1990,1,9
1990-01-10,192,Unhealthy,CO,22,Los Angeles,California,34.1141,-118.4068,12531334.0,3267.0,America/Los_Angeles,1990,1,10
1990-01-11,166,Unhealthy,CO,22,Los Angeles,California,34.1141,-118.4068,12531334.0,3267.0,America/Los_Angeles,1990,1,11
1990-01-12,112,Unhealthy for Sensitive Groups,NO2,22,Los Angeles,California,34.1141,-118.4068,12531334.0,3267.0,America/Los_Angeles,1990,1,12
1990-01-13,38,Good,NO2,22,Los Angeles,California,34.1141,-118.4068,12531334.0,3267.0,America/Los_Angeles,1990,1,13
1990-01-14,69,Moderate,CO,22,Los Angeles,California,34.1141,-118.4068,12531334.0,3267.0,America/Los_Angeles,1990,1,14
1990-01-15,72,Moderate,CO,22,Los Angeles,California,34.1141,-118.4068,12531334.0,3267.0,America/Los_Angeles,1990,1,15
1990-01-16,75,Moderate,CO,22,Los Angeles,California,34.1141,-118.4068,12531334.0,3267.0,America/Los_Angeles,1990,1,16
1990-01-17,79,Moderate,NO2,21,Los Angeles,California,34.1141,-118.4068,12531334.0,3267.0,America/Los_Angeles,1990,1,17
1990-01-18,79,Moderate,NO2,21,Los Angeles,California,34.1141,-118.4068,12531334.0,3267.0,America/Los_Angeles,1990,1,18
1990-01-19,70,Moderate,CO,21,Los Angeles,California,34.1141,-118.4068,12531334.0,3267.0,America/Los_Angeles,1990,1,19
1990-01-20,110,Unhealthy for Sensitive Groups,NO2,21,Los Angeles,California,34.1141,-118.4068,12531334.0,3267.0,America/Los_Angeles,1990,1,20
1990-01-21,103,Unhealthy for Sensitive Groups,CO,21,Los Angeles,California,34.1141,-118.4068,12531334.0,3267.0,America/Los_Angeles,1990,1,21
1990-01-22,89,Moderate,NO2,21,Los Angeles,California,34.1141,-118.4068,12531334.0,3267.0,America/Los_Angeles,1990,1,22
1990-01-23,109,Unhealthy for Sensitive Groups,CO,21,Los Angeles,California,34.1141,-118.4068,12531334.0,3267.0,America/Los_Angeles,1990,1,23
1990-01-24,145,Unhealthy for Sensitive Groups,CO,21,Los Angeles,California,34.1141,-118.4068,12531334.0,3267.0,America/Los_Angeles,1990,1,24
1990-01-25,110,Unhealthy for Sensitive Groups,NO2,21,Los Angeles,California,34.1141,-118.4068,12531334.0,3267.0,America/Los_Angeles,1990,1,25
1990-01-26,116,Unhealthy for Sensitive Groups,NO2,22,Los Angeles,California,34.1141,-118.4068,12531334.0,3267.0,America/Los_Angeles,1990,1,26
1990-01-27,103,Unhealthy for Sensitive Groups,NO2,22,Los Angeles,California,34.1141,-118.4068,12531334.0,3267.0,America/Los_Angeles,1990,1,27
1990-01-28,97,Moderate,CO,22,Los Angeles,California,34.1141,-118.4068,12531334.0,3267.0,America/Los_Angeles,1990,1,28
1990-01-29,148,Unhealthy for Sensitive Groups,CO,22,Los Angeles,California,34.1141,-118.4068,12531334.0,3267.0,America/Los_Angeles,1990,1,29
1990-01-30,112,Unhealthy for Sensitive Groups,NO2,22,Los Angeles,California,34.1141,-118.4068,12531334.0,3267.0,America/Los_Angeles,1990,1,30
1990-01-31,79,Moderate,NO2,21,Los Angeles,California,34.1141,-118.4068,12531334.0,3267.0,America/Los_Angeles,1990,1,31
1990-02-01,47,Good,NO2,21,Los Angeles,California,34.1141,-118.4068,12531334.0,3267.0,America/Los_Angeles,1990,2,1
1990-02-02,79,Moderate,NO2,21,Los Angeles,California,34.1141,-118.4068,12531334.0,3267.0,America/Los_Angeles,1990,2,2
1990-02-03,89,Moderate,NO2,21,Los Angeles,California,34.1141,-118.4068,12531334.0,3267.0,America/Los_Angeles,1990,2,3
1990-02-04,103,Unhealthy for Sensitive Groups,CO,21,Los Angeles,California,34.1141,-118.4068,12531334.0,3267.0,America/Los_Angeles,1990,2,4
1990-02-05,89,Moderate,NO2,21,Los Angeles,California,34.1141,-118.4068,12531334.0,3267.0,America/Los_Angeles,1990,2,5
1990-02-06,112,Unhealthy for Sensitive Groups,NO2,20,Los Angeles,California,34.1141,-118.4068,12531334.0,3267.0,America/Los_Angeles,1990,2,6
1990-02-07,105,Unhealthy for Sensitive Groups,NO2,20,Los Angeles,California,34.1141,-118.4068,12531334.0,3267.0,America/Los_Angeles,1990,2,7
1990-02-08,100,Moderate,NO2,20,Los Angeles,California,34.1141,-118.4068,12531334.0,3267.0,America/Los_Angeles,1990,2,8
1990-02-09,89,Moderate,NO2,21,Los Angeles,California,34.1141,-118.4068,12531334.0,3267.0,America/Los_Angeles,1990,2,9
1990-02-10,108,Unhealthy for Sensitive Groups,NO2,21,Los Angeles,California,34.1141,-118.4068,12531334.0,3267.0,America/Los_Angeles,1990,2,10
1990-02-11,116,Unhealthy for Sensitive Groups,NO2,21,Los Angeles,California,34.1141,-118.4068,12531334.0,3267.0,America/Los_Angeles,1990,2,11
1990-02-12,57,Moderate,NO2,20,Los Angeles,California,34.1141,-118.4068,12531334.0,3267.0,America/Los_Angeles,1990,2,12
1990-02-13,63,Moderate,CO,20,Los Angeles,California,34.1141,-118.4068,12531334.0,3267.0,America/Los_Angeles,1990,2,13
1990-02-14,57,Moderate,NO2,19,Los Angeles,California,34.1141,-118.4068,12531334.0,3267.0,America/Los_Angeles,1990,2,14
1990-02-15,89,Moderate,NO2,20,Los Angeles,California,34.1141,-118.4068,12531334.0,3267.0,America/Los_Angeles,1990,2,15
1990-02-16,89,Moderate,NO2,19,Los Angeles,California,34.1141,-118.4068,12531334.0,3267.0,America/Los_Angeles,1990,2,16
1990-02-17,47,Good,NO2,19,Los Angeles,California,34.1141,-118.4068,12531334.0,3267.0,America/Los_Angeles,1990,2,17
1990-02-18,47,Good,NO2,19,Los Angeles,California,34.1141,-118.4068,12531334.0,3267.0,America/Los_Angeles,1990,2,18
1990-02-19,68,Moderate,NO2,19,Los Angeles,California,34.1141,-118.4068,12531334.0,3267.0,America/Los_Angeles,1990,2,19
1990-02-20,105,Unhealthy for Sensitive Groups,NO2,19,Los Angeles,California,34.1141,-118.4068,12531334.0,3267.0,America/Los_Angeles,1990,2,20
1990-02-21,116,Unhealthy for Sensitive Groups,NO2,21,Los Angeles,California,34.1141,-118.4068,12531334.0,3267.0,America/Los_Angeles,1990,2,21
1990-02-22,170,Unhealthy,CO,21,Los Angeles,California,34.1141,-118.4068,12531334.0,3267.0,America/Los_Angeles,1990,2,22
1990-02-23,125,Unhealthy for Sensitive Groups,NO2,21,Los Angeles,California,34.1141,-118.4068,12531334.0,3267.0,America/Los_Angeles,1990,2,23
1990-02-24,143,Unhealthy for Sensitive Groups,CO,21,Los Angeles,California,34.1141,-118.4068,12531334.0,3267.0,America/Los_Angeles,1990,2,24
1990-02-25,179,Unhealthy,Ozone,21,Los Angeles,California,34.1141,-118.4068,12531334.0,3267.0,America/Los_Angeles,1990,2,25
1990-02-26,125,Unhealthy for Sensitive Groups,NO2,20,Los Angeles,California,34.1141,-118.4068,12531334.0,3267.0,America/Los_Angeles,1990,2,26
1990-02-27,140,Unhealthy for Sensitive Groups,Ozone,20,Los Angeles,California,34.1141,-118.4068,12531334.0,3267.0,America/Los_Angeles,1990,2,27
1990-02-28,140,Unhealthy for Sensitive Groups,Ozone,21,Los Angeles,California,34.1141,-118.4068,12531334.0,3267.0,America/Los_Angeles,1990,2,28
1990-03-01,106,Unhealthy for Sensitive Groups,NO2,21,Los Angeles,California,34.1141,-118.4068,12531334.0,3267.0,America/Los_Angeles,1990,3,1
1990-03-02,103,Unhealthy for Sensitive Groups,NO2,22,Los Angeles,California,34.1141,-118.4068,12531334.0,3267.0,America/Los_Angeles,1990,3,2
1990-03-03,90,Moderate,Ozone,21,Los Angeles,California,34.1141,-118.4068,12531334.0,3267.0,America/Los_Angeles,1990,3,3
1990-03-04,47,Good,NO2,21,Los Angeles,California,34.1141,-118.4068,12531334.0,3267.0,America/Los_Angeles,1990,3,4
1990-03-05,57,Moderate,NO2,20,Los Angeles,California,34.1141,-118.4068,12531334.0,3267.0,America/Los_Angeles,1990,3,5
1990-03-06,79,Moderate,NO2,21,Los Angeles,California,34.1141,-118.4068,12531334.0,3267.0,America/Los_Angeles,1990,3,6
1990-03-07,108,Unhealthy for Sensitive Groups,Ozone,22,Los Angeles,California,34.1141,-118.4068,12531334.0,3267.0,America/Los_Angeles,1990,3,7
1990-03-08,110,Unhealthy for Sensitive Groups,NO2,21,Los Angeles,California,34.1141,-118.4068,12531334.0,3267.0,America/Los_Angeles,1990,3,8
1990-03-09,57,Moderate,NO2,22,Los Angeles,California,34.1141,-118.4068,12531334.0,3267.0,America/Los_Angeles,1990,3,9
1990-03-10,57,Moderate,NO2,22,Los Angeles,California,34.1141,-118.4068,12531334.0,3267.0,America/Los_Angeles,1990,3,10
1990-03-11,47,Good,NO2,22,Los Angeles,California,34.1141,-118.4068,12531334.0,3267.0,America/Los_Angeles,1990,3,11
1990-03-12,59,Moderate,CO,21,Los Angeles,California,34.1141,-118.4068,12531334.0,3267.0,America/Los_Angeles,1990,3,12
1990-03-13,57,Moderate,NO2,22,Los Angeles,California,34.1141,-118.4068,12531334.0,3267.0,America/Los_Angeles,1990,3,13
1990-03-14,100,Moderate,NO2,22,Los Angeles,California,34.1141,-118.4068,12531334.0,3267.0,America/Los_Angeles,1990,3,14
1990-03-15,112,Unhealthy for Sensitive Groups,NO2,22,Los Angeles,California,34.1141,-118.4068,12531334.0,3267.0,America/Los_Angeles,1990,3,15
1990-03-16,110,Unhealthy for Sensitive Groups,NO2,21,Los Angeles,California,34.1141,-118.4068,12531334.0,3267.0,America/Los_Angeles,1990,3,16
1990-03-17,140,Unhealthy for Sensitive Groups,Ozone,21,Los Angeles,California,34.1141,-118.4068,12531334.0,3267.0,America/Los_Angeles,1990,3,17
1990-03-18,219,Very Unhealthy,Ozone,22,Los Angeles,California,34.1141,-118.4068,12531334.0,3267.0,America/Los_Angeles,1990,3,18
1990-03-19,190,Unhealthy,Ozone,22,Los Angeles,California,34.1141,-118.4068,12531334.0,3267.0,America/Los_Angeles,1990,3,19
1990-03-20,156,Unhealthy,Ozone,22,Los Angeles,California,34.1141,-118.4068,12531334.0,3267.0,America/Los_Angeles,1990,3,20
1990-03-21,229,Very Unhealthy,Ozone,22,Los Angeles,California,34.1141,-118.4068,12531334.0,3267.0,America/Los_Angeles,1990,3,21
1990-03-22,192,Unhealthy,Ozone,20,Los Angeles,California,34.1141,-118.4068,12531334.0,3267.0,America/Los_Angeles,1990,3,22
1990-03-23,216,Very Unhealthy,Ozone,22,Los Angeles,California,34.1141,-118.4068,12531334.0,3267.0,America/Los_Angeles,1990,3,23
1990-03-24,221,Very Unhealthy,Ozone,22,Los Angeles,California,34.1141,-118.4068,12531334.0,3267.0,America/Los_Angeles,1990,3,24
1990-03-25,166,Unhealthy,Ozone,22,Los Angeles,California,34.1141,-118.4068,12531334.0,3267.0,America/Los_Angeles,1990,3,25
1990-03-26,108,Unhealthy for Sensitive Groups,NO2,22,Los Angeles,California,34.1141,-118.4068,12531334.0,3267.0,America/Los_Angeles,1990,3,26
1990-03-27,57,Moderate,NO2,22,Los Angeles,California,34.1141,-118.4068,12531334.0,3267.0,America/Los_Angeles,1990,3,27
1990-03-28,57,Moderate,NO2,22,Los Angeles,California,34.1141,-118.4068,12531334.0,3267.0,America/Los_Angeles,1990,3,28
1990-03-29,57,Moderate,NO2,22,Los Angeles,California,34.1141,-118.4068,12531334.0,3267.0,America/Los_Angeles,1990,3,29
1990-03-30,68,Moderate,NO2,22,Los Angeles,California,34.1141,-118.4068,12531334.0,3267.0,America/Los_Angeles,1990,3,30
1990-03-31,122,Unhealthy for Sensitive Groups,Ozone,22,Los Angeles,California,34.1141,-118.4068,12531334.0,3267.0,America/Los_Angeles,1990,3,31
1990-04-01,100,Moderate,Ozone,22,Los Angeles,California,34.1141,-118.4068,12531334.0,3267.0,America/Los_Angeles,1990,4,1
1990-04-02,140,Unhealthy for Sensitive Groups,Ozone,22,Los Angeles,California,34.1141,-118.4068,12531334.0,3267.0,America/Los_Angeles,1990,4,2
1990-04-03,103,Unhealthy for Sensitive Groups,NO2,22,Los Angeles,California,34.1141,-118.4068,12531334.0,3267.0,America/Los_Angeles,1990,4,3
1990-04-04,79,Moderate,NO2,20,Los Angeles,California,34.1141,-118.4068,12531334.0,3267.0,America/Los_Angeles,1990,4,4
1990-04-05,57,Moderate,NO2,20,Los Angeles,California,34.1141,-118.4068,12531334.0,3267.0,America/Los_Angeles,1990,4,5
1990-04-06,79,Moderate,NO2,20,Los Angeles,California,34.1141,-118.4068,12531334.0,3267.0,America/Los_Angeles,1990,4,6
1990-04-07,90,Moderate,Ozone,20,Los Angeles,California,34.1141,-118.4068,12531334.0,3267.0,America/Los_Angeles,1990,4,7
1990-04-08,47,Good,NO2,20,Los Angeles,California,34.1141,-118.4068,12531334.0,3267.0,America/Los_Angeles,1990,4,8
1990-04-09,100,Moderate,NO2,20,Los Angeles,California,34.1141,-118.4068,12531334.0,3267.0,America/Los_Angeles,1990,4,9
1990-04-10,150,Unhealthy for Sensitive Groups,Ozone,22,Los Angeles,California,34.1141,-118.4068,12531334.0,3267.0,America/Los_Angeles,1990,4,10
1990-04-11,187,Unhealthy,Ozone,22,Los Angeles,California,34.1141,-118.4068,12531334.0,3267.0,America/Los_Angeles,1990,4,11
1990-04-12,239,Very Unhealthy,Ozone,22,Los Angeles,California,34.1141,-118.4068,12531334.0,3267.0,America/Los_Angeles,1990,4,12
1990-04-13,214,Very Unhealthy,Ozone,22,Los Angeles,California,34.1141,-118.4068,12531334.0,3267.0,America/Los_Angeles,1990,4,13
1990-04-14,151,Unhealthy,Ozone,22,Los Angeles,California,34.1141,-118.4068,12531334.0,3267.0,America/Los_Angeles,1990,4,14
1990-04-15,48,Good,Ozone,22,Los Angeles,California,34.1141,-118.4068,12531334.0,3267.0,America/Los_Angeles,1990,4,15
1990-04-16,38,Good,NO2,22,Los Angeles,California,34.1141,-118.4068,12531334.0,3267.0,America/Los_Angeles,1990,4,16
1990-04-17,57,Moderate,NO2,22,Los Angeles,California,34.1141,-118.4068,12531334.0,3267.0,America/Los_Angeles,1990,4,17
1990-04-18,67,Moderate,Ozone,22,Los Angeles,California,34.1141,-118.4068,12531334.0,3267.0,America/Los_Angeles,1990,4,18
1990-04-19,68,Moderate,NO2,22,Los Angeles,California,34.1141,-118.4068,12531334.0,3267.0,America/Los_Angeles,1990,4,19
1990-04-20,87,Moderate,Ozone,22,Los Angeles,California,34.1141,-118.4068,12531334.0,3267.0,America/Los_Angeles,1990,4,20
1990-04-21,133,Unhealthy for Sensitive Groups,Ozone,22,Los Angeles,California,34.1141,-118.4068,12531334.0,3267.0,America/Los_Angeles,1990,4,21
1990-04-22,67,Moderate,Ozone,22,Los Angeles,California,34.1141,-118.4068,12531334.0,3267.0,America/Los_Angeles,1990,4,22
1990-04-23,68,Moderate,NO2,21,Los Angeles,California,34.1141,-118.4068,12531334.0,3267.0,America/Los_Angeles,1990,4,23
1990-04-24,57,Moderate,NO2,22,Los Angeles,California,34.1141,-118.4068,12531334.0,3267.0,America/Los_Angeles,1990,4,24
1990-04-25,126,Unhealthy for Sensitive Groups,Ozone,22,Los Angeles,California,34.1141,-118.4068,12531334.0,3267.0,America/Los_Angeles,1990,4,25
1990-04-26,202,Very Unhealthy,Ozone,22,Los Angeles,California,34.1141,-118.4068,12531334.0,3267.0,America/Los_Angeles,1990,4,26
1990-04-27,205,Very Unhealthy,Ozone,22,Los Angeles,California,34.1141,-118.4068,12531334.0,3267.0,America/Los_Angeles,1990,4,27
1990-04-28,187,Unhealthy,Ozone,22,Los Angeles,California,34.1141,-118.4068,12531334.0,3267.0,America/Los_Angeles,1990,4,28
1990-04-29,111,Unhealthy for Sensitive Groups,PM10,22,Los Angeles,California,34.1141,-118.4068,12531334.0,3267.0,America/Los_Angeles,1990,4,29
1990-04-30,57,Moderate,NO2,22,Los Angeles,California,34.1141,-118.4068,12531334.0,3267.0,America/Los_Angeles,1990,4,30
1990-05-01,79,Moderate,NO2,22,Los Angeles,California,34.1141,-118.4068,12531334.0,3267.0,America/Los_Angeles,1990,5,1
1990-05-02,77,Moderate,Ozone,22,Los Angeles,California,34.1141,-118.4068,12531334.0,3267.0,America/Los_Angeles,1990,5,2
1990-05-03,136,Unhealthy for Sensitive Groups,Ozone,22,Los Angeles,California,34.1141,-118.4068,12531334.0,3267.0,America/Los_Angeles,1990,5,3
1990-05-04,154,Unhealthy,Ozone,22,Los Angeles,California,34.1141,-118.4068,12531334.0,3267.0,America/Los_Angeles,1990,5,4
1990-05-05,206,Very Unhealthy,Ozone,22,Los Angeles,California,34.1141,-118.4068,12531334.0,3267.0,America/Los_Angeles,1990,5,5
1990-05-06,228,Very Unhealthy,Ozone,22,Los Angeles,California,34.1141,-118.4068,12531334.0,3267.0,America/Los_Angeles,1990,5,6
1990-05-07,90,Moderate,Ozone,22,Los Angeles,California,34.1141,-118.4068,12531334.0,3267.0,America/Los_Angeles,1990,5,7
1990-05-08,71,Moderate,Ozone,22,Los Angeles,California,34.1141,-118.4068,12531334.0,3267.0,America/Los_Angeles,1990,5,8
1990-05-09,115,Unhealthy for Sensitive Groups,Ozone,22,Los Angeles,California,34.1141,-118.4068,12531334.0,3267.0,America/Los_Angeles,1990,5,9
1990-05-10,46,Good,Ozone,22,Los Angeles,California,34.1141,-118.4068,12531334.0,3267.0,America/Los_Angeles,1990,5,10
1990-05-11,74,Moderate,PM10,22,Los Angeles,California,34.1141,-118.4068,12531334.0,3267.0,America/Los_Angeles,1990,5,11
1990-05-12,136,Unhealthy for Sensitive Groups,Ozone,22,Los Angeles,California,34.1141,-118.4068,12531334.0,3267.0,America/Los_Angeles,1990,5,12
1990-05-13,169,Unhealthy,Ozone,22,Los Angeles,California,34.1141,-118.4068,12531334.0,3267.0,America/Los_Angeles,1990,5,13
1990-05-14,54,Moderate,Ozone,22,Los Angeles,California,34.1141,-118.4068,12531334.0,3267.0,America/Los_Angeles,1990,5,14
1990-05-15,71,Moderate,Ozone,22,Los Angeles,California,34.1141,-118.4068,12531334.0,3267.0,America/Los_Angeles,1990,5,15
1990-05-16,151,Unhealthy,Ozone,22,Los Angeles,California,34.1141,-118.4068,12531334.0,3267.0,America/Los_Angeles,1990,5,16
1990-05-17,133,Unhealthy for Sensitive Groups,Ozone,22,Los Angeles,California,34.1141,-118.4068,12531334.0,3267.0,America/Los_Angeles,1990,5,17
1990-05-18,90,Moderate,Ozone,22,Los Angeles,California,34.1141,-118.4068,12531334.0,3267.0,America/Los_Angeles,1990,5,18
1990-05-19,58,Moderate,Ozone,21,Los Angeles,California,34.1141,-118.4068,12531334.0,3267.0,America/Los_Angeles,1990,5,19
1990-05-20,67,Moderate,Ozone,21,Los Angeles,California,34.1141,-118.4068,12531334.0,3267.0,America/Los_Angeles,1990,5,20
1990-05-21,71,Moderate,Ozone,21,Los Angeles,California,34.1141,-118.4068,12531334.0,3267.0,America/Los_Angeles,1990,5,21
1990-05-22,112,Unhealthy for Sensitive Groups,Ozone,21,Los Angeles,California,34.1141,-118.4068,12531334.0,3267.0,America/Los_Angeles,1990,5,22
1990-05-23,89,Moderate,NO2,22,Los Angeles,California,34.1141,-118.4068,12531334.0,3267.0,America/Los_Angeles,1990,5,23
1990-05-24,68,Moderate,NO2,20,Los Angeles,California,34.1141,-118.4068,12531334.0,3267.0,America/Los_Angeles,1990,5,24
1990-05-25,156,Unhealthy,Ozone,22,Los Angeles,California,34.1141,-118.4068,12531334.0,3267.0,America/Los_Angeles,1990,5,25
1990-05-26,151,Unhealthy,Ozone,21,Los Angeles,California,34.1141,-118.4068,12531334.0,3267.0,America/Los_Angeles,1990,5,26
1990-05-27,57,Moderate,NO2,21,Los Angeles,California,34.1141,-118.4068,12531334.0,3267.0,America/Los_Angeles,1990,5,27
1990-05-28,38,Good,NO2,21,Los Angeles,California,34.1141,-118.4068,12531334.0,3267.0,America/Los_Angeles,1990,5,28
1990-05-29,57,Moderate,NO2,21,Los Angeles,California,34.1141,-118.4068,12531334.0,3267.0,America/Los_Angeles,1990,5,29
1990-05-30,57,Moderate,NO2,20,Los Angeles,California,34.1141,-118.4068,12531334.0,3267.0,America/Los_Angeles,1990,5,30
1990-05-31,57,Moderate,NO2,21,Los Angeles,California,34.1141,-118.4068,12531334.0,3267.0,America/Los_Angeles,1990,5,31
1990-06-01,136,Unhealthy for Sensitive Groups,Ozone,21,Los Angeles,California,34.1141,-118.4068,12531334.0,3267.0,America/Los_Angeles,1990,6,1
1990-06-02,232,Very Unhealthy,Ozone,21,Los Angeles,California,34.1141,-118.4068,12531334.0,3267.0,America/Los_Angeles,1990,6,2
1990-06-03,259,Very Unhealthy,Ozone,21,Los Angeles,California,34.1141,-118.4068,12531334.0,3267.0,America/Los_Angeles,1990,6,3
1990-06-04,259,Very Unhealthy,Ozone,21,Los Angeles,California,34.1141,-118.4068,12531334.0,3267.0,America/Los_Angeles,1990,6,4
1990-06-05,229,Very Unhealthy,Ozone,22,Los Angeles,California,34.1141,-118.4068,12531334.0,3267.0,America/Los_Angeles,1990,6,5
1990-06-06,202,Very Unhealthy,Ozone,21,Los Angeles,California,34.1141,-118.4068,12531334.0,3267.0,America/Los_Angeles,1990,6,6
1990-06-07,256,Very Unhealthy,Ozone,23,Los Angeles,California,34.1141,-118.4068,12531334.0,3267.0,America/Los_Angeles,1990,6,7
1990-06-08,218,Very Unhealthy,Ozone,23,Los Angeles,California,34.1141,-118.4068,12531334.0,3267.0,America/Los_Angeles,1990,6,8
1990-06-09,68,Moderate,NO2,23,Los Angeles,California,34.1141,-118.4068,12531334.0,3267.0,America/Los_Angeles,1990,6,9
1990-06-10,74,Moderate,Ozone,23,Los Angeles,California,34.1141,-118.4068,12531334.0,3267.0,America/Los_Angeles,1990,6,10
1990-06-11,90,Moderate,Ozone,23,Los Angeles,California,34.1141,-118.4068,12531334.0,3267.0,America/Los_Angeles,1990,6,11
1990-06-12,156,Unhealthy,Ozone,23,Los Angeles,California,34.1141,-118.4068,12531334.0,3267.0,America/Los_Angeles,1990,6,12
1990-06-13,47,Good,NO2,23,Los Angeles,California,34.1141,-118.4068,12531334.0,3267.0,America/Los_Angeles,1990,6,13
1990-06-14,47,Good,Ozone,23,Los Angeles,California,34.1141,-118.4068,12531334.0,3267.0,America/Los_Angeles,1990,6,14
1990-06-15,47,Good,NO2,23,Los Angeles,California,34.1141,-118.4068,12531334.0,3267.0,America/Los_Angeles,1990,6,15
1990-06-16,187,Unhealthy,Ozone,23,Los Angeles,California,34.1141,-118.4068,12531334.0,3267.0,America/Los_Angeles,1990,6,16
1990-06-17,192,Unhealthy,Ozone,23,Los Angeles,California,34.1141,-118.4068,12531334.0,3267.0,America/Los_Angeles,1990,6,17
1990-06-18,166,Unhealthy,Ozone,23,Los Angeles,California,34.1141,-118.4068,12531334.0,3267.0,America/Los_Angeles,1990,6,18
1990-06-19,213,Very Unhealthy,Ozone,23,Los Angeles,California,34.1141,-118.4068,12531334.0,3267.0,America/Los_Angeles,1990,6,19
1990-06-20,271,Very Unhealthy,Ozone,23,Los Angeles,California,34.1141,-118.4068,12531334.0,3267.0,America/Los_Angeles,1990,6,20
1990-06-21,264,Very Unhealthy,Ozone,23,Los Angeles,California,34.1141,-118.4068,12531334.0,3267.0,America/Los_Angeles,1990,6,21
1990-06-22,228,Very Unhealthy,Ozone,23,Los Angeles,California,34.1141,-118.4068,12531334.0,3267.0,America/Los_Angeles,1990,6,22
1990-06-23,258,Very Unhealthy,Ozone,23,Los Angeles,California,34.1141,-118.4068,12531334.0,3267.0,America/Los_Angeles,1990,6,23
1990-06-24,213,Very Unhealthy,Ozone,23,Los Angeles,California,34.1141,-118.4068,12531334.0,3267.0,America/Los_Angeles,1990,6,24
1990-06-25,240,Very Unhealthy,Ozone,23,Los Angeles,California,34.1141,-118.4068,12531334.0,3267.0,America/Los_Angeles,1990,6,25
1990-06-26,243,Very Unhealthy,Ozone,23,Los Angeles,California,34.1141,-118.4068,12531334.0,3267.0,America/Los_Angeles,1990,6,26
1990-06-27,136,Unhealthy for Sensitive Groups,Ozone,23,Los Angeles,California,34.1141,-118.4068,12531334.0,3267.0,America/Los_Angeles,1990,6,27
1990-06-28,240,Very Unhealthy,Ozone,23,Los Angeles,California,34.1141,-118.4068,12531334.0,3267.0,America/Los_Angeles,1990,6,28
1990-06-29,207,Very Unhealthy,Ozone,23,Los Angeles,California,34.1141,-118.4068,12531334.0,3267.0,America/Los_Angeles,1990,6,29
1990-06-30,221,Very Unhealthy,Ozone,23,Los Angeles,California,34.1141,-118.4068,12531334.0,3267.0,America/Los_Angeles,1990,6,30
1990-07-01,263,Very Unhealthy,Ozone,23,Los Angeles,California,34.1141,-118.4068,12531334.0,3267.0,America/Los_Angeles,1990,7,1
1990-07-02,227,Very Unhealthy,Ozone,23,Los Angeles,California,34.1141,-118.4068,12531334.0,3267.0,America/Los_Angeles,1990,7,2
1990-07-03,164,Unhealthy,Ozone,23,Los Angeles,California,34.1141,-118.4068,12531334.0,3267.0,America/Los_Angeles,1990,7,3
1990-07-04,212,Very Unhealthy,Ozone,23,Los Angeles,California,34.1141,-118.4068,12531334.0,3267.0,America/Los_Angeles,1990,7,4
1990-07-05,195,Unhealthy,Ozone,23,Los Angeles,California,34.1141,-118.4068,12531334.0,3267.0,America/Los_Angeles,1990,7,5
1990-07-06,239,Very Unhealthy,Ozone,23,Los Angeles,California,34.1141,-118.4068,12531334.0,3267.0,America/Los_Angeles,1990,7,6
1990-07-07,201,Very Unhealthy,Ozone,23,Los Angeles,California,34.1141,-118.4068,12531334.0,3267.0,America/Los_Angeles,1990,7,7
1990-07-08,151,Unhealthy,Ozone,23,Los Angeles,California,34.1141,-118.4068,12531334.0,3267.0,America/Los_Angeles,1990,7,8
1990-07-09,208,Very Unhealthy,Ozone,23,Los Angeles,California,34.1141,-118.4068,12531334.0,3267.0,America/Los_Angeles,1990,7,9
1990-07-10,216,Very Unhealthy,Ozone,23,Los Angeles,California,34.1141,-118.4068,12531334.0,3267.0,America/Los_Angeles,1990,7,10
1990-07-11,210,Very Unhealthy,Ozone,22,Los Angeles,California,34.1141,-118.4068,12531334.0,3267.0,America/Los_Angeles,1990,7,11
1990-07-12,239,Very Unhealthy,Ozone,23,Los Angeles,California,34.1141,-118.4068,12531334.0,3267.0,America/Los_Angeles,1990,7,12
1990-07-13,234,Very Unhealthy,Ozone,21,Los Angeles,California,34.1141,-118.4068,12531334.0,3267.0,America/Los_Angeles,1990,7,13
1990-07-14,208,Very Unhealthy,Ozone,21,Los Angeles,California,34.1141,-118.4068,12531334.0,3267.0,America/Los_Angeles,1990,7,14
1990-07-15,150,Unhealthy for Sensitive Groups,Ozone,21,Los Angeles,California,34.1141,-118.4068,12531334.0,3267.0,America/Los_Angeles,1990,7,15
1990-07-16,87,Moderate,Ozone,21,Los Angeles,California,34.1141,-118.4068,12531334.0,3267.0,America/Los_Angeles,1990,7,16
1990-07-17,169,Unhealthy,Ozone,21,Los Angeles,California,34.1141,-118.4068,12531334.0,3267.0,America/Los_Angeles,1990,7,17
1990-07-18,219,Very Unhealthy,Ozone,21,Los Angeles,California,34.1141,-118.4068,12531334.0,3267.0,America/Los_Angeles,1990,7,18
1990-07-19,276,Very Unhealthy,Ozone,23,Los Angeles,California,34.1141,-118.4068,12531334.0,3267.0,America/Los_Angeles,1990,7,19
1990-07-20,255,Very Unhealthy,Ozone,23,Los Angeles,California,34.1141,-118.4068,12531334.0,3267.0,America/Los_Angeles,1990,7,20
1990-07-21,214,Very Unhealthy,Ozone,23,Los Angeles,California,34.1141,-118.4068,12531334.0,3267.0,America/Los_Angeles,1990,7,21
1990-07-22,221,Very Unhealthy,Ozone,23,Los Angeles,California,34.1141,-118.4068,12531334.0,3267.0,America/Los_Angeles,1990,7,22
1990-07-23,221,Very Unhealthy,Ozone,23,Los Angeles,California,34.1141,-118.4068,12531334.0,3267.0,America/Los_Angeles,1990,7,23
1990-07-24,150,Unhealthy for Sensitive Groups,Ozone,23,Los Angeles,California,34.1141,-118.4068,12531334.0,3267.0,America/Los_Angeles,1990,7,24
1990-07-25,126,Unhealthy for Sensitive Groups,Ozone,21,Los Angeles,California,34.1141,-118.4068,12531334.0,3267.0,America/Los_Angeles,1990,7,25
1990-07-26,187,Unhealthy,Ozone,23,Los Angeles,California,34.1141,-118.4068,12531334.0,3267.0,America/Los_Angeles,1990,7,26
1990-07-27,218,Very Unhealthy,Ozone,21,Los Angeles,California,34.1141,-118.4068,12531334.0,3267.0,America/Los_Angeles,1990,7,27
1990-07-28,238,Very Unhealthy,Ozone,21,Los Angeles,California,34.1141,-118.4068,12531334.0,3267.0,America/Los_Angeles,1990,7,28
1990-07-29,239,Very Unhealthy,Ozone,21,Los Angeles,California,34.1141,-118.4068,12531334.0,3267.0,America/Los_Angeles,1990,7,29
1990-07-30,207,Very Unhealthy,Ozone,21,Los Angeles,California,34.1141,-118.4068,12531334.0,3267.0,America/Los_Angeles,1990,7,30
1990-07-31,208,Very Unhealthy,Ozone,21,Los Angeles,California,34.1141,-118.4068,12531334.0,3267.0,America/Los_Angeles,1990,7,31
1990-08-01,206,Very Unhealthy,Ozone,23,Los Angeles,California,34.1141,-118.4068,12531334.0,3267.0,America/Los_Angeles,1990,8,1
1990-08-02,187,Unhealthy,Ozone,23,Los Angeles,California,34.1141,-118.4068,12531334.0,3267.0,America/Los_Angeles,1990,8,2
1990-08-03,210,Very Unhealthy,Ozone,23,Los Angeles,California,34.1141,-118.4068,12531334.0,3267.0,America/Los_Angeles,1990,8,3
1990-08-04,217,Very Unhealthy,Ozone,22,Los Angeles,California,34.1141,-118.4068,12531334.0,3267.0,America/Los_Angeles,1990,8,4
1990-08-05,244,Very Unhealthy,Ozone,23,Los Angeles,California,34.1141,-118.4068,12531334.0,3267.0,America/Los_Angeles,1990,8,5
1990-08-06,232,Very Unhealthy,Ozone,23,Los Angeles,California,34.1141,-118.4068,12531334.0,3267.0,America/Los_Angeles,1990,8,6
1990-08-07,233,Very Unhealthy,Ozone,23,Los Angeles,California,34.1141,-118.4068,12531334.0,3267.0,America/Los_Angeles,1990,8,7
1990-08-08,218,Very Unhealthy,Ozone,23,Los Angeles,California,34.1141,-118.4068,12531334.0,3267.0,America/Los_Angeles,1990,8,8
1990-08-09,237,Very Unhealthy,Ozone,23,Los Angeles,California,34.1141,-118.4068,12531334.0,3267.0,America/Los_Angeles,1990,8,9
1990-08-10,247,Very Unhealthy,Ozone,23,Los Angeles,California,34.1141,-118.4068,12531334.0,3267.0,America/Los_Angeles,1990,8,10
1990-08-11,272,Very Unhealthy,Ozone,23,Los Angeles,California,34.1141,-118.4068,12531334.0,3267.0,America/Los_Angeles,1990,8,11
1990-08-12,206,Very Unhealthy,Ozone,23,Los Angeles,California,34.1141,-118.4068,12531334.0,3267.0,America/Los_Angeles,1990,8,12
1990-08-13,156,Unhealthy,Ozone,23,Los Angeles,California,34.1141,-118.4068,12531334.0,3267.0,America/Los_Angeles,1990,8,13
1990-08-14,122,Unhealthy for Sensitive Groups,Ozone,23,Los Angeles,California,34.1141,-118.4068,12531334.0,3267.0,America/Los_Angeles,1990,8,14
1990-08-15,68,Moderate,NO2,23,Los Angeles,California,34.1141,-118.4068,12531334.0,3267.0,America/Los_Angeles,1990,8,15
1990-08-16,179,Unhealthy,Ozone,22,Los Angeles,California,34.1141,-118.4068,12531334.0,3267.0,America/Los_Angeles,1990,8,16
1990-08-17,221,Very Unhealthy,Ozone,22,Los Angeles,California,34.1141,-118.4068,12531334.0,3267.0,America/Los_Angeles,1990,8,17
1990-08-18,187,Unhealthy,Ozone,22,Los Angeles,California,34.1141,-118.4068,12531334.0,3267.0,America/Los_Angeles,1990,8,18
1990-08-19,71,Moderate,Ozone,22,Los Angeles,California,34.1141,-118.4068,12531334.0,3267.0,America/Los_Angeles,1990,8,19
1990-08-20,71,Moderate,Ozone,22,Los Angeles,California,34.1141,-118.4068,12531334.0,3267.0,America/Los_Angeles,1990,8,20
1990-08-21,147,Unhealthy for Sensitive Groups,Ozone,22,Los Angeles,California,34.1141,-118.4068,12531334.0,3267.0,America/Los_Angeles,1990,8,21
1990-08-22,161,Unhealthy,Ozone,22,Los Angeles,California,34.1141,-118.4068,12531334.0,3267.0,America/Los_Angeles,1990,8,22
1990-08-23,179,Unhealthy,Ozone,23,Los Angeles,California,34.1141,-118.4068,12531334.0,3267.0,America/Los_Angeles,1990,8,23
1990-08-24,58,Moderate,Ozone,23,Los Angeles,California,34.1141,-118.4068,12531334.0,3267.0,America/Los_Angeles,1990,8,24
1990-08-25,87,Moderate,Ozone,23,Los Angeles,California,34.1141,-118.4068,12531334.0,3267.0,America/Los_Angeles,1990,8,25
1990-08-26,115,Unhealthy for Sensitive Groups,Ozone,23,Los Angeles,California,34.1141,-118.4068,12531334.0,3267.0,America/Los_Angeles,1990,8,26
1990-08-27,164,Unhealthy,Ozone,23,Los Angeles,California,34.1141,-118.4068,12531334.0,3267.0,America/Los_Angeles,1990,8,27
1990-08-28,218,Very Unhealthy,Ozone,23,Los Angeles,California,34.1141,-118.4068,12531334.0,3267.0,America/Los_Angeles,1990,8,28
1990-08-29,216,Very Unhealthy,Ozone,23,Los Angeles,California,34.1141,-118.4068,12531334.0,3267.0,America/Los_Angeles,1990,8,29
1990-08-30,224,Very Unhealthy,Ozone,23,Los Angeles,California,34.1141,-118.4068,12531334.0,3267.0,America/Los_Angeles,1990,8,30
1990-08-31,206,Very Unhealthy,Ozone,23,Los Angeles,California,34.1141,-118.4068,12531334.0,3267.0,America/Los_Angeles,1990,8,31
1990-09-01,235,Very Unhealthy,Ozone,23,Los Angeles,California,34.1141,-118.4068,12531334.0,3267.0,America/Los_Angeles,1990,9,1
1990-09-02,253,Very Unhealthy,Ozone,23,Los Angeles,California,34.1141,-118.4068,12531334.0,3267.0,America/Los_Angeles,1990,9,2
1990-09-03,221,Very Unhealthy,Ozone,23,Los Angeles,California,34.1141,-118.4068,12531334.0,3267.0,America/Los_Angeles,1990,9,3
1990-09-04,200,Unhealthy,Ozone,23,Los Angeles,California,34.1141,-118.4068,12531334.0,3267.0,America/Los_Angeles,1990,9,4
1990-09-05,209,Very Unhealthy,Ozone,23,Los Angeles,California,34.1141,-118.4068,12531334.0,3267.0,America/Los_Angeles,1990,9,5
1990-09-06,195,Unhealthy,Ozone,23,Los Angeles,California,34.1141,-118.4068,12531334.0,3267.0,America/Los_Angeles,1990,9,6
1990-09-07,218,Very Unhealthy,Ozone,23,Los Angeles,California,34.1141,-118.4068,12531334.0,3267.0,America/Los_Angeles,1990,9,7
1990-09-08,268,Very Unhealthy,Ozone,22,Los Angeles,California,34.1141,-118.4068,12531334.0,3267.0,America/Los_Angeles,1990,9,8
1990-09-09,276,Very Unhealthy,Ozone,22,Los Angeles,California,34.1141,-118.4068,12531334.0,3267.0,America/Los_Angeles,1990,9,9
1990-09-10,212,Very Unhealthy,Ozone,23,Los Angeles,California,34.1141,-118.4068,12531334.0,3267.0,America/Los_Angeles,1990,9,10
1990-09-11,253,Very Unhealthy,Ozone,23,Los Angeles,California,34.1141,-118.4068,12531334.0,3267.0,America/Los_Angeles,1990,9,11
1990-09-12,239,Very Unhealthy,Ozone,23,Los Angeles,California,34.1141,-118.4068,12531334.0,3267.0,America/Los_Angeles,1990,9,12
1990-09-13,247,Very Unhealthy,Ozone,22,Los Angeles,California,34.1141,-118.4068,12531334.0,3267.0,America/Los_Angeles,1990,9,13
1990-09-14,235,Very Unhealthy,Ozone,22,Los Angeles,California,34.1141,-118.4068,12531334.0,3267.0,America/Los_Angeles,1990,9,14
1990-09-15,229,Very Unhealthy,Ozone,22,Los Angeles,California,34.1141,-118.4068,12531334.0,3267.0,America/Los_Angeles,1990,9,15
1990-09-16,182,Unhealthy,Ozone,22,Los Angeles,California,34.1141,-118.4068,12531334.0,3267.0,America/Los_Angeles,1990,9,16
1990-09-17,119,Unhealthy for Sensitive Groups,Ozone,22,Los Angeles,California,34.1141,-118.4068,12531334.0,3267.0,America/Los_Angeles,1990,9,17
1990-09-18,67,Moderate,Ozone,22,Los Angeles,California,34.1141,-118.4068,12531334.0,3267.0,America/Los_Angeles,1990,9,18
1990-09-19,77,Moderate,Ozone,23,Los Angeles,California,34.1141,-118.4068,12531334.0,3267.0,America/Los_Angeles,1990,9,19
1990-09-20,84,Moderate,Ozone,23,Los Angeles,California,34.1141,-118.4068,12531334.0,3267.0,America/Los_Angeles,1990,9,20
1990-09-21,57,Moderate,NO2,23,Los Angeles,California,34.1141,-118.4068,12531334.0,3267.0,America/Los_Angeles,1990,9,21
1990-09-22,90,Moderate,Ozone,23,Los Angeles,California,34.1141,-118.4068,12531334.0,3267.0,America/Los_Angeles,1990,9,22
1990-09-23,90,Moderate,Ozone,23,Los Angeles,California,34.1141,-118.4068,12531334.0,3267.0,America/Los_Angeles,1990,9,23
1990-09-24,112,Unhealthy for Sensitive Groups,Ozone,23,Los Angeles,California,34.1141,-118.4068,12531334.0,3267.0,America/Los_Angeles,1990,9,24
1990-09-25,122,Unhealthy for Sensitive Groups,Ozone,22,Los Angeles,California,34.1141,-118.4068,12531334.0,3267.0,America/Los_Angeles,1990,9,25
1990-09-26,161,Unhealthy,Ozone,23,Los Angeles,California,34.1141,-118.4068,12531334.0,3267.0,America/Los_Angeles,1990,9,26
1990-09-27,77,Moderate,Ozone,23,Los Angeles,California,34.1141,-118.4068,12531334.0,3267.0,America/Los_Angeles,1990,9,27
1990-09-28,90,Moderate,Ozone,23,Los Angeles,California,34.1141,-118.4068,12531334.0,3267.0,America/Los_Angeles,1990,9,28
1990-09-29,164,Unhealthy,Ozone,23,Los Angeles,California,34.1141,-118.4068,12531334.0,3267.0,America/Los_Angeles,1990,9,29
1990-09-30,166,Unhealthy,Ozone,23,Los Angeles,California,34.1141,-118.4068,12531334.0,3267.0,America/Los_Angeles,1990,9,30
1990-10-01,84,Moderate,Ozone,23,Los Angeles,California,34.1141,-118.4068,12531334.0,3267.0,America/Los_Angeles,1990,10,1
1990-10-02,68,Moderate,NO2,23,Los Angeles,California,34.1141,-118.4068,12531334.0,3267.0,America/Los_Angeles,1990,10,2
1990-10-03,190,Unhealthy,Ozone,23,Los Angeles,California,34.1141,-118.4068,12531334.0,3267.0,America/Los_Angeles,1990,10,3
1990-10-04,237,Very Unhealthy,Ozone,23,Los Angeles,California,34.1141,-118.4068,12531334.0,3267.0,America/Los_Angeles,1990,10,4
1990-10-05,140,Unhealthy for Sensitive Groups,Ozone,23,Los Angeles,California,34.1141,-118.4068,12531334.0,3267.0,America/Los_Angeles,1990,10,5
1990-10-06,68,Moderate,NO2,23,Los Angeles,California,34.1141,-118.4068,12531334.0,3267.0,America/Los_Angeles,1990,10,6
1990-10-07,84,Moderate,Ozone,23,Los Angeles,California,34.1141,-118.4068,12531334.0,3267.0,America/Los_Angeles,1990,10,7
1990-10-08,105,Unhealthy for Sensitive Groups,NO2,23,Los Angeles,California,34.1141,-118.4068,12531334.0,3267.0,America/Los_Angeles,1990,10,8
1990-10-09,106,Unhealthy for Sensitive Groups,NO2,23,Los Angeles,California,34.1141,-118.4068,12531334.0,3267.0,America/Los_Angeles,1990,10,9
1990-10-10,114,Unhealthy for Sensitive Groups,NO2,23,Los Angeles,California,34.1141,-118.4068,12531334.0,3267.0,America/Los_Angeles,1990,10,10
1990-10-11,166,Unhealthy,Ozone,23,Los Angeles,California,34.1141,-118.4068,12531334.0,3267.0,America/Los_Angeles,1990,10,11
1990-10-12,218,Very Unhealthy,Ozone,23,Los Angeles,California,34.1141,-118.4068,12531334.0,3267.0,America/Los_Angeles,1990,10,12
1990-10-13,224,Very Unhealthy,Ozone,23,Los Angeles,California,34.1141,-118.4068,12531334.0,3267.0,America/Los_Angeles,1990,10,13
1990-10-14,219,Very Unhealthy,Ozone,23,Los Angeles,California,34.1141,-118.4068,12531334.0,3267.0,America/Los_Angeles,1990,10,14
1990-10-15,177,Unhealthy,Ozone,23,Los Angeles,California,34.1141,-118.4068,12531334.0,3267.0,America/Los_Angeles,1990,10,15
1990-10-16,202,Very Unhealthy,Ozone,23,Los Angeles,California,34.1141,-118.4068,12531334.0,3267.0,America/Los_Angeles,1990,10,16
1990-10-17,166,Unhealthy,Ozone,23,Los Angeles,California,34.1141,-118.4068,12531334.0,3267.0,America/Los_Angeles,1990,10,17
1990-10-18,100,Moderate,NO2,23,Los Angeles,California,34.1141,-118.4068,12531334.0,3267.0,America/Los_Angeles,1990,10,18
1990-10-19,68,Moderate,NO2,23,Los Angeles,California,34.1141,-118.4068,12531334.0,3267.0,America/Los_Angeles,1990,10,19
1990-10-20,89,Moderate,NO2,23,Los Angeles,California,34.1141,-118.4068,12531334.0,3267.0,America/Los_Angeles,1990,10,20
1990-10-21,101,Unhealthy for Sensitive Groups,Ozone,23,Los Angeles,California,34.1141,-118.4068,12531334.0,3267.0,America/Los_Angeles,1990,10,21
1990-10-22,110,Unhealthy for Sensitive Groups,NO2,22,Los Angeles,California,34.1141,-118.4068,12531334.0,3267.0,America/Los_Angeles,1990,10,22
1990-10-23,174,Unhealthy,Ozone,23,Los Angeles,California,34.1141,-118.4068,12531334.0,3267.0,America/Los_Angeles,1990,10,23
1990-10-24,156,Unhealthy,CO,23,Los Angeles,California,34.1141,-118.4068,12531334.0,3267.0,America/Los_Angeles,1990,10,24
1990-10-25,161,Unhealthy,Ozone,23,Los Angeles,California,34.1141,-118.4068,12531334.0,3267.0,America/Los_Angeles,1990,10,25
1990-10-26,200,Unhealthy,Ozone,23,Los Angeles,California,34.1141,-118.4068,12531334.0,3267.0,America/Los_Angeles,1990,10,26
1990-10-27,244,Very Unhealthy,Ozone,23,Los Angeles,California,34.1141,-118.4068,12531334.0,3267.0,America/Los_Angeles,1990,10,27
1990-10-28,272,Very Unhealthy,Ozone,23,Los Angeles,California,34.1141,-118.4068,12531334.0,3267.0,America/Los_Angeles,1990,10,28
1990-10-29,217,Very Unhealthy,Ozone,23,Los Angeles,California,34.1141,-118.4068,12531334.0,3267.0,America/Los_Angeles,1990,10,29
1990-10-30,108,Unhealthy for Sensitive Groups,NO2,23,Los Angeles,California,34.1141,-118.4068,12531334.0,3267.0,America/Los_Angeles,1990,10,30
1990-10-31,89,Moderate,NO2,23,Los Angeles,California,34.1141,-118.4068,12531334.0,3267.0,America/Los_Angeles,1990,10,31
1990-11-01,194,Unhealthy,PM10,22,Los Angeles,California,34.1141,-118.4068,12531334.0,3267.0,America/Los_Angeles,1990,11,1
1990-11-02,79,Moderate,NO2,21,Los Angeles,California,34.1141,-118.4068,12531334.0,3267.0,America/Los_Angeles,1990,11,2
1990-11-03,85,Moderate,CO,21,Los Angeles,California,34.1141,-118.4068,12531334.0,3267.0,America/Los_Angeles,1990,11,3
1990-11-04,115,Unhealthy for Sensitive Groups,CO,21,Los Angeles,California,34.1141,-118.4068,12531334.0,3267.0,America/Los_Angeles,1990,11,4
1990-11-05,108,Unhealthy for Sensitive Groups,NO2,22,Los Angeles,California,34.1141,-118.4068,12531334.0,3267.0,America/Los_Angeles,1990,11,5
1990-11-06,68,Moderate,NO2,22,Los Angeles,California,34.1141,-118.4068,12531334.0,3267.0,America/Los_Angeles,1990,11,6
1990-11-07,80,Moderate,CO,22,Los Angeles,California,34.1141,-118.4068,12531334.0,3267.0,America/Los_Angeles,1990,11,7
1990-11-08,106,Unhealthy for Sensitive Groups,NO2,22,Los Angeles,California,34.1141,-118.4068,12531334.0,3267.0,America/Los_Angeles,1990,11,8
1990-11-09,156,Unhealthy,CO,22,Los Angeles,California,34.1141,-118.4068,12531334.0,3267.0,America/Los_Angeles,1990,11,9
1990-11-10,181,Unhealthy,CO,22,Los Angeles,California,34.1141,-118.4068,12531334.0,3267.0,America/Los_Angeles,1990,11,10
1990-11-11,108,Unhealthy for Sensitive Groups,NO2,22,Los Angeles,California,34.1141,-118.4068,12531334.0,3267.0,America/Los_Angeles,1990,11,11
1990-11-12,118,Unhealthy for Sensitive Groups,NO2,22,Los Angeles,California,34.1141,-118.4068,12531334.0,3267.0,America/Los_Angeles,1990,11,12
1990-11-13,145,Unhealthy for Sensitive Groups,CO,22,Los Angeles,California,34.1141,-118.4068,12531334.0,3267.0,America/Los_Angeles,1990,11,13
1990-11-14,129,Unhealthy for Sensitive Groups,NO2,21,Los Angeles,California,34.1141,-118.4068,12531334.0,3267.0,America/Los_Angeles,1990,11,14
1990-11-15,116,Unhealthy for Sensitive Groups,NO2,22,Los Angeles,California,34.1141,-118.4068,12531334.0,3267.0,America/Los_Angeles,1990,11,15
1990-11-16,126,Unhealthy for Sensitive Groups,CO,22,Los Angeles,California,34.1141,-118.4068,12531334.0,3267.0,America/Los_Angeles,1990,11,16
1990-11-17,79,Moderate,NO2,22,Los Angeles,California,34.1141,-118.4068,12531334.0,3267.0,America/Los_Angeles,1990,11,17
1990-11-18,111,Unhealthy for Sensitive Groups,CO,22,Los Angeles,California,34.1141,-118.4068,12531334.0,3267.0,America/Los_Angeles,1990,11,18
1990-11-19,79,Moderate,CO,20,Los Angeles,California,34.1141,-118.4068,12531334.0,3267.0,America/Los_Angeles,1990,11,19
1990-11-20,68,Moderate,NO2,21,Los Angeles,California,34.1141,-118.4068,12531334.0,3267.0,America/Los_Angeles,1990,11,20
1990-11-21,100,Moderate,NO2,21,Los Angeles,California,34.1141,-118.4068,12531334.0,3267.0,America/Los_Angeles,1990,11,21
1990-11-22,142,Unhealthy for Sensitive Groups,CO,21,Los Angeles,California,34.1141,-118.4068,12531334.0,3267.0,America/Los_Angeles,1990,11,22
1990-11-23,153,Unhealthy,CO,21,Los Angeles,California,34.1141,-118.4068,12531334.0,3267.0,America/Los_Angeles,1990,11,23
1990-11-24,150,Unhealthy for Sensitive Groups,CO,21,Los Angeles,California,34.1141,-118.4068,12531334.0,3267.0,America/Los_Angeles,1990,11,24
1990-11-25,89,Moderate,CO,21,Los Angeles,California,34.1141,-118.4068,12531334.0,3267.0,America/Los_Angeles,1990,11,25
1990-11-26,57,Moderate,NO2,21,Los Angeles,California,34.1141,-118.4068,12531334.0,3267.0,America/Los_Angeles,1990,11,26
1990-11-27,79,Moderate,NO2,21,Los Angeles,California,34.1141,-118.4068,12531334.0,3267.0,America/Los_Angeles,1990,11,27
1990-11-28,103,Unhealthy for Sensitive Groups,NO2,22,Los Angeles,California,34.1141,-118.4068,12531334.0,3267.0,America/Los_Angeles,1990,11,28
1990-11-29,105,Unhealthy for Sensitive Groups,NO2,22,Los Angeles,California,34.1141,-118.4068,12531334.0,3267.0,America/Los_Angeles,1990,11,29
1990-11-30,158,Unhealthy,CO,21,Los Angeles,California,34.1141,-118.4068,12531334.0,3267.0,America/Los_Angeles,1990,11,30
1990-12-01,203,Very Unhealthy,CO,21,Los Angeles,California,34.1141,-118.4068,12531334.0,3267.0,America/Los_Angeles,1990,12,1
1990-12-02,121,Unhealthy for Sensitive Groups,CO,21,Los Angeles,California,34.1141,-118.4068,12531334.0,3267.0,America/Los_Angeles,1990,12,2
1990-12-03,108,Unhealthy for Sensitive Groups,NO2,21,Los Angeles,California,34.1141,-118.4068,12531334.0,3267.0,America/Los_Angeles,1990,12,3
1990-12-04,108,Unhealthy for Sensitive Groups,NO2,21,Los Angeles,California,34.1141,-118.4068,12531334.0,3267.0,America/Los_Angeles,1990,12,4
1990-12-05,190,Unhealthy,CO,21,Los Angeles,California,34.1141,-118.4068,12531334.0,3267.0,America/Los_Angeles,1990,12,5
1990-12-06,210,Very Unhealthy,CO,22,Los Angeles,California,34.1141,-118.4068,12531334.0,3267.0,America/Los_Angeles,1990,12,6
1990-12-07,114,Unhealthy for Sensitive Groups,NO2,22,Los Angeles,California,34.1141,-118.4068,12531334.0,3267.0,America/Los_Angeles,1990,12,7
1990-12-08,116,Unhealthy for Sensitive Groups,CO,22,Los Angeles,California,34.1141,-118.4068,12531334.0,3267.0,America/Los_Angeles,1990,12,8
1990-12-09,116,Unhealthy for Sensitive Groups,CO,22,Los Angeles,California,34.1141,-118.4068,12531334.0,3267.0,America/Los_Angeles,1990,12,9
1990-12-10,142,Unhealthy for Sensitive Groups,CO,22,Los Angeles,California,34.1141,-118.4068,12531334.0,3267.0,America/Los_Angeles,1990,12,10
1990-12-11,151,Unhealthy,CO,22,Los Angeles,California,34.1141,-118.4068,12531334.0,3267.0,America/Los_Angeles,1990,12,11
1990-12-12,89,Moderate,NO2,22,Los Angeles,California,34.1141,-118.4068,12531334.0,3267.0,America/Los_Angeles,1990,12,12
1990-12-13,92,Moderate,CO,22,Los Angeles,California,34.1141,-118.4068,12531334.0,3267.0,America/Los_Angeles,1990,12,13
1990-12-14,116,Unhealthy for Sensitive Groups,CO,22,Los Angeles,California,34.1141,-118.4068,12531334.0,3267.0,America/Los_Angeles,1990,12,14
1990-12-15,156,Unhealthy,CO,22,Los Angeles,California,34.1141,-118.4068,12531334.0,3267.0,America/Los_Angeles,1990,12,15
1990-12-16,100,Moderate,CO,22,Los Angeles,California,34.1141,-118.4068,12531334.0,3267.0,America/Los_Angeles,1990,12,16
1990-12-17,89,Moderate,NO2,22,Los Angeles,California,34.1141,-118.4068,12531334.0,3267.0,America/Los_Angeles,1990,12,17
1990-12-18,100,Moderate,NO2,22,Los Angeles,California,34.1141,-118.4068,12531334.0,3267.0,America/Los_Angeles,1990,12,18
1990-12-19,87,Moderate,CO,22,Los Angeles,California,34.1141,-118.4068,12531334.0,3267.0,America/Los_Angeles,1990,12,19
1990-12-20,57,Moderate,NO2,21,Los Angeles,California,34.1141,-118.4068,12531334.0,3267.0,America/Los_Angeles,1990,12,20
1990-12-21,72,Moderate,CO,21,Los Angeles,California,34.1141,-118.4068,12531334.0,3267.0,America/Los_Angeles,1990,12,21
1990-12-22,74,Moderate,CO,21,Los Angeles,California,34.1141,-118.4068,12531334.0,3267.0,America/Los_Angeles,1990,12,22
1990-12-23,89,Moderate,NO2,21,Los Angeles,California,34.1141,-118.4068,12531334.0,3267.0,America/Los_Angeles,1990,12,23
1990-12-24,68,Moderate,NO2,21,Los Angeles,California,34.1141,-118.4068,12531334.0,3267.0,America/Los_Angeles,1990,12,24
1990-12-25,104,Unhealthy for Sensitive Groups,CO,22,Los Angeles,California,34.1141,-118.4068,12531334.0,3267.0,America/Los_Angeles,1990,12,25
1990-12-26,105,Unhealthy for Sensitive Groups,NO2,22,Los Angeles,California,34.1141,-118.4068,12531334.0,3267.0,America/Los_Angeles,1990,12,26
1990-12-27,90,Moderate,CO,22,Los Angeles,California,34.1141,-118.4068,12531334.0,3267.0,America/Los_Angeles,1990,12,27
1990-12-28,104,Unhealthy for Sensitive Groups,CO,22,Los Angeles,California,34.1141,-118.4068,12531334.0,3267.0,America/Los_Angeles,1990,12,28
1990-12-29,81,Moderate,CO,22,Los Angeles,California,34.1141,-118.4068,12531334.0,3267.0,America/Los_Angeles,1990,12,29
1990-12-30,100,Moderate,CO,22,Los Angeles,California,34.1141,-118.4068,12531334.0,3267.0,America/Los_Angeles,1990,12,30
1990-12-31,100,Moderate,NO2,22,Los Angeles,California,34.1141,-118.4068,12531334.0,3267.0,America/Los_Angeles,1990,12,31
1991-01-01,105,Unhealthy for Sensitive Groups,NO2,22,Los Angeles,California,34.1141,-118.4068,12531334.0,3267.0,America/Los_Angeles,1991,1,1
1991-01-02,110,Unhealthy for Sensitive Groups,NO2,22,Los Angeles,California,34.1141,-118.4068,12531334.0,3267.0,America/Los_Angeles,1991,1,2
1991-01-03,105,Unhealthy for Sensitive Groups,NO2,22,Los Angeles,California,34.1141,-118.4068,12531334.0,3267.0,America/Los_Angeles,1991,1,3
1991-01-04,66,Moderate,CO,22,Los Angeles,California,34.1141,-118.4068,12531334.0,3267.0,America/Los_Angeles,1991,1,4
1991-01-05,68,Moderate,NO2,22,Los Angeles,California,34.1141,-118.4068,12531334.0,3267.0,America/Los_Angeles,1991,1,5
1991-01-06,60,Moderate,CO,22,Los Angeles,California,34.1141,-118.4068,12531334.0,3267.0,America/Los_Angeles,1991,1,6
1991-01-07,79,Moderate,NO2,22,Los Angeles,California,34.1141,-118.4068,12531334.0,3267.0,America/Los_Angeles,1991,1,7
1991-01-08,105,Unhealthy for Sensitive Groups,NO2,22,Los Angeles,California,34.1141,-118.4068,12531334.0,3267.0,America/Los_Angeles,1991,1,8
1991-01-09,100,Moderate,CO,22,Los Angeles,California,34.1141,-118.4068,12531334.0,3267.0,America/Los_Angeles,1991,1,9
1991-01-10,111,Unhealthy for Sensitive Groups,CO,22,Los Angeles,California,34.1141,-118.4068,12531334.0,3267.0,America/Los_Angeles,1991,1,10
1991-01-11,112,Unhealthy for Sensitive Groups,NO2,22,Los Angeles,California,34.1141,-118.4068,12531334.0,3267.0,America/Los_Angeles,1991,1,11
1991-01-12,135,Unhealthy for Sensitive Groups,CO,22,Los Angeles,California,34.1141,-118.4068,12531334.0,3267.0,America/Los_Angeles,1991,1,12
1991-01-13,143,Unhealthy for Sensitive Groups,CO,22,Los Angeles,California,34.1141,-118.4068,12531334.0,3267.0,America/Los_Angeles,1991,1,13
1991-01-14,110,Unhealthy for Sensitive Groups,NO2,22,Los Angeles,California,34.1141,-118.4068,12531334.0,3267.0,America/Los_Angeles,1991,1,14
1991-01-15,116,Unhealthy for Sensitive Groups,CO,22,Los Angeles,California,34.1141,-118.4068,12531334.0,3267.0,America/Los_Angeles,1991,1,15
1991-01-16,68,Moderate,NO2,22,Los Angeles,California,34.1141,-118.4068,12531334.0,3267.0,America/Los_Angeles,1991,1,16
1991-01-17,100,Moderate,NO2,20,Los Angeles,California,34.1141,-118.4068,12531334.0,3267.0,America/Los_Angeles,1991,1,17
1991-01-18,121,Unhealthy for Sensitive Groups,CO,22,Los Angeles,California,34.1141,-118.4068,12531334.0,3267.0,America/Los_Angeles,1991,1,18
1991-01-19,100,Moderate,NO2,22,Los Angeles,California,34.1141,-118.4068,12531334.0,3267.0,America/Los_Angeles,1991,1,19
1991-01-20,100,Moderate,NO2,22,Los Angeles,California,34.1141,-118.4068,12531334.0,3267.0,America/Los_Angeles,1991,1,20
1991-01-21,68,Moderate,NO2,22,Los Angeles,California,34.1141,-118.4068,12531334.0,3267.0,America/Los_Angeles,1991,1,21
1991-01-22,145,Unhealthy for Sensitive Groups,CO,22,Los Angeles,California,34.1141,-118.4068,12531334.0,3267.0,America/Los_Angeles,1991,1,22
1991-01-23,105,Unhealthy for Sensitive Groups,NO2,22,Los Angeles,California,34.1141,-118.4068,12531334.0,3267.0,America/Los_Angeles,1991,1,23
1991-01-24,103,Unhealthy for Sensitive Groups,NO2,22,Los Angeles,California,34.1141,-118.4068,12531334.0,3267.0,America/Los_Angeles,1991,1,24
1991-01-25,106,Unhealthy for Sensitive Groups,NO2,22,Los Angeles,California,34.1141,-118.4068,12531334.0,3267.0,America/Los_Angeles,1991,1,25
1991-01-26,100,Moderate,NO2,22,Los Angeles,California,34.1141,-118.4068,12531334.0,3267.0,America/Los_Angeles,1991,1,26
1991-01-27,79,Moderate,NO2,21,Los Angeles,California,34.1141,-118.4068,12531334.0,3267.0,America/Los_Angeles,1991,1,27
1991-01-28,100,Moderate,NO2,21,Los Angeles,California,34.1141,-118.4068,12531334.0,3267.0,America/Los_Angeles,1991,1,28
1991-01-29,89,Moderate,NO2,21,Los Angeles,California,34.1141,-118.4068,12531334.0,3267.0,America/Los_Angeles,1991,1,29
1991-01-30,105,Unhealthy for Sensitive Groups,NO2,22,Los Angeles,California,34.1141,-118.4068,12531334.0,3267.0,America/Los_Angeles,1991,1,30
1991-01-31,108,Unhealthy for Sensitive Groups,NO2,22,Los Angeles,California,34.1141,-118.4068,12531334.0,3267.0,America/Los_Angeles,1991,1,31
1991-02-01,108,Unhealthy for Sensitive Groups,NO2,22,Los Angeles,California,34.1141,-118.4068,12531334.0,3267.0,America/Los_Angeles,1991,2,1
1991-02-02,120,Unhealthy for Sensitive Groups,CO,22,Los Angeles,California,34.1141,-118.4068,12531334.0,3267.0,America/Los_Angeles,1991,2,2
1991-02-03,110,Unhealthy for Sensitive Groups,NO2,22,Los Angeles,California,34.1141,-118.4068,12531334.0,3267.0,America/Los_Angeles,1991,2,3
1991-02-04,122,Unhealthy for Sensitive Groups,NO2,22,Los Angeles,California,34.1141,-118.4068,12531334.0,3267.0,America/Los_Angeles,1991,2,4
1991-02-05,124,Unhealthy for Sensitive Groups,NO2,22,Los Angeles,California,34.1141,-118.4068,12531334.0,3267.0,America/Los_Angeles,1991,2,5
1991-02-06,106,Unhealthy for Sensitive Groups,NO2,22,Los Angeles,California,34.1141,-118.4068,12531334.0,3267.0,America/Los_Angeles,1991,2,6
1991-02-07,114,Unhealthy for Sensitive Groups,NO2,22,Los Angeles,California,34.1141,-118.4068,12531334.0,3267.0,America/Los_Angeles,1991,2,7
1991-02-08,135,Unhealthy for Sensitive Groups,NO2,22,Los Angeles,California,34.1141,-118.4068,12531334.0,3267.0,America/Los_Angeles,1991,2,8
1991-02-09,108,Unhealthy for Sensitive Groups,NO2,22,Los Angeles,California,34.1141,-118.4068,12531334.0,3267.0,America/Los_Angeles,1991,2,9
1991-02-10,131,Unhealthy for Sensitive Groups,CO,22,Los Angeles,California,34.1141,-118.4068,12531334.0,3267.0,America/Los_Angeles,1991,2,10
1991-02-11,112,Unhealthy for Sensitive Groups,NO2,22,Los Angeles,California,34.1141,-118.4068,12531334.0,3267.0,America/Los_Angeles,1991,2,11
1991-02-12,105,Unhealthy for Sensitive Groups,NO2,22,Los Angeles,California,34.1141,-118.4068,12531334.0,3267.0,America/Los_Angeles,1991,2,12
1991-02-13,116,Unhealthy for Sensitive Groups,NO2,22,Los Angeles,California,34.1141,-118.4068,12531334.0,3267.0,America/Los_Angeles,1991,2,13
1991-02-14,133,Unhealthy for Sensitive Groups,CO,22,Los Angeles,California,34.1141,-118.4068,12531334.0,3267.0,America/Los_Angeles,1991,2,14
1991-02-15,118,Unhealthy for Sensitive Groups,NO2,22,Los Angeles,California,34.1141,-118.4068,12531334.0,3267.0,America/Los_Angeles,1991,2,15
1991-02-16,68,Moderate,NO2,22,Los Angeles,California,34.1141,-118.4068,12531334.0,3267.0,America/Los_Angeles,1991,2,16
1991-02-17,676,Hazardous,PM10,22,Los Angeles,California,34.1141,-118.4068,12531334.0,3267.0,America/Los_Angeles,1991,2,17
1991-02-18,100,Moderate,NO2,22,Los Angeles,California,34.1141,-118.4068,12531334.0,3267.0,America/Los_Angeles,1991,2,18
1991-02-19,100,Moderate,NO2,22,Los Angeles,California,34.1141,-118.4068,12531334.0,3267.0,America/Los_Angeles,1991,2,19
1991-02-20,114,Unhealthy for Sensitive Groups,NO2,22,Los Angeles,California,34.1141,-118.4068,12531334.0,3267.0,America/Los_Angeles,1991,2,20
1991-02-21,124,Unhealthy for Sensitive Groups,NO2,22,Los Angeles,California,34.1141,-118.4068,12531334.0,3267.0,America/Los_Angeles,1991,2,21
1991-02-22,114,Unhealthy for Sensitive Groups,NO2,22,Los Angeles,California,34.1141,-118.4068,12531334.0,3267.0,America/Los_Angeles,1991,2,22
1991-02-23,106,Unhealthy for Sensitive Groups,NO2,22,Los Angeles,California,34.1141,-118.4068,12531334.0,3267.0,America/Los_Angeles,1991,2,23
1991-02-24,84,Moderate,Ozone,22,Los Angeles,California,34.1141,-118.4068,12531334.0,3267.0,America/Los_Angeles,1991,2,24
1991-02-25,116,Unhealthy for Sensitive Groups,NO2,22,Los Angeles,California,34.1141,-118.4068,12531334.0,3267.0,America/Los_Angeles,1991,2,25
1991-02-26,100,Moderate,NO2,22,Los Angeles,California,34.1141,-118.4068,12531334.0,3267.0,America/Los_Angeles,1991,2,26
1991-02-27,57,Moderate,NO2,22,Los Angeles,California,34.1141,-118.4068,12531334.0,3267.0,America/Los_Angeles,1991,2,27
1991-02-28,57,Moderate,NO2,22,Los Angeles,California,34.1141,-118.4068,12531334.0,3267.0,America/Los_Angeles,1991,2,28
1991-03-01,57,Moderate,NO2,22,Los Angeles,California,34.1141,-118.4068,12531334.0,3267.0,America/Los_Angeles,1991,3,1
1991-03-02,47,Good,NO2,22,Los Angeles,California,34.1141,-118.4068,12531334.0,3267.0,America/Los_Angeles,1991,3,2
1991-03-03,68,Moderate,NO2,22,Los Angeles,California,34.1141,-118.4068,12531334.0,3267.0,America/Los_Angeles,1991,3,3
1991-03-04,112,Unhealthy for Sensitive Groups,NO2,22,Los Angeles,California,34.1141,-118.4068,12531334.0,3267.0,America/Los_Angeles,1991,3,4
1991-03-05,57,Moderate,NO2,22,Los Angeles,California,34.1141,-118.4068,12531334.0,3267.0,America/Los_Angeles,1991,3,5
1991-03-06,68,Moderate,NO2,22,Los Angeles,California,34.1141,-118.4068,12531334.0,3267.0,America/Los_Angeles,1991,3,6
1991-03-07,89,Moderate,NO2,22,Los Angeles,California,34.1141,-118.4068,12531334.0,3267.0,America/Los_Angeles,1991,3,7
1991-03-08,100,Moderate,NO2,22,Los Angeles,California,34.1141,-118.4068,12531334.0,3267.0,America/Los_Angeles,1991,3,8
1991-03-09,100,Moderate,NO2,22,Los Angeles,California,34.1141,-118.4068,12531334.0,3267.0,America/Los_Angeles,1991,3,9
1991-03-10,77,Moderate,Ozone,22,Los Angeles,California,34.1141,-118.4068,12531334.0,3267.0,America/Los_Angeles,1991,3,10
1991-03-11,57,Moderate,NO2,22,Los Angeles,California,34.1141,-118.4068,12531334.0,3267.0,America/Los_Angeles,1991,3,11
1991-03-12,89,Moderate,NO2,22,Los Angeles,California,34.1141,-118.4068,12531334.0,3267.0,America/Los_Angeles,1991,3,12
1991-03-13,68,Moderate,NO2,22,Los Angeles,California,34.1141,-118.4068,12531334.0,3267.0,America/Los_Angeles,1991,3,13
1991-03-14,47,Good,NO2,22,Los Angeles,California,34.1141,-118.4068,12531334.0,3267.0,America/Los_Angeles,1991,3,14
1991-03-15,57,Moderate,NO2,22,Los Angeles,California,34.1141,-118.4068,12531334.0,3267.0,America/Los_Angeles,1991,3,15
1991-03-16,68,Moderate,NO2,22,Los Angeles,California,34.1141,-118.4068,12531334.0,3267.0,America/Los_Angeles,1991,3,16
1991-03-17,68,Moderate,NO2,22,Los Angeles,California,34.1141,-118.4068,12531334.0,3267.0,America/Los_Angeles,1991,3,17
1991-03-18,68,Moderate,NO2,20,Los Angeles,California,34.1141,-118.4068,12531334.0,3267.0,America/Los_Angeles,1991,3,18
1991-03-19,47,Good,NO2,22,Los Angeles,California,34.1141,-118.4068,12531334.0,3267.0,America/Los_Angeles,1991,3,19
1991-03-20,47,Good,NO2,22,Los Angeles,California,34.1141,-118.4068,12531334.0,3267.0,America/Los_Angeles,1991,3,20
1991-03-21,68,Moderate,NO2,22,Los Angeles,California,34.1141,-118.4068,12531334.0,3267.0,America/Los_Angeles,1991,3,21
1991-03-22,57,Moderate,NO2,22,Los Angeles,California,34.1141,-118.4068,12531334.0,3267.0,America/Los_Angeles,1991,3,22
1991-03-23,57,Moderate,NO2,22,Los Angeles,California,34.1141,-118.4068,12531334.0,3267.0,America/Los_Angeles,1991,3,23
1991-03-24,68,Moderate,NO2,22,Los Angeles,California,34.1141,-118.4068,12531334.0,3267.0,America/Los_Angeles,1991,3,24
1991-03-25,57,Moderate,NO2,22,Los Angeles,California,34.1141,-118.4068,12531334.0,3267.0,America/Los_Angeles,1991,3,25
1991-03-26,47,Good,NO2,22,Los Angeles,California,34.1141,-118.4068,12531334.0,3267.0,America/Los_Angeles,1991,3,26
1991-03-27,89,Moderate,NO2,22,Los Angeles,California,34.1141,-118.4068,12531334.0,3267.0,America/Los_Angeles,1991,3,27
1991-03-28,100,Moderate,NO2,22,Los Angeles,California,34.1141,-118.4068,12531334.0,3267.0,America/Los_Angeles,1991,3,28
1991-03-29,90,Moderate,Ozone,22,Los Angeles,California,34.1141,-118.4068,12531334.0,3267.0,America/Los_Angeles,1991,3,29
1991-03-30,126,Unhealthy for Sensitive Groups,Ozone,22,Los Angeles,California,34.1141,-118.4068,12531334.0,3267.0,America/Los_Angeles,1991,3,30
1991-03-31,93,Moderate,Ozone,22,Los Angeles,California,34.1141,-118.4068,12531334.0,3267.0,America/Los_Angeles,1991,3,31
1991-04-01,47,Good,NO2,22,Los Angeles,California,34.1141,-118.4068,12531334.0,3267.0,America/Los_Angeles,1991,4,1
1991-04-02,89,Moderate,NO2,22,Los Angeles,California,34.1141,-118.4068,12531334.0,3267.0,America/Los_Angeles,1991,4,2
1991-04-03,126,Unhealthy for Sensitive Groups,Ozone,22,Los Angeles,California,34.1141,-118.4068,12531334.0,3267.0,America/Los_Angeles,1991,4,3
1991-04-04,192,Unhealthy,Ozone,22,Los Angeles,California,34.1141,-118.4068,12531334.0,3267.0,America/Los_Angeles,1991,4,4
1991-04-05,253,Very Unhealthy,Ozone,22,Los Angeles,California,34.1141,-118.4068,12531334.0,3267.0,America/Los_Angeles,1991,4,5
1991-04-06,206,Very Unhealthy,Ozone,22,Los Angeles,California,34.1141,-118.4068,12531334.0,3267.0,America/Los_Angeles,1991,4,6
1991-04-07,100,Moderate,Ozone,22,Los Angeles,California,34.1141,-118.4068,12531334.0,3267.0,America/Los_Angeles,1991,4,7
1991-04-08,150,Unhealthy for Sensitive Groups,Ozone,22,Los Angeles,California,34.1141,-118.4068,12531334.0,3267.0,America/Los_Angeles,1991,4,8
1991-04-09,143,Unhealthy for Sensitive Groups,Ozone,22,Los Angeles,California,34.1141,-118.4068,12531334.0,3267.0,America/Los_Angeles,1991,4,9
1991-04-10,89,Moderate,NO2,22,Los Angeles,California,34.1141,-118.4068,12531334.0,3267.0,America/Los_Angeles,1991,4,10
1991-04-11,68,Moderate,NO2,22,Los Angeles,California,34.1141,-118.4068,12531334.0,3267.0,America/Los_Angeles,1991,4,11
1991-04-12,79,Moderate,NO2,22,Los Angeles,California,34.1141,-118.4068,12531334.0,3267.0,America/Los_Angeles,1991,4,12
1991-04-13,87,Moderate,Ozone,22,Los Angeles,California,34.1141,-118.4068,12531334.0,3267.0,America/Los_Angeles,1991,4,13
1991-04-14,156,Unhealthy,Ozone,22,Los Angeles,California,34.1141,-118.4068,12531334.0,3267.0,America/Los_Angeles,1991,4,14
1991-04-15,68,Moderate,NO2,22,Los Angeles,California,34.1141,-118.4068,12531334.0,3267.0,America/Los_Angeles,1991,4,15
1991-04-16,47,Good,NO2,22,Los Angeles,California,34.1141,-118.4068,12531334.0,3267.0,America/Los_Angeles,1991,4,16
1991-04-17,71,Moderate,Ozone,22,Los Angeles,California,34.1141,-118.4068,12531334.0,3267.0,America/Los_Angeles,1991,4,17
1991-04-18,93,Moderate,Ozone,22,Los Angeles,California,34.1141,-118.4068,12531334.0,3267.0,America/Los_Angeles,1991,4,18
1991-04-19,93,Moderate,Ozone,22,Los Angeles,California,34.1141,-118.4068,12531334.0,3267.0,America/Los_Angeles,1991,4,19
1991-04-20,57,Moderate,NO2,22,Los Angeles,California,34.1141,-118.4068,12531334.0,3267.0,America/Los_Angeles,1991,4,20
1991-04-21,79,Moderate,NO2,22,Los Angeles,California,34.1141,-118.4068,12531334.0,3267.0,America/Los_Angeles,1991,4,21
1991-04-22,57,Moderate,NO2,22,Los Angeles,California,34.1141,-118.4068,12531334.0,3267.0,America/Los_Angeles,1991,4,22
1991-04-23,57,Moderate,NO2,22,Los Angeles,California,34.1141,-118.4068,12531334.0,3267.0,America/Los_Angeles,1991,4,23
1991-04-24,47,Good,NO2,22,Los Angeles,California,34.1141,-118.4068,12531334.0,3267.0,America/Los_Angeles,1991,4,24
1991-04-25,57,Moderate,NO2,22,Los Angeles,California,34.1141,-118.4068,12531334.0,3267.0,America/Los_Angeles,1991,4,25
1991-04-26,68,Moderate,NO2,22,Los Angeles,California,34.1141,-118.4068,12531334.0,3267.0,America/Los_Angeles,1991,4,26
1991-04-27,77,Moderate,Ozone,22,Los Angeles,California,34.1141,-118.4068,12531334.0,3267.0,America/Los_Angeles,1991,4,27
1991-04-28,93,Moderate,Ozone,22,Los Angeles,California,34.1141,-118.4068,12531334.0,3267.0,America/Los_Angeles,1991,4,28
1991-04-29,140,Unhealthy for Sensitive Groups,Ozone,22,Los Angeles,California,34.1141,-118.4068,12531334.0,3267.0,America/Los_Angeles,1991,4,29
1991-04-30,151,Unhealthy,Ozone,22,Los Angeles,California,34.1141,-118.4068,12531334.0,3267.0,America/Los_Angeles,1991,4,30
1991-05-01,57,Moderate,NO2,22,Los Angeles,California,34.1141,-118.4068,12531334.0,3267.0,America/Los_Angeles,1991,5,1
1991-05-02,57,Moderate,NO2,22,Los Angeles,California,34.1141,-118.4068,12531334.0,3267.0,America/Los_Angeles,1991,5,2
1991-05-03,57,Moderate,NO2,22,Los Angeles,California,34.1141,-118.4068,12531334.0,3267.0,America/Los_Angeles,1991,5,3
1991-05-04,122,Unhealthy for Sensitive Groups,Ozone,22,Los Angeles,California,34.1141,-118.4068,12531334.0,3267.0,America/Los_Angeles,1991,5,4
1991-05-05,164,Unhealthy,Ozone,22,Los Angeles,California,34.1141,-118.4068,12531334.0,3267.0,America/Los_Angeles,1991,5,5
1991-05-06,161,Unhealthy,Ozone,20,Los Angeles,California,34.1141,-118.4068,12531334.0,3267.0,America/Los_Angeles,1991,5,6
1991-05-07,224,Very Unhealthy,Ozone,22,Los Angeles,California,34.1141,-118.4068,12531334.0,3267.0,America/Los_Angeles,1991,5,7
1991-05-08,174,Unhealthy,Ozone,22,Los Angeles,California,34.1141,-118.4068,12531334.0,3267.0,America/Los_Angeles,1991,5,8
1991-05-09,47,Good,NO2,22,Los Angeles,California,34.1141,-118.4068,12531334.0,3267.0,America/Los_Angeles,1991,5,9
1991-05-10,68,Moderate,NO2,22,Los Angeles,California,34.1141,-118.4068,12531334.0,3267.0,America/Los_Angeles,1991,5,10
1991-05-11,84,Moderate,Ozone,22,Los Angeles,California,34.1141,-118.4068,12531334.0,3267.0,America/Los_Angeles,1991,5,11
1991-05-12,164,Unhealthy,Ozone,22,Los Angeles,California,34.1141,-118.4068,12531334.0,3267.0,America/Los_Angeles,1991,5,12
1991-05-13,93,Moderate,Ozone,22,Los Angeles,California,34.1141,-118.4068,12531334.0,3267.0,America/Los_Angeles,1991,5,13
1991-05-14,71,Moderate,Ozone,22,Los Angeles,California,34.1141,-118.4068,12531334.0,3267.0,America/Los_Angeles,1991,5,14
1991-05-15,187,Unhealthy,Ozone,22,Los Angeles,California,34.1141,-118.4068,12531334.0,3267.0,America/Los_Angeles,1991,5,15
1991-05-16,161,Unhealthy,Ozone,22,Los Angeles,California,34.1141,-118.4068,12531334.0,3267.0,America/Los_Angeles,1991,5,16
1991-05-17,61,Moderate,Ozone,22,Los Angeles,California,34.1141,-118.4068,12531334.0,3267.0,America/Los_Angeles,1991,5,17
1991-05-18,87,Moderate,Ozone,22,Los Angeles,California,34.1141,-118.4068,12531334.0,3267.0,America/Los_Angeles,1991,5,18
1991-05-19,84,Moderate,Ozone,22,Los Angeles,California,34.1141,-118.4068,12531334.0,3267.0,America/Los_Angeles,1991,5,19
1991-05-20,87,Moderate,Ozone,22,Los Angeles,California,34.1141,-118.4068,12531334.0,3267.0,America/Los_Angeles,1991,5,20
1991-05-21,57,Moderate,NO2,22,Los Angeles,California,34.1141,-118.4068,12531334.0,3267.0,America/Los_Angeles,1991,5,21
1991-05-22,87,Moderate,Ozone,22,Los Angeles,California,34.1141,-118.4068,12531334.0,3267.0,America/Los_Angeles,1991,5,22
1991-05-23,212,Very Unhealthy,Ozone,20,Los Angeles,California,34.1141,-118.4068,12531334.0,3267.0,America/Los_Angeles,1991,5,23
1991-05-24,237,Very Unhealthy,Ozone,20,Los Angeles,California,34.1141,-118.4068,12531334.0,3267.0,America/Los_Angeles,1991,5,24
1991-05-25,233,Very Unhealthy,Ozone,20,Los Angeles,California,34.1141,-118.4068,12531334.0,3267.0,America/Los_Angeles,1991,5,25
1991-05-26,150,Unhealthy for Sensitive Groups,Ozone,20,Los Angeles,California,34.1141,-118.4068,12531334.0,3267.0,America/Los_Angeles,1991,5,26
1991-05-27,61,Moderate,Ozone,20,Los Angeles,California,34.1141,-118.4068,12531334.0,3267.0,America/Los_Angeles,1991,5,27
1991-05-28,115,Unhealthy for Sensitive Groups,Ozone,20,Los Angeles,California,34.1141,-118.4068,12531334.0,3267.0,America/Los_Angeles,1991,5,28
1991-05-29,154,Unhealthy,Ozone,22,Los Angeles,California,34.1141,-118.4068,12531334.0,3267.0,America/Los_Angeles,1991,5,29
1991-05-30,57,Moderate,NO2,22,Los Angeles,California,34.1141,-118.4068,12531334.0,3267.0,America/Los_Angeles,1991,5,30
1991-05-31,57,Moderate,NO2,22,Los Angeles,California,34.1141,-118.4068,12531334.0,3267.0,America/Los_Angeles,1991,5,31
1991-06-01,108,Unhealthy for Sensitive Groups,Ozone,22,Los Angeles,California,34.1141,-118.4068,12531334.0,3267.0,America/Los_Angeles,1991,6,1
1991-06-02,164,Unhealthy,Ozone,22,Los Angeles,California,34.1141,-118.4068,12531334.0,3267.0,America/Los_Angeles,1991,6,2
1991-06-03,156,Unhealthy,Ozone,22,Los Angeles,California,34.1141,-118.4068,12531334.0,3267.0,America/Los_Angeles,1991,6,3
1991-06-04,150,Unhealthy for Sensitive Groups,Ozone,22,Los Angeles,California,34.1141,-118.4068,12531334.0,3267.0,America/Los_Angeles,1991,6,4
1991-06-05,90,Moderate,Ozone,22,Los Angeles,California,34.1141,-118.4068,12531334.0,3267.0,America/Los_Angeles,1991,6,5
1991-06-06,187,Unhealthy,Ozone,22,Los Angeles,California,34.1141,-118.4068,12531334.0,3267.0,America/Los_Angeles,1991,6,6
1991-06-07,221,Very Unhealthy,Ozone,22,Los Angeles,California,34.1141,-118.4068,12531334.0,3267.0,America/Los_Angeles,1991,6,7
1991-06-08,234,Very Unhealthy,Ozone,22,Los Angeles,California,34.1141,-118.4068,12531334.0,3267.0,America/Los_Angeles,1991,6,8
1991-06-09,229,Very Unhealthy,Ozone,22,Los Angeles,California,34.1141,-118.4068,12531334.0,3267.0,America/Los_Angeles,1991,6,9
1991-06-10,226,Very Unhealthy,Ozone,22,Los Angeles,California,34.1141,-118.4068,12531334.0,3267.0,America/Los_Angeles,1991,6,10
1991-06-11,221,Very Unhealthy,Ozone,22,Los Angeles,California,34.1141,-118.4068,12531334.0,3267.0,America/Los_Angeles,1991,6,11
1991-06-12,190,Unhealthy,Ozone,22,Los Angeles,California,34.1141,-118.4068,12531334.0,3267.0,America/Los_Angeles,1991,6,12
1991-06-13,122,Unhealthy for Sensitive Groups,Ozone,22,Los Angeles,California,34.1141,-118.4068,12531334.0,3267.0,America/Los_Angeles,1991,6,13
1991-06-14,119,Unhealthy for Sensitive Groups,Ozone,22,Los Angeles,California,34.1141,-118.4068,12531334.0,3267.0,America/Los_Angeles,1991,6,14
1991-06-15,164,Unhealthy,Ozone,22,Los Angeles,California,34.1141,-118.4068,12531334.0,3267.0,America/Los_Angeles,1991,6,15
1991-06-16,264,Very Unhealthy,Ozone,22,Los Angeles,California,34.1141,-118.4068,12531334.0,3267.0,America/Los_Angeles,1991,6,16
1991-06-17,259,Very Unhealthy,Ozone,22,Los Angeles,California,34.1141,-118.4068,12531334.0,3267.0,America/Los_Angeles,1991,6,17
1991-06-18,197,Unhealthy,Ozone,22,Los Angeles,California,34.1141,-118.4068,12531334.0,3267.0,America/Los_Angeles,1991,6,18
1991-06-19,187,Unhealthy,Ozone,22,Los Angeles,California,34.1141,-118.4068,12531334.0,3267.0,America/Los_Angeles,1991,6,19
1991-06-20,182,Unhealthy,Ozone,22,Los Angeles,California,34.1141,-118.4068,12531334.0,3267.0,America/Los_Angeles,1991,6,20
1991-06-21,169,Unhealthy,Ozone,22,Los Angeles,California,34.1141,-118.4068,12531334.0,3267.0,America/Los_Angeles,1991,6,21
1991-06-22,169,Unhealthy,Ozone,22,Los Angeles,California,34.1141,-118.4068,12531334.0,3267.0,America/Los_Angeles,1991,6,22
1991-06-23,166,Unhealthy,Ozone,22,Los Angeles,California,34.1141,-118.4068,12531334.0,3267.0,America/Los_Angeles,1991,6,23
1991-06-24,54,Moderate,Ozone,22,Los Angeles,California,34.1141,-118.4068,12531334.0,3267.0,America/Los_Angeles,1991,6,24
1991-06-25,71,Moderate,Ozone,22,Los Angeles,California,34.1141,-118.4068,12531334.0,3267.0,America/Los_Angeles,1991,6,25
1991-06-26,93,Moderate,Ozone,22,Los Angeles,California,34.1141,-118.4068,12531334.0,3267.0,America/Los_Angeles,1991,6,26
1991-06-27,48,Good,Ozone,22,Los Angeles,California,34.1141,-118.4068,12531334.0,3267.0,America/Los_Angeles,1991,6,27
1991-06-28,47,Good,NO2,22,Los Angeles,California,34.1141,-118.4068,12531334.0,3267.0,America/Los_Angeles,1991,6,28
1991-06-29,79,Moderate,NO2,22,Los Angeles,California,34.1141,-118.4068,12531334.0,3267.0,America/Los_Angeles,1991,6,29
1991-06-30,227,Very Unhealthy,Ozone,22,Los Angeles,California,34.1141,-118.4068,12531334.0,3267.0,America/Los_Angeles,1991,6,30
1991-07-01,265,Very Unhealthy,Ozone,22,Los Angeles,California,34.1141,-118.4068,12531334.0,3267.0,America/Los_Angeles,1991,7,1
1991-07-02,245,Very Unhealthy,Ozone,22,Los Angeles,California,34.1141,-118.4068,12531334.0,3267.0,America/Los_Angeles,1991,7,2
1991-07-03,269,Very Unhealthy,Ozone,22,Los Angeles,California,34.1141,-118.4068,12531334.0,3267.0,America/Los_Angeles,1991,7,3
1991-07-04,282,Very Unhealthy,Ozone,22,Los Angeles,California,34.1141,-118.4068,12531334.0,3267.0,America/Los_Angeles,1991,7,4
1991-07-05,254,Very Unhealthy,Ozone,23,Los Angeles,California,34.1141,-118.4068,12531334.0,3267.0,America/Los_Angeles,1991,7,5
1991-07-06,213,Very Unhealthy,Ozone,22,Los Angeles,California,34.1141,-118.4068,12531334.0,3267.0,America/Los_Angeles,1991,7,6
1991-07-07,140,Unhealthy for Sensitive Groups,Ozone,22,Los Angeles,California,34.1141,-118.4068,12531334.0,3267.0,America/Los_Angeles,1991,7,7
1991-07-08,89,Moderate,NO2,22,Los Angeles,California,34.1141,-118.4068,12531334.0,3267.0,America/Los_Angeles,1991,7,8
1991-07-09,77,Moderate,Ozone,22,Los Angeles,California,34.1141,-118.4068,12531334.0,3267.0,America/Los_Angeles,1991,7,9
1991-07-10,164,Unhealthy,Ozone,22,Los Angeles,California,34.1141,-118.4068,12531334.0,3267.0,America/Los_Angeles,1991,7,10
1991-07-11,206,Very Unhealthy,Ozone,23,Los Angeles,California,34.1141,-118.4068,12531334.0,3267.0,America/Los_Angeles,1991,7,11
1991-07-12,258,Very Unhealthy,Ozone,22,Los Angeles,California,34.1141,-118.4068,12531334.0,3267.0,America/Los_Angeles,1991,7,12
1991-07-13,281,Very Unhealthy,Ozone,22,Los Angeles,California,34.1141,-118.4068,12531334.0,3267.0,America/Los_Angeles,1991,7,13
1991-07-14,247,Very Unhealthy,Ozone,22,Los Angeles,California,34.1141,-118.4068,12531334.0,3267.0,America/Los_Angeles,1991,7,14
1991-07-15,164,Unhealthy,Ozone,22,Los Angeles,California,34.1141,-118.4068,12531334.0,3267.0,America/Los_Angeles,1991,7,15
1991-07-16,206,Very Unhealthy,Ozone,22,Los Angeles,California,34.1141,-118.4068,12531334.0,3267.0,America/Los_Angeles,1991,7,16
1991-07-17,212,Very Unhealthy,Ozone,23,Los Angeles,California,34.1141,-118.4068,12531334.0,3267.0,America/Los_Angeles,1991,7,17
1991-07-18,108,Unhealthy for Sensitive Groups,Ozone,22,Los Angeles,California,34.1141,-118.4068,12531334.0,3267.0,America/Los_Angeles,1991,7,18
1991-07-19,68,Moderate,NO2,22,Los Angeles,California,34.1141,-118.4068,12531334.0,3267.0,America/Los_Angeles,1991,7,19
1991-07-20,154,Unhealthy,Ozone,22,Los Angeles,California,34.1141,-118.4068,12531334.0,3267.0,America/Los_Angeles,1991,7,20
1991-07-21,169,Unhealthy,Ozone,22,Los Angeles,California,34.1141,-118.4068,12531334.0,3267.0,America/Los_Angeles,1991,7,21
1991-07-22,182,Unhealthy,Ozone,22,Los Angeles,California,34.1141,-118.4068,12531334.0,3267.0,America/Los_Angeles,1991,7,22
1991-07-23,228,Very Unhealthy,Ozone,23,Los Angeles,California,34.1141,-118.4068,12531334.0,3267.0,America/Los_Angeles,1991,7,23
1991-07-24,226,Very Unhealthy,Ozone,22,Los Angeles,California,34.1141,-118.4068,12531334.0,3267.0,America/Los_Angeles,1991,7,24
1991-07-25,203,Very Unhealthy,Ozone,22,Los Angeles,California,34.1141,-118.4068,12531334.0,3267.0,America/Los_Angeles,1991,7,25
1991-07-26,179,Unhealthy,Ozone,22,Los Angeles,California,34.1141,-118.4068,12531334.0,3267.0,America/Los_Angeles,1991,7,26
1991-07-27,240,Very Unhealthy,Ozone,22,Los Angeles,California,34.1141,-118.4068,12531334.0,3267.0,America/Los_Angeles,1991,7,27
1991-07-28,247,Very Unhealthy,Ozone,22,Los Angeles,California,34.1141,-118.4068,12531334.0,3267.0,America/Los_Angeles,1991,7,28
1991-07-29,237,Very Unhealthy,Ozone,23,Los Angeles,California,34.1141,-118.4068,12531334.0,3267.0,America/Los_Angeles,1991,7,29
1991-07-30,227,Very Unhealthy,Ozone,22,Los Angeles,California,34.1141,-118.4068,12531334.0,3267.0,America/Los_Angeles,1991,7,30
1991-07-31,169,Unhealthy,Ozone,22,Los Angeles,California,34.1141,-118.4068,12531334.0,3267.0,America/Los_Angeles,1991,7,31
1991-08-01,202,Very Unhealthy,Ozone,22,Los Angeles,California,34.1141,-118.4068,12531334.0,3267.0,America/Los_Angeles,1991,8,1
1991-08-02,243,Very Unhealthy,Ozone,22,Los Angeles,California,34.1141,-118.4068,12531334.0,3267.0,America/Los_Angeles,1991,8,2
1991-08-03,237,Very Unhealthy,Ozone,22,Los Angeles,California,34.1141,-118.4068,12531334.0,3267.0,America/Los_Angeles,1991,8,3
1991-08-04,169,Unhealthy,Ozone,23,Los Angeles,California,34.1141,-118.4068,12531334.0,3267.0,America/Los_Angeles,1991,8,4
1991-08-05,126,Unhealthy for Sensitive Groups,Ozone,22,Los Angeles,California,34.1141,-118.4068,12531334.0,3267.0,America/Los_Angeles,1991,8,5
1991-08-06,161,Unhealthy,Ozone,22,Los Angeles,California,34.1141,-118.4068,12531334.0,3267.0,America/Los_Angeles,1991,8,6
1991-08-07,226,Very Unhealthy,Ozone,22,Los Angeles,California,34.1141,-118.4068,12531334.0,3267.0,America/Los_Angeles,1991,8,7
1991-08-08,276,Very Unhealthy,Ozone,22,Los Angeles,California,34.1141,-118.4068,12531334.0,3267.0,America/Los_Angeles,1991,8,8
1991-08-09,276,Very Unhealthy,Ozone,22,Los Angeles,California,34.1141,-118.4068,12531334.0,3267.0,America/Los_Angeles,1991,8,9
1991-08-10,223,Very Unhealthy,Ozone,23,Los Angeles,California,34.1141,-118.4068,12531334.0,3267.0,America/Los_Angeles,1991,8,10
1991-08-11,182,Unhealthy,Ozone,22,Los Angeles,California,34.1141,-118.4068,12531334.0,3267.0,America/Los_Angeles,1991,8,11
1991-08-12,105,Unhealthy for Sensitive Groups,NO2,22,Los Angeles,California,34.1141,-118.4068,12531334.0,3267.0,America/Los_Angeles,1991,8,12
1991-08-13,87,Moderate,Ozone,22,Los Angeles,California,34.1141,-118.4068,12531334.0,3267.0,America/Los_Angeles,1991,8,13
1991-08-14,47,Good,NO2,22,Los Angeles,California,34.1141,-118.4068,12531334.0,3267.0,America/Los_Angeles,1991,8,14
1991-08-15,74,Moderate,Ozone,22,Los Angeles,California,34.1141,-118.4068,12531334.0,3267.0,America/Los_Angeles,1991,8,15
1991-08-16,164,Unhealthy,Ozone,23,Los Angeles,California,34.1141,-118.4068,12531334.0,3267.0,America/Los_Angeles,1991,8,16
1991-08-17,210,Very Unhealthy,Ozone,22,Los Angeles,California,34.1141,-118.4068,12531334.0,3267.0,America/Los_Angeles,1991,8,17
1991-08-18,202,Very Unhealthy,Ozone,22,Los Angeles,California,34.1141,-118.4068,12531334.0,3267.0,America/Los_Angeles,1991,8,18
1991-08-19,202,Very Unhealthy,Ozone,22,Los Angeles,California,34.1141,-118.4068,12531334.0,3267.0,America/Los_Angeles,1991,8,19
1991-08-20,227,Very Unhealthy,Ozone,22,Los Angeles,California,34.1141,-118.4068,12531334.0,3267.0,America/Los_Angeles,1991,8,20
1991-08-21,240,Very Unhealthy,Ozone,22,Los Angeles,California,34.1141,-118.4068,12531334.0,3267.0,America/Los_Angeles,1991,8,21
1991-08-22,256,Very Unhealthy,Ozone,23,Los Angeles,California,34.1141,-118.4068,12531334.0,3267.0,America/Los_Angeles,1991,8,22
1991-08-23,277,Very Unhealthy,Ozone,22,Los Angeles,California,34.1141,-118.4068,12531334.0,3267.0,America/Los_Angeles,1991,8,23
1991-08-24,240,Very Unhealthy,Ozone,22,Los Angeles,California,34.1141,-118.4068,12531334.0,3267.0,America/Los_Angeles,1991,8,24
1991-08-25,216,Very Unhealthy,Ozone,22,Los Angeles,California,34.1141,-118.4068,12531334.0,3267.0,America/Los_Angeles,1991,8,25
1991-08-26,119,Unhealthy for Sensitive Groups,Ozone,22,Los Angeles,California,34.1141,-118.4068,12531334.0,3267.0,America/Los_Angeles,1991,8,26
1991-08-27,174,Unhealthy,Ozone,22,Los Angeles,California,34.1141,-118.4068,12531334.0,3267.0,America/Los_Angeles,1991,8,27
1991-08-28,179,Unhealthy,Ozone,23,Los Angeles,California,34.1141,-118.4068,12531334.0,3267.0,America/Los_Angeles,1991,8,28
1991-08-29,222,Very Unhealthy,Ozone,22,Los Angeles,California,34.1141,-118.4068,12531334.0,3267.0,America/Los_Angeles,1991,8,29
1991-08-30,233,Very Unhealthy,Ozone,22,Los Angeles,California,34.1141,-118.4068,12531334.0,3267.0,America/Los_Angeles,1991,8,30
1991-08-31,266,Very Unhealthy,Ozone,22,Los Angeles,California,34.1141,-118.4068,12531334.0,3267.0,America/Los_Angeles,1991,8,31
1991-09-01,280,Very Unhealthy,Ozone,22,Los Angeles,California,34.1141,-118.4068,12531334.0,3267.0,America/Los_Angeles,1991,9,1
1991-09-02,228,Very Unhealthy,Ozone,22,Los Angeles,California,34.1141,-118.4068,12531334.0,3267.0,America/Los_Angeles,1991,9,2
1991-09-03,221,Very Unhealthy,Ozone,23,Los Angeles,California,34.1141,-118.4068,12531334.0,3267.0,America/Los_Angeles,1991,9,3
1991-09-04,202,Very Unhealthy,Ozone,22,Los Angeles,California,34.1141,-118.4068,12531334.0,3267.0,America/Los_Angeles,1991,9,4
1991-09-05,221,Very Unhealthy,Ozone,22,Los Angeles,California,34.1141,-118.4068,12531334.0,3267.0,America/Los_Angeles,1991,9,5
1991-09-06,161,Unhealthy,Ozone,22,Los Angeles,California,34.1141,-118.4068,12531334.0,3267.0,America/Los_Angeles,1991,9,6
1991-09-07,201,Very Unhealthy,Ozone,22,Los Angeles,California,34.1141,-118.4068,12531334.0,3267.0,America/Los_Angeles,1991,9,7
1991-09-08,216,Very Unhealthy,Ozone,22,Los Angeles,California,34.1141,-118.4068,12531334.0,3267.0,America/Los_Angeles,1991,9,8
1991-09-09,47,Good,NO2,23,Los Angeles,California,34.1141,-118.4068,12531334.0,3267.0,America/Los_Angeles,1991,9,9
1991-09-10,57,Moderate,NO2,22,Los Angeles,California,34.1141,-118.4068,12531334.0,3267.0,America/Los_Angeles,1991,9,10
1991-09-11,84,Moderate,Ozone,22,Los Angeles,California,34.1141,-118.4068,12531334.0,3267.0,America/Los_Angeles,1991,9,11
1991-09-12,154,Unhealthy,Ozone,22,Los Angeles,California,34.1141,-118.4068,12531334.0,3267.0,America/Los_Angeles,1991,9,12
1991-09-13,190,Unhealthy,Ozone,22,Los Angeles,California,34.1141,-118.4068,12531334.0,3267.0,America/Los_Angeles,1991,9,13
1991-09-14,235,Very Unhealthy,Ozone,22,Los Angeles,California,34.1141,-118.4068,12531334.0,3267.0,America/Los_Angeles,1991,9,14
1991-09-15,249,Very Unhealthy,Ozone,23,Los Angeles,California,34.1141,-118.4068,12531334.0,3267.0,America/Los_Angeles,1991,9,15
1991-09-16,227,Very Unhealthy,Ozone,22,Los Angeles,California,34.1141,-118.4068,12531334.0,3267.0,America/Los_Angeles,1991,9,16
1991-09-17,238,Very Unhealthy,Ozone,22,Los Angeles,California,34.1141,-118.4068,12531334.0,3267.0,America/Los_Angeles,1991,9,17
1991-09-18,238,Very Unhealthy,Ozone,22,Los Angeles,California,34.1141,-118.4068,12531334.0,3267.0,America/Los_Angeles,1991,9,18
1991-09-19,201,Very Unhealthy,Ozone,22,Los Angeles,California,34.1141,-118.4068,12531334.0,3267.0,America/Los_Angeles,1991,9,19
1991-09-20,133,Unhealthy for Sensitive Groups,Ozone,22,Los Angeles,California,34.1141,-118.4068,12531334.0,3267.0,America/Los_Angeles,1991,9,20
1991-09-21,190,Unhealthy,Ozone,23,Los Angeles,California,34.1141,-118.4068,12531334.0,3267.0,America/Los_Angeles,1991,9,21
1991-09-22,201,Very Unhealthy,Ozone,21,Los Angeles,California,34.1141,-118.4068,12531334.0,3267.0,America/Los_Angeles,1991,9,22
1991-09-23,210,Very Unhealthy,Ozone,22,Los Angeles,California,34.1141,-118.4068,12531334.0,3267.0,America/Los_Angeles,1991,9,23
1991-09-24,228,Very Unhealthy,Ozone,22,Los Angeles,California,34.1141,-118.4068,12531334.0,3267.0,America/Los_Angeles,1991,9,24
1991-09-25,203,Very Unhealthy,Ozone,22,Los Angeles,California,34.1141,-118.4068,12531334.0,3267.0,America/Los_Angeles,1991,9,25
1991-09-26,190,Unhealthy,Ozone,20,Los Angeles,California,34.1141,-118.4068,12531334.0,3267.0,America/Los_Angeles,1991,9,26
1991-09-27,116,Unhealthy for Sensitive Groups,NO2,23,Los Angeles,California,34.1141,-118.4068,12531334.0,3267.0,America/Los_Angeles,1991,9,27
1991-09-28,120,Unhealthy for Sensitive Groups,Ozone,22,Los Angeles,California,34.1141,-118.4068,12531334.0,3267.0,America/Los_Angeles,1991,9,28
1991-09-29,182,Unhealthy,Ozone,22,Los Angeles,California,34.1141,-118.4068,12531334.0,3267.0,America/Los_Angeles,1991,9,29
1991-09-30,140,Unhealthy for Sensitive Groups,Ozone,22,Los Angeles,California,34.1141,-118.4068,12531334.0,3267.0,America/Los_Angeles,1991,9,30
1991-10-01,164,Unhealthy,Ozone,22,Los Angeles,California,34.1141,-118.4068,12531334.0,3267.0,America/Los_Angeles,1991,10,1
1991-10-02,243,Very Unhealthy,Ozone,22,Los Angeles,California,34.1141,-118.4068,12531334.0,3267.0,America/Los_Angeles,1991,10,2
1991-10-03,205,Very Unhealthy,Ozone,23,Los Angeles,California,34.1141,-118.4068,12531334.0,3267.0,America/Los_Angeles,1991,10,3
1991-10-04,166,Unhealthy,Ozone,22,Los Angeles,California,34.1141,-118.4068,12531334.0,3267.0,America/Los_Angeles,1991,10,4
1991-10-05,232,Very Unhealthy,Ozone,22,Los Angeles,California,34.1141,-118.4068,12531334.0,3267.0,America/Los_Angeles,1991,10,5
1991-10-06,268,Very Unhealthy,Ozone,22,Los Angeles,California,34.1141,-118.4068,12531334.0,3267.0,America/Los_Angeles,1991,10,6
1991-10-07,214,Very Unhealthy,Ozone,22,Los Angeles,California,34.1141,-118.4068,12531334.0,3267.0,America/Los_Angeles,1991,10,7
1991-10-08,205,Very Unhealthy,Ozone,22,Los Angeles,California,34.1141,-118.4068,12531334.0,3267.0,America/Los_Angeles,1991,10,8
1991-10-09,179,Unhealthy,Ozone,23,Los Angeles,California,34.1141,-118.4068,12531334.0,3267.0,America/Los_Angeles,1991,10,9
1991-10-10,143,Unhealthy for Sensitive Groups,Ozone,22,Los Angeles,California,34.1141,-118.4068,12531334.0,3267.0,America/Los_Angeles,1991,10,10
1991-10-11,122,Unhealthy for Sensitive Groups,Ozone,22,Los Angeles,California,34.1141,-118.4068,12531334.0,3267.0,America/Los_Angeles,1991,10,11
1991-10-12,177,Unhealthy,Ozone,22,Los Angeles,California,34.1141,-118.4068,12531334.0,3267.0,America/Los_Angeles,1991,10,12
1991-10-13,132,Unhealthy for Sensitive Groups,Ozone,22,Los Angeles,California,34.1141,-118.4068,12531334.0,3267.0,America/Los_Angeles,1991,10,13
1991-10-14,202,Very Unhealthy,Ozone,22,Los Angeles,California,34.1141,-118.4068,12531334.0,3267.0,America/Los_Angeles,1991,10,14
1991-10-15,219,Very Unhealthy,Ozone,23,Los Angeles,California,34.1141,-118.4068,12531334.0,3267.0,America/Los_Angeles,1991,10,15
1991-10-16,242,Very Unhealthy,Ozone,22,Los Angeles,California,34.1141,-118.4068,12531334.0,3267.0,America/Los_Angeles,1991,10,16
1991-10-17,229,Very Unhealthy,Ozone,22,Los Angeles,California,34.1141,-118.4068,12531334.0,3267.0,America/Los_Angeles,1991,10,17
1991-10-18,237,Very Unhealthy,Ozone,22,Los Angeles,California,34.1141,-118.4068,12531334.0,3267.0,America/Los_Angeles,1991,10,18
1991-10-19,255,Very Unhealthy,Ozone,22,Los Angeles,California,34.1141,-118.4068,12531334.0,3267.0,America/Los_Angeles,1991,10,19
1991-10-20,228,Very Unhealthy,Ozone,22,Los Angeles,California,34.1141,-118.4068,12531334.0,3267.0,America/Los_Angeles,1991,10,20
1991-10-21,80,Moderate,Ozone,23,Los Angeles,California,34.1141,-118.4068,12531334.0,3267.0,America/Los_Angeles,1991,10,21
1991-10-22,57,Moderate,NO2,22,Los Angeles,California,34.1141,-118.4068,12531334.0,3267.0,America/Los_Angeles,1991,10,22
1991-10-23,57,Moderate,NO2,22,Los Angeles,California,34.1141,-118.4068,12531334.0,3267.0,America/Los_Angeles,1991,10,23
1991-10-24,57,Moderate,NO2,22,Los Angeles,California,34.1141,-118.4068,12531334.0,3267.0,America/Los_Angeles,1991,10,24
1991-10-25,68,Moderate,NO2,22,Los Angeles,California,34.1141,-118.4068,12531334.0,3267.0,America/Los_Angeles,1991,10,25
1991-10-26,57,Moderate,NO2,22,Los Angeles,California,34.1141,-118.4068,12531334.0,3267.0,America/Los_Angeles,1991,10,26
1991-10-27,57,Moderate,NO2,23,Los Angeles,California,34.1141,-118.4068,12531334.0,3267.0,America/Los_Angeles,1991,10,27
1991-10-28,79,Moderate,NO2,22,Los Angeles,California,34.1141,-118.4068,12531334.0,3267.0,America/Los_Angeles,1991,10,28
1991-10-29,103,Unhealthy for Sensitive Groups,NO2,22,Los Angeles,California,34.1141,-118.4068,12531334.0,3267.0,America/Los_Angeles,1991,10,29
1991-10-30,120,Unhealthy for Sensitive Groups,NO2,22,Los Angeles,California,34.1141,-118.4068,12531334.0,3267.0,America/Los_Angeles,1991,10,30
1991-10-31,110,Unhealthy for Sensitive Groups,NO2,22,Los Angeles,California,34.1141,-118.4068,12531334.0,3267.0,America/Los_Angeles,1991,10,31
1991-11-01,108,Unhealthy for Sensitive Groups,NO2,22,Los Angeles,California,34.1141,-118.4068,12531334.0,3267.0,America/Los_Angeles,1991,11,1
1991-11-02,122,Unhealthy for Sensitive Groups,NO2,23,Los Angeles,California,34.1141,-118.4068,12531334.0,3267.0,America/Los_Angeles,1991,11,2
1991-11-03,169,Unhealthy,Ozone,22,Los Angeles,California,34.1141,-118.4068,12531334.0,3267.0,America/Los_Angeles,1991,11,3
1991-11-04,166,Unhealthy,CO,22,Los Angeles,California,34.1141,-118.4068,12531334.0,3267.0,America/Los_Angeles,1991,11,4
1991-11-05,128,Unhealthy for Sensitive Groups,CO,22,Los Angeles,California,34.1141,-118.4068,12531334.0,3267.0,America/Los_Angeles,1991,11,5
1991-11-06,166,Unhealthy,Ozone,22,Los Angeles,California,34.1141,-118.4068,12531334.0,3267.0,America/Los_Angeles,1991,11,6
1991-11-07,154,Unhealthy,NO2,22,Los Angeles,California,34.1141,-118.4068,12531334.0,3267.0,America/Los_Angeles,1991,11,7
1991-11-08,133,Unhealthy for Sensitive Groups,Ozone,23,Los Angeles,California,34.1141,-118.4068,12531334.0,3267.0,America/Los_Angeles,1991,11,8
1991-11-09,100,Moderate,NO2,22,Los Angeles,California,34.1141,-118.4068,12531334.0,3267.0,America/Los_Angeles,1991,11,9
1991-11-10,89,Moderate,NO2,22,Los Angeles,California,34.1141,-118.4068,12531334.0,3267.0,America/Los_Angeles,1991,11,10
1991-11-11,116,Unhealthy for Sensitive Groups,NO2,22,Los Angeles,California,34.1141,-118.4068,12531334.0,3267.0,America/Los_Angeles,1991,11,11
1991-11-12,135,Unhealthy for Sensitive Groups,CO,22,Los Angeles,California,34.1141,-118.4068,12531334.0,3267.0,America/Los_Angeles,1991,11,12
1991-11-13,148,Unhealthy for Sensitive Groups,CO,22,Los Angeles,California,34.1141,-118.4068,12531334.0,3267.0,America/Los_Angeles,1991,11,13
1991-11-14,79,Moderate,NO2,23,Los Angeles,California,34.1141,-118.4068,12531334.0,3267.0,America/Los_Angeles,1991,11,14
1991-11-15,89,Moderate,CO,22,Los Angeles,California,34.1141,-118.4068,12531334.0,3267.0,America/Los_Angeles,1991,11,15
1991-11-16,91,Moderate,CO,22,Los Angeles,California,34.1141,-118.4068,12531334.0,3267.0,America/Los_Angeles,1991,11,16
1991-11-17,86,Moderate,CO,22,Los Angeles,California,34.1141,-118.4068,12531334.0,3267.0,America/Los_Angeles,1991,11,17
1991-11-18,79,Moderate,NO2,22,Los Angeles,California,34.1141,-118.4068,12531334.0,3267.0,America/Los_Angeles,1991,11,18
1991-11-19,108,Unhealthy for Sensitive Groups,NO2,22,Los Angeles,California,34.1141,-118.4068,12531334.0,3267.0,America/Los_Angeles,1991,11,19
1991-11-20,103,Unhealthy for Sensitive Groups,NO2,22,Los Angeles,California,34.1141,-118.4068,12531334.0,3267.0,America/Los_Angeles,1991,11,20
1991-11-21,170,Unhealthy,CO,22,Los Angeles,California,34.1141,-118.4068,12531334.0,3267.0,America/Los_Angeles,1991,11,21
1991-11-22,120,Unhealthy for Sensitive Groups,CO,22,Los Angeles,California,34.1141,-118.4068,12531334.0,3267.0,America/Los_Angeles,1991,11,22
1991-11-23,108,Unhealthy for Sensitive Groups,CO,22,Los Angeles,California,34.1141,-118.4068,12531334.0,3267.0,America/Los_Angeles,1991,11,23
1991-11-24,91,Moderate,CO,22,Los Angeles,California,34.1141,-118.4068,12531334.0,3267.0,America/Los_Angeles,1991,11,24
1991-11-25,166,Unhealthy,CO,22,Los Angeles,California,34.1141,-118.4068,12531334.0,3267.0,America/Los_Angeles,1991,11,25
1991-11-26,202,Very Unhealthy,CO,23,Los Angeles,California,34.1141,-118.4068,12531334.0,3267.0,America/Los_Angeles,1991,11,26
1991-11-27,133,Unhealthy for Sensitive Groups,NO2,22,Los Angeles,California,34.1141,-118.4068,12531334.0,3267.0,America/Los_Angeles,1991,11,27
1991-11-28,103,Unhealthy for Sensitive Groups,NO2,22,Los Angeles,California,34.1141,-118.4068,12531334.0,3267.0,America/Los_Angeles,1991,11,28
1991-11-29,57,Moderate,NO2,22,Los Angeles,California,34.1141,-118.4068,12531334.0,3267.0,America/Los_Angeles,1991,11,29
1991-11-30,79,Moderate,NO2,22,Los Angeles,California,34.1141,-118.4068,12531334.0,3267.0,America/Los_Angeles,1991,11,30
1991-12-01,79,Moderate,CO,21,Los Angeles,California,34.1141,-118.4068,12531334.0,3267.0,America/Los_Angeles,1991,12,1
1991-12-02,79,Moderate,NO2,23,Los Angeles,California,34.1141,-118.4068,12531334.0,3267.0,America/Los_Angeles,1991,12,2
1991-12-03,103,Unhealthy for Sensitive Groups,NO2,22,Los Angeles,California,34.1141,-118.4068,12531334.0,3267.0,America/Los_Angeles,1991,12,3
1991-12-04,112,Unhealthy for Sensitive Groups,NO2,22,Los Angeles,California,34.1141,-118.4068,12531334.0,3267.0,America/Los_Angeles,1991,12,4
1991-12-05,140,Unhealthy for Sensitive Groups,CO,22,Los Angeles,California,34.1141,-118.4068,12531334.0,3267.0,America/Los_Angeles,1991,12,5
1991-12-06,168,Unhealthy,CO,22,Los Angeles,California,34.1141,-118.4068,12531334.0,3267.0,America/Los_Angeles,1991,12,6
1991-12-07,145,Unhealthy for Sensitive Groups,CO,22,Los Angeles,California,34.1141,-118.4068,12531334.0,3267.0,America/Los_Angeles,1991,12,7
1991-12-08,74,Moderate,CO,23,Los Angeles,California,34.1141,-118.4068,12531334.0,3267.0,America/Los_Angeles,1991,12,8
1991-12-09,142,Unhealthy for Sensitive Groups,CO,22,Los Angeles,California,34.1141,-118.4068,12531334.0,3267.0,America/Los_Angeles,1991,12,9
1991-12-10,145,Unhealthy for Sensitive Groups,CO,22,Los Angeles,California,34.1141,-118.4068,12531334.0,3267.0,America/Los_Angeles,1991,12,10
1991-12-11,79,Moderate,NO2,22,Los Angeles,California,34.1141,-118.4068,12531334.0,3267.0,America/Los_Angeles,1991,12,11
1991-12-12,105,Unhealthy for Sensitive Groups,NO2,22,Los Angeles,California,34.1141,-118.4068,12531334.0,3267.0,America/Los_Angeles,1991,12,12
1991-12-13,142,Unhealthy for Sensitive Groups,CO,22,Los Angeles,California,34.1141,-118.4068,12531334.0,3267.0,America/Los_Angeles,1991,12,13
1991-12-14,148,Unhealthy for Sensitive Groups,CO,22,Los Angeles,California,34.1141,-118.4068,12531334.0,3267.0,America/Los_Angeles,1991,12,14
1991-12-15,103,Unhealthy for Sensitive Groups,NO2,22,Los Angeles,California,34.1141,-118.4068,12531334.0,3267.0,America/Los_Angeles,1991,12,15
1991-12-16,103,Unhealthy for Sensitive Groups,NO2,22,Los Angeles,California,34.1141,-118.4068,12531334.0,3267.0,America/Los_Angeles,1991,12,16
1991-12-17,103,Unhealthy for Sensitive Groups,CO,23,Los Angeles,California,34.1141,-118.4068,12531334.0,3267.0,America/Los_Angeles,1991,12,17
1991-12-18,79,Moderate,NO2,22,Los Angeles,California,34.1141,-118.4068,12531334.0,3267.0,America/Los_Angeles,1991,12,18
1991-12-19,79,Moderate,NO2,20,Los Angeles,California,34.1141,-118.4068,12531334.0,3267.0,America/Los_Angeles,1991,12,19
1991-12-20,208,Very Unhealthy,CO,23,Los Angeles,California,34.1141,-118.4068,12531334.0,3267.0,America/Los_Angeles,1991,12,20
1991-12-21,214,Very Unhealthy,CO,22,Los Angeles,California,34.1141,-118.4068,12531334.0,3267.0,America/Los_Angeles,1991,12,21
1991-12-22,125,Unhealthy for Sensitive Groups,CO,22,Los Angeles,California,34.1141,-118.4068,12531334.0,3267.0,America/Los_Angeles,1991,12,22
1991-12-23,100,Moderate,NO2,22,Los Angeles,California,34.1141,-118.4068,12531334.0,3267.0,America/Los_Angeles,1991,12,23
1991-12-24,109,Unhealthy for Sensitive Groups,CO,22,Los Angeles,California,34.1141,-118.4068,12531334.0,3267.0,America/Los_Angeles,1991,12,24
1991-12-25,108,Unhealthy for Sensitive Groups,CO,22,Los Angeles,California,34.1141,-118.4068,12531334.0,3267.0,America/Los_Angeles,1991,12,25
1991-12-26,106,Unhealthy for Sensitive Groups,CO,23,Los Angeles,California,34.1141,-118.4068,12531334.0,3267.0,America/Los_Angeles,1991,12,26
1991-12-27,108,Unhealthy for Sensitive Groups,CO,22,Los Angeles,California,34.1141,-118.4068,12531334.0,3267.0,America/Los_Angeles,1991,12,27
1991-12-28,47,Good,NO2,22,Los Angeles,California,34.1141,-118.4068,12531334.0,3267.0,America/Los_Angeles,1991,12,28
1991-12-29,39,Good,CO,22,Los Angeles,California,34.1141,-118.4068,12531334.0,3267.0,America/Los_Angeles,1991,12,29
1991-12-30,87,Moderate,CO,22,Los Angeles,California,34.1141,-118.4068,12531334.0,3267.0,America/Los_Angeles,1991,12,30
1991-12-31,103,Unhealthy for Sensitive Groups,CO,20,Los Angeles,California,34.1141,-118.4068,12531334.0,3267.0,America/Los_Angeles,1991,12,31
1992-01-01,105,Unhealthy for Sensitive Groups,NO2,22,Los Angeles,California,34.1141,-118.4068,12531334.0,3267.0,America/Los_Angeles,1992,1,1
1992-01-02,79,Moderate,NO2,21,Los Angeles,California,34.1141,-118.4068,12531334.0,3267.0,America/Los_Angeles,1992,1,2
1992-01-03,57,Moderate,NO2,21,Los Angeles,California,34.1141,-118.4068,12531334.0,3267.0,America/Los_Angeles,1992,1,3
1992-01-04,68,Moderate,NO2,21,Los Angeles,California,34.1141,-118.4068,12531334.0,3267.0,America/Los_Angeles,1992,1,4
1992-01-05,47,Good,NO2,20,Los Angeles,California,34.1141,-118.4068,12531334.0,3267.0,America/Los_Angeles,1992,1,5
1992-01-06,110,Unhealthy for Sensitive Groups,NO2,21,Los Angeles,California,34.1141,-118.4068,12531334.0,3267.0,America/Los_Angeles,1992,1,6
1992-01-07,76,Moderate,CO,22,Los Angeles,California,34.1141,-118.4068,12531334.0,3267.0,America/Los_Angeles,1992,1,7
1992-01-08,145,Unhealthy for Sensitive Groups,CO,21,Los Angeles,California,34.1141,-118.4068,12531334.0,3267.0,America/Los_Angeles,1992,1,8
1992-01-09,183,Unhealthy,CO,21,Los Angeles,California,34.1141,-118.4068,12531334.0,3267.0,America/Los_Angeles,1992,1,9
1992-01-10,181,Unhealthy,CO,21,Los Angeles,California,34.1141,-118.4068,12531334.0,3267.0,America/Los_Angeles,1992,1,10
1992-01-11,126,Unhealthy for Sensitive Groups,CO,21,Los Angeles,California,34.1141,-118.4068,12531334.0,3267.0,America/Los_Angeles,1992,1,11
1992-01-12,82,Moderate,CO,21,Los Angeles,California,34.1141,-118.4068,12531334.0,3267.0,America/Los_Angeles,1992,1,12
1992-01-13,103,Unhealthy for Sensitive Groups,NO2,22,Los Angeles,California,34.1141,-118.4068,12531334.0,3267.0,America/Los_Angeles,1992,1,13
1992-01-14,161,Unhealthy,CO,21,Los Angeles,California,34.1141,-118.4068,12531334.0,3267.0,America/Los_Angeles,1992,1,14
1992-01-15,207,Very Unhealthy,CO,21,Los Angeles,California,34.1141,-118.4068,12531334.0,3267.0,America/Los_Angeles,1992,1,15
1992-01-16,142,Unhealthy for Sensitive Groups,CO,21,Los Angeles,California,34.1141,-118.4068,12531334.0,3267.0,America/Los_Angeles,1992,1,16
1992-01-17,106,Unhealthy for Sensitive Groups,NO2,21,Los Angeles,California,34.1141,-118.4068,12531334.0,3267.0,America/Los_Angeles,1992,1,17
1992-01-18,118,Unhealthy for Sensitive Groups,CO,21,Los Angeles,California,34.1141,-118.4068,12531334.0,3267.0,America/Los_Angeles,1992,1,18
1992-01-19,135,Unhealthy for Sensitive Groups,CO,21,Los Angeles,California,34.1141,-118.4068,12531334.0,3267.0,America/Los_Angeles,1992,1,19
1992-01-20,123,Unhealthy for Sensitive Groups,CO,21,Los Angeles,California,34.1141,-118.4068,12531334.0,3267.0,America/Los_Angeles,1992,1,20
1992-01-21,103,Unhealthy for Sensitive Groups,NO2,21,Los Angeles,California,34.1141,-118.4068,12531334.0,3267.0,America/Los_Angeles,1992,1,21
1992-01-22,112,Unhealthy for Sensitive Groups,NO2,21,Los Angeles,California,34.1141,-118.4068,12531334.0,3267.0,America/Los_Angeles,1992,1,22
1992-01-23,114,Unhealthy for Sensitive Groups,NO2,21,Los Angeles,California,34.1141,-118.4068,12531334.0,3267.0,America/Los_Angeles,1992,1,23
1992-01-24,112,Unhealthy for Sensitive Groups,NO2,21,Los Angeles,California,34.1141,-118.4068,12531334.0,3267.0,America/Los_Angeles,1992,1,24
1992-01-25,143,Unhealthy for Sensitive Groups,CO,22,Los Angeles,California,34.1141,-118.4068,12531334.0,3267.0,America/Los_Angeles,1992,1,25
1992-01-26,110,Unhealthy for Sensitive Groups,NO2,21,Los Angeles,California,34.1141,-118.4068,12531334.0,3267.0,America/Los_Angeles,1992,1,26
1992-01-27,124,Unhealthy for Sensitive Groups,NO2,21,Los Angeles,California,34.1141,-118.4068,12531334.0,3267.0,America/Los_Angeles,1992,1,27
1992-01-28,181,Unhealthy,CO,21,Los Angeles,California,34.1141,-118.4068,12531334.0,3267.0,America/Los_Angeles,1992,1,28
1992-01-29,153,Unhealthy,CO,21,Los Angeles,California,34.1141,-118.4068,12531334.0,3267.0,America/Los_Angeles,1992,1,29
1992-01-30,118,Unhealthy for Sensitive Groups,CO,21,Los Angeles,California,34.1141,-118.4068,12531334.0,3267.0,America/Los_Angeles,1992,1,30
1992-01-31,111,Unhealthy for Sensitive Groups,PM10,22,Los Angeles,California,34.1141,-118.4068,12531334.0,3267.0,America/Los_Angeles,1992,1,31
1992-02-01,105,Unhealthy for Sensitive Groups,NO2,21,Los Angeles,California,34.1141,-118.4068,12531334.0,3267.0,America/Los_Angeles,1992,2,1
1992-02-02,100,Moderate,NO2,21,Los Angeles,California,34.1141,-118.4068,12531334.0,3267.0,America/Los_Angeles,1992,2,2
1992-02-03,171,Unhealthy,CO,21,Los Angeles,California,34.1141,-118.4068,12531334.0,3267.0,America/Los_Angeles,1992,2,3
1992-02-04,112,Unhealthy for Sensitive Groups,NO2,21,Los Angeles,California,34.1141,-118.4068,12531334.0,3267.0,America/Los_Angeles,1992,2,4
1992-02-05,106,Unhealthy for Sensitive Groups,NO2,21,Los Angeles,California,34.1141,-118.4068,12531334.0,3267.0,America/Los_Angeles,1992,2,5
1992-02-06,57,Moderate,NO2,22,Los Angeles,California,34.1141,-118.4068,12531334.0,3267.0,America/Los_Angeles,1992,2,6
1992-02-07,57,Moderate,NO2,21,Los Angeles,California,34.1141,-118.4068,12531334.0,3267.0,America/Los_Angeles,1992,2,7
1992-02-08,80,Moderate,CO,21,Los Angeles,California,34.1141,-118.4068,12531334.0,3267.0,America/Los_Angeles,1992,2,8
1992-02-09,68,Moderate,NO2,21,Los Angeles,California,34.1141,-118.4068,12531334.0,3267.0,America/Los_Angeles,1992,2,9
1992-02-10,57,Moderate,NO2,21,Los Angeles,California,34.1141,-118.4068,12531334.0,3267.0,America/Los_Angeles,1992,2,10
1992-02-11,57,Moderate,NO2,21,Los Angeles,California,34.1141,-118.4068,12531334.0,3267.0,America/Los_Angeles,1992,2,11
1992-02-12,47,Good,NO2,22,Los Angeles,California,34.1141,-118.4068,12531334.0,3267.0,America/Los_Angeles,1992,2,12
1992-02-13,57,Moderate,NO2,21,Los Angeles,California,34.1141,-118.4068,12531334.0,3267.0,America/Los_Angeles,1992,2,13
1992-02-14,68,Moderate,NO2,21,Los Angeles,California,34.1141,-118.4068,12531334.0,3267.0,America/Los_Angeles,1992,2,14
1992-02-15,57,Moderate,NO2,21,Los Angeles,California,34.1141,-118.4068,12531334.0,3267.0,America/Los_Angeles,1992,2,15
1992-02-16,49,Good,CO,21,Los Angeles,California,34.1141,-118.4068,12531334.0,3267.0,America/Los_Angeles,1992,2,16
1992-02-17,57,Moderate,NO2,21,Los Angeles,California,34.1141,-118.4068,12531334.0,3267.0,America/Los_Angeles,1992,2,17
1992-02-18,89,Moderate,NO2,22,Los Angeles,California,34.1141,-118.4068,12531334.0,3267.0,America/Los_Angeles,1992,2,18
1992-02-19,103,Unhealthy for Sensitive Groups,NO2,21,Los Angeles,California,34.1141,-118.4068,12531334.0,3267.0,America/Los_Angeles,1992,2,19
1992-02-20,79,Moderate,NO2,21,Los Angeles,California,34.1141,-118.4068,12531334.0,3267.0,America/Los_Angeles,1992,2,20
1992-02-21,103,Unhealthy for Sensitive Groups,NO2,21,Los Angeles,California,34.1141,-118.4068,12531334.0,3267.0,America/Los_Angeles,1992,2,21
1992-02-22,118,Unhealthy for Sensitive Groups,NO2,21,Los Angeles,California,34.1141,-118.4068,12531334.0,3267.0,America/Los_Angeles,1992,2,22
1992-02-23,120,Unhealthy for Sensitive Groups,CO,21,Los Angeles,California,34.1141,-118.4068,12531334.0,3267.0,America/Los_Angeles,1992,2,23
1992-02-24,170,Unhealthy,CO,22,Los Angeles,California,34.1141,-118.4068,12531334.0,3267.0,America/Los_Angeles,1992,2,24
1992-02-25,112,Unhealthy for Sensitive Groups,NO2,21,Los Angeles,California,34.1141,-118.4068,12531334.0,3267.0,America/Los_Angeles,1992,2,25
1992-02-26,121,Unhealthy for Sensitive Groups,CO,21,Los Angeles,California,34.1141,-118.4068,12531334.0,3267.0,America/Los_Angeles,1992,2,26
1992-02-27,108,Unhealthy for Sensitive Groups,NO2,21,Los Angeles,California,34.1141,-118.4068,12531334.0,3267.0,America/Los_Angeles,1992,2,27
1992-02-28,105,Unhealthy for Sensitive Groups,NO2,21,Los Angeles,California,34.1141,-118.4068,12531334.0,3267.0,America/Los_Angeles,1992,2,28
1992-02-29,103,Unhealthy for Sensitive Groups,NO2,20,Los Angeles,California,34.1141,-118.4068,12531334.0,3267.0,America/Los_Angeles,1992,2,29
1992-03-01,79,Moderate,NO2,22,Los Angeles,California,34.1141,-118.4068,12531334.0,3267.0,America/Los_Angeles,1992,3,1
1992-03-02,68,Moderate,NO2,21,Los Angeles,California,34.1141,-118.4068,12531334.0,3267.0,America/Los_Angeles,1992,3,2
1992-03-03,68,Moderate,NO2,21,Los Angeles,California,34.1141,-118.4068,12531334.0,3267.0,America/Los_Angeles,1992,3,3
1992-03-04,57,Moderate,NO2,21,Los Angeles,California,34.1141,-118.4068,12531334.0,3267.0,America/Los_Angeles,1992,3,4
1992-03-05,57,Moderate,NO2,21,Los Angeles,California,34.1141,-118.4068,12531334.0,3267.0,America/Los_Angeles,1992,3,5
1992-03-06,57,Moderate,NO2,21,Los Angeles,California,34.1141,-118.4068,12531334.0,3267.0,America/Los_Angeles,1992,3,6
1992-03-07,69,Moderate,CO,22,Los Angeles,California,34.1141,-118.4068,12531334.0,3267.0,America/Los_Angeles,1992,3,7
1992-03-08,57,Moderate,NO2,21,Los Angeles,California,34.1141,-118.4068,12531334.0,3267.0,America/Los_Angeles,1992,3,8
1992-03-09,89,Moderate,NO2,21,Los Angeles,California,34.1141,-118.4068,12531334.0,3267.0,America/Los_Angeles,1992,3,9
1992-03-10,112,Unhealthy for Sensitive Groups,NO2,21,Los Angeles,California,34.1141,-118.4068,12531334.0,3267.0,America/Los_Angeles,1992,3,10
1992-03-11,116,Unhealthy for Sensitive Groups,NO2,21,Los Angeles,California,34.1141,-118.4068,12531334.0,3267.0,America/Los_Angeles,1992,3,11
1992-03-12,133,Unhealthy for Sensitive Groups,Ozone,21,Los Angeles,California,34.1141,-118.4068,12531334.0,3267.0,America/Los_Angeles,1992,3,12
1992-03-13,150,Unhealthy for Sensitive Groups,Ozone,22,Los Angeles,California,34.1141,-118.4068,12531334.0,3267.0,America/Los_Angeles,1992,3,13
1992-03-14,90,Moderate,Ozone,21,Los Angeles,California,34.1141,-118.4068,12531334.0,3267.0,America/Los_Angeles,1992,3,14
1992-03-15,68,Moderate,NO2,21,Los Angeles,California,34.1141,-118.4068,12531334.0,3267.0,America/Los_Angeles,1992,3,15
1992-03-16,68,Moderate,NO2,21,Los Angeles,California,34.1141,-118.4068,12531334.0,3267.0,America/Los_Angeles,1992,3,16
1992-03-17,79,Moderate,NO2,21,Los Angeles,California,34.1141,-118.4068,12531334.0,3267.0,America/Los_Angeles,1992,3,17
1992-03-18,57,Moderate,NO2,21,Los Angeles,California,34.1141,-118.4068,12531334.0,3267.0,America/Los_Angeles,1992,3,18
1992-03-19,89,Moderate,NO2,22,Los Angeles,California,34.1141,-118.4068,12531334.0,3267.0,America/Los_Angeles,1992,3,19
1992-03-20,68,Moderate,NO2,21,Los Angeles,California,34.1141,-118.4068,12531334.0,3267.0,America/Los_Angeles,1992,3,20
1992-03-21,47,Good,NO2,21,Los Angeles,California,34.1141,-118.4068,12531334.0,3267.0,America/Los_Angeles,1992,3,21
1992-03-22,47,Good,NO2,21,Los Angeles,California,34.1141,-118.4068,12531334.0,3267.0,America/Los_Angeles,1992,3,22
1992-03-23,47,Good,NO2,21,Los Angeles,California,34.1141,-118.4068,12531334.0,3267.0,America/Los_Angeles,1992,3,23
1992-03-24,79,Moderate,NO2,21,Los Angeles,California,34.1141,-118.4068,12531334.0,3267.0,America/Los_Angeles,1992,3,24
1992-03-25,89,Moderate,NO2,22,Los Angeles,California,34.1141,-118.4068,12531334.0,3267.0,America/Los_Angeles,1992,3,25
1992-03-26,80,Moderate,CO,21,Los Angeles,California,34.1141,-118.4068,12531334.0,3267.0,America/Los_Angeles,1992,3,26
1992-03-27,57,Moderate,NO2,21,Los Angeles,California,34.1141,-118.4068,12531334.0,3267.0,America/Los_Angeles,1992,3,27
1992-03-28,47,Good,NO2,21,Los Angeles,California,34.1141,-118.4068,12531334.0,3267.0,America/Los_Angeles,1992,3,28
1992-03-29,47,Good,Ozone,21,Los Angeles,California,34.1141,-118.4068,12531334.0,3267.0,America/Los_Angeles,1992,3,29
1992-03-30,47,Good,NO2,21,Los Angeles,California,34.1141,-118.4068,12531334.0,3267.0,America/Los_Angeles,1992,3,30
1992-03-31,57,Moderate,NO2,22,Los Angeles,California,34.1141,-118.4068,12531334.0,3267.0,America/Los_Angeles,1992,3,31
1992-04-01,89,Moderate,NO2,21,Los Angeles,California,34.1141,-118.4068,12531334.0,3267.0,America/Los_Angeles,1992,4,1
1992-04-02,126,Unhealthy for Sensitive Groups,Ozone,21,Los Angeles,California,34.1141,-118.4068,12531334.0,3267.0,America/Los_Angeles,1992,4,2
1992-04-03,190,Unhealthy,Ozone,21,Los Angeles,California,34.1141,-118.4068,12531334.0,3267.0,America/Los_Angeles,1992,4,3
1992-04-04,119,Unhealthy for Sensitive Groups,Ozone,21,Los Angeles,California,34.1141,-118.4068,12531334.0,3267.0,America/Los_Angeles,1992,4,4
1992-04-05,87,Moderate,Ozone,21,Los Angeles,California,34.1141,-118.4068,12531334.0,3267.0,America/Los_Angeles,1992,4,5
1992-04-06,71,Moderate,Ozone,22,Los Angeles,California,34.1141,-118.4068,12531334.0,3267.0,America/Los_Angeles,1992,4,6
1992-04-07,126,Unhealthy for Sensitive Groups,Ozone,21,Los Angeles,California,34.1141,-118.4068,12531334.0,3267.0,America/Los_Angeles,1992,4,7
1992-04-08,166,Unhealthy,Ozone,21,Los Angeles,California,34.1141,-118.4068,12531334.0,3267.0,America/Los_Angeles,1992,4,8
1992-04-09,140,Unhealthy for Sensitive Groups,Ozone,21,Los Angeles,California,34.1141,-118.4068,12531334.0,3267.0,America/Los_Angeles,1992,4,9
1992-04-10,190,Unhealthy,Ozone,21,Los Angeles,California,34.1141,-118.4068,12531334.0,3267.0,America/Los_Angeles,1992,4,10
1992-04-11,217,Very Unhealthy,Ozone,21,Los Angeles,California,34.1141,-118.4068,12531334.0,3267.0,America/Los_Angeles,1992,4,11
1992-04-12,190,Unhealthy,Ozone,22,Los Angeles,California,34.1141,-118.4068,12531334.0,3267.0,America/Los_Angeles,1992,4,12
1992-04-13,101,Unhealthy for Sensitive Groups,Ozone,21,Los Angeles,California,34.1141,-118.4068,12531334.0,3267.0,America/Los_Angeles,1992,4,13
1992-04-14,74,Moderate,Ozone,21,Los Angeles,California,34.1141,-118.4068,12531334.0,3267.0,America/Los_Angeles,1992,4,14
1992-04-15,57,Moderate,NO2,20,Los Angeles,California,34.1141,-118.4068,12531334.0,3267.0,America/Los_Angeles,1992,4,15
1992-04-16,143,Unhealthy for Sensitive Groups,Ozone,20,Los Angeles,California,34.1141,-118.4068,12531334.0,3267.0,America/Los_Angeles,1992,4,16
1992-04-17,210,Very Unhealthy,Ozone,20,Los Angeles,California,34.1141,-118.4068,12531334.0,3267.0,America/Los_Angeles,1992,4,17
1992-04-18,212,Very Unhealthy,Ozone,21,Los Angeles,California,34.1141,-118.4068,12531334.0,3267.0,America/Los_Angeles,1992,4,18
1992-04-19,187,Unhealthy,Ozone,20,Los Angeles,California,34.1141,-118.4068,12531334.0,3267.0,America/Los_Angeles,1992,4,19
1992-04-20,177,Unhealthy,Ozone,20,Los Angeles,California,34.1141,-118.4068,12531334.0,3267.0,America/Los_Angeles,1992,4,20
1992-04-21,174,Unhealthy,Ozone,20,Los Angeles,California,34.1141,-118.4068,12531334.0,3267.0,America/Los_Angeles,1992,4,21
1992-04-22,122,Unhealthy for Sensitive Groups,Ozone,20,Los Angeles,California,34.1141,-118.4068,12531334.0,3267.0,America/Los_Angeles,1992,4,22
1992-04-23,216,Very Unhealthy,Ozone,20,Los Angeles,California,34.1141,-118.4068,12531334.0,3267.0,America/Los_Angeles,1992,4,23
1992-04-24,256,Very Unhealthy,Ozone,21,Los Angeles,California,34.1141,-118.4068,12531334.0,3267.0,America/Los_Angeles,1992,4,24
1992-04-25,291,Very Unhealthy,Ozone,20,Los Angeles,California,34.1141,-118.4068,12531334.0,3267.0,America/Los_Angeles,1992,4,25
1992-04-26,285,Very Unhealthy,Ozone,20,Los Angeles,California,34.1141,-118.4068,12531334.0,3267.0,America/Los_Angeles,1992,4,26
1992-04-27,228,Very Unhealthy,Ozone,20,Los Angeles,California,34.1141,-118.4068,12531334.0,3267.0,America/Los_Angeles,1992,4,27
1992-04-28,240,Very Unhealthy,Ozone,20,Los Angeles,California,34.1141,-118.4068,12531334.0,3267.0,America/Los_Angeles,1992,4,28
1992-04-29,217,Very Unhealthy,Ozone,20,Los Angeles,California,34.1141,-118.4068,12531334.0,3267.0,America/Los_Angeles,1992,4,29
1992-04-30,154,Unhealthy,Ozone,21,Los Angeles,California,34.1141,-118.4068,12531334.0,3267.0,America/Los_Angeles,1992,4,30
1992-05-01,179,Unhealthy,Ozone,20,Los Angeles,California,34.1141,-118.4068,12531334.0,3267.0,America/Los_Angeles,1992,5,1
1992-05-02,229,Very Unhealthy,Ozone,20,Los Angeles,California,34.1141,-118.4068,12531334.0,3267.0,America/Los_Angeles,1992,5,2
1992-05-03,213,Very Unhealthy,Ozone,20,Los Angeles,California,34.1141,-118.4068,12531334.0,3267.0,America/Los_Angeles,1992,5,3
1992-05-04,164,Unhealthy,Ozone,20,Los Angeles,California,34.1141,-118.4068,12531334.0,3267.0,America/Los_Angeles,1992,5,4
1992-05-05,79,Moderate,NO2,20,Los Angeles,California,34.1141,-118.4068,12531334.0,3267.0,America/Los_Angeles,1992,5,5
1992-05-06,67,Moderate,Ozone,21,Los Angeles,California,34.1141,-118.4068,12531334.0,3267.0,America/Los_Angeles,1992,5,6
1992-05-07,119,Unhealthy for Sensitive Groups,Ozone,20,Los Angeles,California,34.1141,-118.4068,12531334.0,3267.0,America/Los_Angeles,1992,5,7
1992-05-08,228,Very Unhealthy,Ozone,20,Los Angeles,California,34.1141,-118.4068,12531334.0,3267.0,America/Los_Angeles,1992,5,8
1992-05-09,100,Moderate,Ozone,20,Los Angeles,California,34.1141,-118.4068,12531334.0,3267.0,America/Los_Angeles,1992,5,9
1992-05-10,122,Unhealthy for Sensitive Groups,Ozone,20,Los Angeles,California,34.1141,-118.4068,12531334.0,3267.0,America/Los_Angeles,1992,5,10
1992-05-11,58,Moderate,Ozone,20,Los Angeles,California,34.1141,-118.4068,12531334.0,3267.0,America/Los_Angeles,1992,5,11
1992-05-12,126,Unhealthy for Sensitive Groups,Ozone,21,Los Angeles,California,34.1141,-118.4068,12531334.0,3267.0,America/Los_Angeles,1992,5,12
1992-05-13,166,Unhealthy,Ozone,20,Los Angeles,California,34.1141,-118.4068,12531334.0,3267.0,America/Los_Angeles,1992,5,13
1992-05-14,122,Unhealthy for Sensitive Groups,Ozone,20,Los Angeles,California,34.1141,-118.4068,12531334.0,3267.0,America/Los_Angeles,1992,5,14
1992-05-15,143,Unhealthy for Sensitive Groups,Ozone,20,Los Angeles,California,34.1141,-118.4068,12531334.0,3267.0,America/Los_Angeles,1992,5,15
1992-05-16,212,Very Unhealthy,Ozone,20,Los Angeles,California,34.1141,-118.4068,12531334.0,3267.0,America/Los_Angeles,1992,5,16
1992-05-17,245,Very Unhealthy,Ozone,20,Los Angeles,California,34.1141,-118.4068,12531334.0,3267.0,America/Los_Angeles,1992,5,17
1992-05-18,219,Very Unhealthy,Ozone,21,Los Angeles,California,34.1141,-118.4068,12531334.0,3267.0,America/Los_Angeles,1992,5,18
1992-05-19,74,Moderate,Ozone,20,Los Angeles,California,34.1141,-118.4068,12531334.0,3267.0,America/Los_Angeles,1992,5,19
1992-05-20,54,Moderate,Ozone,20,Los Angeles,California,34.1141,-118.4068,12531334.0,3267.0,America/Los_Angeles,1992,5,20
1992-05-21,105,Unhealthy for Sensitive Groups,Ozone,20,Los Angeles,California,34.1141,-118.4068,12531334.0,3267.0,America/Los_Angeles,1992,5,21
1992-05-22,166,Unhealthy,Ozone,20,Los Angeles,California,34.1141,-118.4068,12531334.0,3267.0,America/Los_Angeles,1992,5,22
1992-05-23,192,Unhealthy,Ozone,20,Los Angeles,California,34.1141,-118.4068,12531334.0,3267.0,America/Los_Angeles,1992,5,23
1992-05-24,192,Unhealthy,Ozone,21,Los Angeles,California,34.1141,-118.4068,12531334.0,3267.0,America/Los_Angeles,1992,5,24
1992-05-25,192,Unhealthy,Ozone,20,Los Angeles,California,34.1141,-118.4068,12531334.0,3267.0,America/Los_Angeles,1992,5,25
1992-05-26,200,Unhealthy,Ozone,20,Los Angeles,California,34.1141,-118.4068,12531334.0,3267.0,America/Los_Angeles,1992,5,26
1992-05-27,136,Unhealthy for Sensitive Groups,Ozone,20,Los Angeles,California,34.1141,-118.4068,12531334.0,3267.0,America/Los_Angeles,1992,5,27
1992-05-28,100,Moderate,Ozone,20,Los Angeles,California,34.1141,-118.4068,12531334.0,3267.0,America/Los_Angeles,1992,5,28
1992-05-29,101,Unhealthy for Sensitive Groups,Ozone,20,Los Angeles,California,34.1141,-118.4068,12531334.0,3267.0,America/Los_Angeles,1992,5,29
1992-05-30,234,Very Unhealthy,Ozone,21,Los Angeles,California,34.1141,-118.4068,12531334.0,3267.0,America/Los_Angeles,1992,5,30
1992-05-31,223,Very Unhealthy,Ozone,20,Los Angeles,California,34.1141,-118.4068,12531334.0,3267.0,America/Los_Angeles,1992,5,31
1992-06-01,222,Very Unhealthy,Ozone,20,Los Angeles,California,34.1141,-118.4068,12531334.0,3267.0,America/Los_Angeles,1992,6,1
1992-06-02,238,Very Unhealthy,Ozone,20,Los Angeles,California,34.1141,-118.4068,12531334.0,3267.0,America/Los_Angeles,1992,6,2
1992-06-03,260,Very Unhealthy,Ozone,20,Los Angeles,California,34.1141,-118.4068,12531334.0,3267.0,America/Los_Angeles,1992,6,3
1992-06-04,229,Very Unhealthy,Ozone,20,Los Angeles,California,34.1141,-118.4068,12531334.0,3267.0,America/Los_Angeles,1992,6,4
1992-06-05,74,Moderate,Ozone,21,Los Angeles,California,34.1141,-118.4068,12531334.0,3267.0,America/Los_Angeles,1992,6,5
1992-06-06,48,Good,Ozone,20,Los Angeles,California,34.1141,-118.4068,12531334.0,3267.0,America/Los_Angeles,1992,6,6
1992-06-07,105,Unhealthy for Sensitive Groups,Ozone,20,Los Angeles,California,34.1141,-118.4068,12531334.0,3267.0,America/Los_Angeles,1992,6,7
1992-06-08,151,Unhealthy,Ozone,20,Los Angeles,California,34.1141,-118.4068,12531334.0,3267.0,America/Los_Angeles,1992,6,8
1992-06-09,166,Unhealthy,Ozone,20,Los Angeles,California,34.1141,-118.4068,12531334.0,3267.0,America/Los_Angeles,1992,6,9
1992-06-10,164,Unhealthy,Ozone,20,Los Angeles,California,34.1141,-118.4068,12531334.0,3267.0,America/Los_Angeles,1992,6,10
1992-06-11,90,Moderate,Ozone,21,Los Angeles,California,34.1141,-118.4068,12531334.0,3267.0,America/Los_Angeles,1992,6,11
1992-06-12,156,Unhealthy,Ozone,20,Los Angeles,California,34.1141,-118.4068,12531334.0,3267.0,America/Los_Angeles,1992,6,12
1992-06-13,140,Unhealthy for Sensitive Groups,Ozone,20,Los Angeles,California,34.1141,-118.4068,12531334.0,3267.0,America/Los_Angeles,1992,6,13
1992-06-14,90,Moderate,Ozone,20,Los Angeles,California,34.1141,-118.4068,12531334.0,3267.0,America/Los_Angeles,1992,6,14
1992-06-15,67,Moderate,Ozone,20,Los Angeles,California,34.1141,-118.4068,12531334.0,3267.0,America/Los_Angeles,1992,6,15
1992-06-16,147,Unhealthy for Sensitive Groups,Ozone,20,Los Angeles,California,34.1141,-118.4068,12531334.0,3267.0,America/Los_Angeles,1992,6,16
1992-06-17,212,Very Unhealthy,Ozone,21,Los Angeles,California,34.1141,-118.4068,12531334.0,3267.0,America/Los_Angeles,1992,6,17
1992-06-18,179,Unhealthy,Ozone,20,Los Angeles,California,34.1141,-118.4068,12531334.0,3267.0,America/Los_Angeles,1992,6,18
1992-06-19,200,Unhealthy,Ozone,20,Los Angeles,California,34.1141,-118.4068,12531334.0,3267.0,America/Los_Angeles,1992,6,19
1992-06-20,229,Very Unhealthy,Ozone,20,Los Angeles,California,34.1141,-118.4068,12531334.0,3267.0,America/Los_Angeles,1992,6,20
1992-06-21,212,Very Unhealthy,Ozone,20,Los Angeles,California,34.1141,-118.4068,12531334.0,3267.0,America/Los_Angeles,1992,6,21
1992-06-22,205,Very Unhealthy,Ozone,20,Los Angeles,California,34.1141,-118.4068,12531334.0,3267.0,America/Los_Angeles,1992,6,22
1992-06-23,192,Unhealthy,Ozone,21,Los Angeles,California,34.1141,-118.4068,12531334.0,3267.0,America/Los_Angeles,1992,6,23
1992-06-24,140,Unhealthy for Sensitive Groups,Ozone,20,Los Angeles,California,34.1141,-118.4068,12531334.0,3267.0,America/Los_Angeles,1992,6,24
1992-06-25,126,Unhealthy for Sensitive Groups,Ozone,20,Los Angeles,California,34.1141,-118.4068,12531334.0,3267.0,America/Los_Angeles,1992,6,25
1992-06-26,169,Unhealthy,Ozone,20,Los Angeles,California,34.1141,-118.4068,12531334.0,3267.0,America/Los_Angeles,1992,6,26
1992-06-27,237,Very Unhealthy,Ozone,20,Los Angeles,California,34.1141,-118.4068,12531334.0,3267.0,America/Los_Angeles,1992,6,27
1992-06-28,212,Very Unhealthy,Ozone,20,Los Angeles,California,34.1141,-118.4068,12531334.0,3267.0,America/Los_Angeles,1992,6,28
1992-06-29,49,Good,Ozone,21,Los Angeles,California,34.1141,-118.4068,12531334.0,3267.0,America/Los_Angeles,1992,6,29
1992-06-30,47,Good,NO2,20,Los Angeles,California,34.1141,-118.4068,12531334.0,3267.0,America/Los_Angeles,1992,6,30
1992-07-01,90,Moderate,Ozone,20,Los Angeles,California,34.1141,-118.4068,12531334.0,3267.0,America/Los_Angeles,1992,7,1
1992-07-02,214,Very Unhealthy,Ozone,20,Los Angeles,California,34.1141,-118.4068,12531334.0,3267.0,America/Los_Angeles,1992,7,2
1992-07-03,202,Very Unhealthy,Ozone,20,Los Angeles,California,34.1141,-118.4068,12531334.0,3267.0,America/Los_Angeles,1992,7,3
1992-07-04,218,Very Unhealthy,Ozone,20,Los Angeles,California,34.1141,-118.4068,12531334.0,3267.0,America/Los_Angeles,1992,7,4
1992-07-05,245,Very Unhealthy,Ozone,21,Los Angeles,California,34.1141,-118.4068,12531334.0,3267.0,America/Los_Angeles,1992,7,5
1992-07-06,226,Very Unhealthy,Ozone,20,Los Angeles,California,34.1141,-118.4068,12531334.0,3267.0,America/Los_Angeles,1992,7,6
1992-07-07,79,Moderate,NO2,20,Los Angeles,California,34.1141,-118.4068,12531334.0,3267.0,America/Los_Angeles,1992,7,7
1992-07-08,169,Unhealthy,Ozone,20,Los Angeles,California,34.1141,-118.4068,12531334.0,3267.0,America/Los_Angeles,1992,7,8
1992-07-09,143,Unhealthy for Sensitive Groups,Ozone,20,Los Angeles,California,34.1141,-118.4068,12531334.0,3267.0,America/Los_Angeles,1992,7,9
1992-07-10,84,Moderate,Ozone,20,Los Angeles,California,34.1141,-118.4068,12531334.0,3267.0,America/Los_Angeles,1992,7,10
1992-07-11,38,Good,NO2,21,Los Angeles,California,34.1141,-118.4068,12531334.0,3267.0,America/Los_Angeles,1992,7,11
1992-07-12,28,Good,NO2,20,Los Angeles,California,34.1141,-118.4068,12531334.0,3267.0,America/Los_Angeles,1992,7,12
1992-07-13,48,Good,Ozone,20,Los Angeles,California,34.1141,-118.4068,12531334.0,3267.0,America/Los_Angeles,1992,7,13
1992-07-14,133,Unhealthy for Sensitive Groups,Ozone,20,Los Angeles,California,34.1141,-118.4068,12531334.0,3267.0,America/Los_Angeles,1992,7,14
1992-07-15,182,Unhealthy,Ozone,20,Los Angeles,California,34.1141,-118.4068,12531334.0,3267.0,America/Los_Angeles,1992,7,15
1992-07-16,247,Very Unhealthy,Ozone,20,Los Angeles,California,34.1141,-118.4068,12531334.0,3267.0,America/Los_Angeles,1992,7,16
1992-07-17,258,Very Unhealthy,Ozone,21,Los Angeles,California,34.1141,-118.4068,12531334.0,3267.0,America/Los_Angeles,1992,7,17
1992-07-18,282,Very Unhealthy,Ozone,20,Los Angeles,California,34.1141,-118.4068,12531334.0,3267.0,America/Los_Angeles,1992,7,18
1992-07-19,223,Very Unhealthy,Ozone,20,Los Angeles,California,34.1141,-118.4068,12531334.0,3267.0,America/Los_Angeles,1992,7,19
1992-07-20,208,Very Unhealthy,Ozone,20,Los Angeles,California,34.1141,-118.4068,12531334.0,3267.0,America/Los_Angeles,1992,7,20
1992-07-21,190,Unhealthy,Ozone,20,Los Angeles,California,34.1141,-118.4068,12531334.0,3267.0,America/Los_Angeles,1992,7,21
1992-07-22,164,Unhealthy,Ozone,20,Los Angeles,California,34.1141,-118.4068,12531334.0,3267.0,America/Los_Angeles,1992,7,22
1992-07-23,203,Very Unhealthy,Ozone,20,Los Angeles,California,34.1141,-118.4068,12531334.0,3267.0,America/Los_Angeles,1992,7,23
1992-07-24,187,Unhealthy,Ozone,20,Los Angeles,California,34.1141,-118.4068,12531334.0,3267.0,America/Los_Angeles,1992,7,24
1992-07-25,206,Very Unhealthy,Ozone,20,Los Angeles,California,34.1141,-118.4068,12531334.0,3267.0,America/Los_Angeles,1992,7,25
1992-07-26,232,Very Unhealthy,Ozone,20,Los Angeles,California,34.1141,-118.4068,12531334.0,3267.0,America/Los_Angeles,1992,7,26
1992-07-27,219,Very Unhealthy,Ozone,20,Los Angeles,California,34.1141,-118.4068,12531334.0,3267.0,America/Los_Angeles,1992,7,27
1992-07-28,219,Very Unhealthy,Ozone,20,Los Angeles,California,34.1141,-118.4068,12531334.0,3267.0,America/Los_Angeles,1992,7,28
1992-07-29,239,Very Unhealthy,Ozone,21,Los Angeles,California,34.1141,-118.4068,12531334.0,3267.0,America/Los_Angeles,1992,7,29
1992-07-30,251,Very Unhealthy,Ozone,20,Los Angeles,California,34.1141,-118.4068,12531334.0,3267.0,America/Los_Angeles,1992,7,30
1992-07-31,268,Very Unhealthy,Ozone,20,Los Angeles,California,34.1141,-118.4068,12531334.0,3267.0,America/Los_Angeles,1992,7,31
1992-08-01,300,Very Unhealthy,Ozone,20,Los Angeles,California,34.1141,-118.4068,12531334.0,3267.0,America/Los_Angeles,1992,8,1
1992-08-02,271,Very Unhealthy,Ozone,20,Los Angeles,California,34.1141,-118.4068,12531334.0,3267.0,America/Los_Angeles,1992,8,2
1992-08-03,266,Very Unhealthy,Ozone,20,Los Angeles,California,34.1141,-118.4068,12531334.0,3267.0,America/Los_Angeles,1992,8,3
1992-08-04,164,Unhealthy,Ozone,21,Los Angeles,California,34.1141,-118.4068,12531334.0,3267.0,America/Los_Angeles,1992,8,4
1992-08-05,187,Unhealthy,Ozone,20,Los Angeles,California,34.1141,-118.4068,12531334.0,3267.0,America/Los_Angeles,1992,8,5
1992-08-06,200,Unhealthy,Ozone,20,Los Angeles,California,34.1141,-118.4068,12531334.0,3267.0,America/Los_Angeles,1992,8,6
1992-08-07,190,Unhealthy,Ozone,20,Los Angeles,California,34.1141,-118.4068,12531334.0,3267.0,America/Los_Angeles,1992,8,7
1992-08-08,224,Very Unhealthy,Ozone,20,Los Angeles,California,34.1141,-118.4068,12531334.0,3267.0,America/Los_Angeles,1992,8,8
1992-08-09,221,Very Unhealthy,Ozone,20,Los Angeles,California,34.1141,-118.4068,12531334.0,3267.0,America/Los_Angeles,1992,8,9
1992-08-10,217,Very Unhealthy,Ozone,21,Los Angeles,California,34.1141,-118.4068,12531334.0,3267.0,America/Los_Angeles,1992,8,10
1992-08-11,242,Very Unhealthy,Ozone,20,Los Angeles,California,34.1141,-118.4068,12531334.0,3267.0,America/Los_Angeles,1992,8,11
1992-08-12,243,Very Unhealthy,Ozone,20,Los Angeles,California,34.1141,-118.4068,12531334.0,3267.0,America/Los_Angeles,1992,8,12
1992-08-13,260,Very Unhealthy,Ozone,20,Los Angeles,California,34.1141,-118.4068,12531334.0,3267.0,America/Los_Angeles,1992,8,13
1992-08-14,213,Very Unhealthy,Ozone,20,Los Angeles,California,34.1141,-118.4068,12531334.0,3267.0,America/Los_Angeles,1992,8,14
1992-08-15,245,Very Unhealthy,Ozone,20,Los Angeles,California,34.1141,-118.4068,12531334.0,3267.0,America/Los_Angeles,1992,8,15
1992-08-16,274,Very Unhealthy,Ozone,21,Los Angeles,California,34.1141,-118.4068,12531334.0,3267.0,America/Los_Angeles,1992,8,16
1992-08-17,281,Very Unhealthy,Ozone,20,Los Angeles,California,34.1141,-118.4068,12531334.0,3267.0,America/Los_Angeles,1992,8,17
1992-08-18,253,Very Unhealthy,Ozone,20,Los Angeles,California,34.1141,-118.4068,12531334.0,3267.0,America/Los_Angeles,1992,8,18
1992-08-19,251,Very Unhealthy,Ozone,20,Los Angeles,California,34.1141,-118.4068,12531334.0,3267.0,America/Los_Angeles,1992,8,19
1992-08-20,244,Very Unhealthy,Ozone,20,Los Angeles,California,34.1141,-118.4068,12531334.0,3267.0,America/Los_Angeles,1992,8,20
1992-08-21,206,Very Unhealthy,Ozone,20,Los Angeles,California,34.1141,-118.4068,12531334.0,3267.0,America/Los_Angeles,1992,8,21
1992-08-22,156,Unhealthy,Ozone,21,Los Angeles,California,34.1141,-118.4068,12531334.0,3267.0,America/Los_Angeles,1992,8,22
1992-08-23,200,Unhealthy,Ozone,20,Los Angeles,California,34.1141,-118.4068,12531334.0,3267.0,America/Los_Angeles,1992,8,23
1992-08-24,140,Unhealthy for Sensitive Groups,Ozone,20,Los Angeles,California,34.1141,-118.4068,12531334.0,3267.0,America/Los_Angeles,1992,8,24
1992-08-25,174,Unhealthy,Ozone,20,Los Angeles,California,34.1141,-118.4068,12531334.0,3267.0,America/Los_Angeles,1992,8,25
1992-08-26,164,Unhealthy,Ozone,20,Los Angeles,California,34.1141,-118.4068,12531334.0,3267.0,America/Los_Angeles,1992,8,26
1992-08-27,179,Unhealthy,Ozone,20,Los Angeles,California,34.1141,-118.4068,12531334.0,3267.0,America/Los_Angeles,1992,8,27
1992-08-28,195,Unhealthy,Ozone,21,Los Angeles,California,34.1141,-118.4068,12531334.0,3267.0,America/Los_Angeles,1992,8,28
1992-08-29,192,Unhealthy,Ozone,20,Los Angeles,California,34.1141,-118.4068,12531334.0,3267.0,America/Los_Angeles,1992,8,29
1992-08-30,61,Moderate,Ozone,20,Los Angeles,California,34.1141,-118.4068,12531334.0,3267.0,America/Los_Angeles,1992,8,30
1992-08-31,77,Moderate,Ozone,20,Los Angeles,California,34.1141,-118.4068,12531334.0,3267.0,America/Los_Angeles,1992,8,31
1992-09-01,150,Unhealthy for Sensitive Groups,Ozone,20,Los Angeles,California,34.1141,-118.4068,12531334.0,3267.0,America/Los_Angeles,1992,9,1
1992-09-02,166,Unhealthy,Ozone,20,Los Angeles,California,34.1141,-118.4068,12531334.0,3267.0,America/Los_Angeles,1992,9,2
1992-09-03,156,Unhealthy,Ozone,21,Los Angeles,California,34.1141,-118.4068,12531334.0,3267.0,America/Los_Angeles,1992,9,3
1992-09-04,100,Moderate,Ozone,20,Los Angeles,California,34.1141,-118.4068,12531334.0,3267.0,America/Los_Angeles,1992,9,4
1992-09-05,233,Very Unhealthy,Ozone,20,Los Angeles,California,34.1141,-118.4068,12531334.0,3267.0,America/Los_Angeles,1992,9,5
1992-09-06,207,Very Unhealthy,Ozone,20,Los Angeles,California,34.1141,-118.4068,12531334.0,3267.0,America/Los_Angeles,1992,9,6
1992-09-07,233,Very Unhealthy,Ozone,20,Los Angeles,California,34.1141,-118.4068,12531334.0,3267.0,America/Los_Angeles,1992,9,7
1992-09-08,221,Very Unhealthy,Ozone,20,Los Angeles,California,34.1141,-118.4068,12531334.0,3267.0,America/Los_Angeles,1992,9,8
1992-09-09,219,Very Unhealthy,Ozone,21,Los Angeles,California,34.1141,-118.4068,12531334.0,3267.0,America/Los_Angeles,1992,9,9
1992-09-10,205,Very Unhealthy,Ozone,20,Los Angeles,California,34.1141,-118.4068,12531334.0,3267.0,America/Los_Angeles,1992,9,10
1992-09-11,240,Very Unhealthy,Ozone,20,Los Angeles,California,34.1141,-118.4068,12531334.0,3267.0,America/Los_Angeles,1992,9,11
1992-09-12,234,Very Unhealthy,Ozone,20,Los Angeles,California,34.1141,-118.4068,12531334.0,3267.0,America/Los_Angeles,1992,9,12
1992-09-13,214,Very Unhealthy,Ozone,19,Los Angeles,California,34.1141,-118.4068,12531334.0,3267.0,America/Los_Angeles,1992,9,13
1992-09-14,126,Unhealthy for Sensitive Groups,Ozone,20,Los Angeles,California,34.1141,-118.4068,12531334.0,3267.0,America/Los_Angeles,1992,9,14
1992-09-15,122,Unhealthy for Sensitive Groups,Ozone,21,Los Angeles,California,34.1141,-118.4068,12531334.0,3267.0,America/Los_Angeles,1992,9,15
1992-09-16,150,Unhealthy for Sensitive Groups,Ozone,20,Los Angeles,California,34.1141,-118.4068,12531334.0,3267.0,America/Los_Angeles,1992,9,16
1992-09-17,169,Unhealthy,Ozone,20,Los Angeles,California,34.1141,-118.4068,12531334.0,3267.0,America/Los_Angeles,1992,9,17
1992-09-18,119,Unhealthy for Sensitive Groups,Ozone,20,Los Angeles,California,34.1141,-118.4068,12531334.0,3267.0,America/Los_Angeles,1992,9,18
1992-09-19,216,Very Unhealthy,Ozone,20,Los Angeles,California,34.1141,-118.4068,12531334.0,3267.0,America/Los_Angeles,1992,9,19
1992-09-20,271,Very Unhealthy,Ozone,20,Los Angeles,California,34.1141,-118.4068,12531334.0,3267.0,America/Los_Angeles,1992,9,20
1992-09-21,255,Very Unhealthy,Ozone,21,Los Angeles,California,34.1141,-118.4068,12531334.0,3267.0,America/Los_Angeles,1992,9,21
1992-09-22,179,Unhealthy,Ozone,20,Los Angeles,California,34.1141,-118.4068,12531334.0,3267.0,America/Los_Angeles,1992,9,22
1992-09-23,129,Unhealthy for Sensitive Groups,NO2,20,Los Angeles,California,34.1141,-118.4068,12531334.0,3267.0,America/Los_Angeles,1992,9,23
1992-09-24,169,Unhealthy,Ozone,20,Los Angeles,California,34.1141,-118.4068,12531334.0,3267.0,America/Los_Angeles,1992,9,24
1992-09-25,151,Unhealthy,Ozone,20,Los Angeles,California,34.1141,-118.4068,12531334.0,3267.0,America/Los_Angeles,1992,9,25
1992-09-26,227,Very Unhealthy,Ozone,20,Los Angeles,California,34.1141,-118.4068,12531334.0,3267.0,America/Los_Angeles,1992,9,26
1992-09-27,222,Very Unhealthy,Ozone,20,Los Angeles,California,34.1141,-118.4068,12531334.0,3267.0,America/Los_Angeles,1992,9,27
1992-09-28,182,Unhealthy,Ozone,20,Los Angeles,California,34.1141,-118.4068,12531334.0,3267.0,America/Los_Angeles,1992,9,28
1992-09-29,202,Very Unhealthy,Ozone,20,Los Angeles,California,34.1141,-118.4068,12531334.0,3267.0,America/Los_Angeles,1992,9,29
1992-09-30,182,Unhealthy,Ozone,21,Los Angeles,California,34.1141,-118.4068,12531334.0,3267.0,America/Los_Angeles,1992,9,30
1992-10-01,118,Unhealthy for Sensitive Groups,NO2,20,Los Angeles,California,34.1141,-118.4068,12531334.0,3267.0,America/Los_Angeles,1992,10,1
1992-10-02,57,Moderate,NO2,20,Los Angeles,California,34.1141,-118.4068,12531334.0,3267.0,America/Los_Angeles,1992,10,2
1992-10-03,101,Unhealthy for Sensitive Groups,Ozone,21,Los Angeles,California,34.1141,-118.4068,12531334.0,3267.0,America/Los_Angeles,1992,10,3
1992-10-04,226,Very Unhealthy,Ozone,20,Los Angeles,California,34.1141,-118.4068,12531334.0,3267.0,America/Los_Angeles,1992,10,4
1992-10-05,221,Very Unhealthy,Ozone,20,Los Angeles,California,34.1141,-118.4068,12531334.0,3267.0,America/Los_Angeles,1992,10,5
1992-10-06,213,Very Unhealthy,Ozone,20,Los Angeles,California,34.1141,-118.4068,12531334.0,3267.0,America/Los_Angeles,1992,10,6
1992-10-07,140,Unhealthy for Sensitive Groups,Ozone,20,Los Angeles,California,34.1141,-118.4068,12531334.0,3267.0,America/Los_Angeles,1992,10,7
1992-10-08,126,Unhealthy for Sensitive Groups,Ozone,20,Los Angeles,California,34.1141,-118.4068,12531334.0,3267.0,America/Los_Angeles,1992,10,8
1992-10-09,214,Very Unhealthy,Ozone,20,Los Angeles,California,34.1141,-118.4068,12531334.0,3267.0,America/Los_Angeles,1992,10,9
1992-10-10,237,Very Unhealthy,Ozone,20,Los Angeles,California,34.1141,-118.4068,12531334.0,3267.0,America/Los_Angeles,1992,10,10
1992-10-11,249,Very Unhealthy,Ozone,20,Los Angeles,California,34.1141,-118.4068,12531334.0,3267.0,America/Los_Angeles,1992,10,11
1992-10-12,200,Unhealthy,Ozone,20,Los Angeles,California,34.1141,-118.4068,12531334.0,3267.0,America/Los_Angeles,1992,10,12
1992-10-13,93,Moderate,Ozone,20,Los Angeles,California,34.1141,-118.4068,12531334.0,3267.0,America/Los_Angeles,1992,10,13
1992-10-14,57,Moderate,NO2,20,Los Angeles,California,34.1141,-118.4068,12531334.0,3267.0,America/Los_Angeles,1992,10,14
1992-10-15,68,Moderate,NO2,21,Los Angeles,California,34.1141,-118.4068,12531334.0,3267.0,America/Los_Angeles,1992,10,15
1992-10-16,105,Unhealthy for Sensitive Groups,Ozone,20,Los Angeles,California,34.1141,-118.4068,12531334.0,3267.0,America/Los_Angeles,1992,10,16
1992-10-17,182,Unhealthy,Ozone,21,Los Angeles,California,34.1141,-118.4068,12531334.0,3267.0,America/Los_Angeles,1992,10,17
1992-10-18,218,Very Unhealthy,Ozone,20,Los Angeles,California,34.1141,-118.4068,12531334.0,3267.0,America/Los_Angeles,1992,10,18
1992-10-19,164,Unhealthy,Ozone,20,Los Angeles,California,34.1141,-118.4068,12531334.0,3267.0,America/Los_Angeles,1992,10,19
1992-10-20,202,Very Unhealthy,Ozone,20,Los Angeles,California,34.1141,-118.4068,12531334.0,3267.0,America/Los_Angeles,1992,10,20
1992-10-21,89,Moderate,NO2,21,Los Angeles,California,34.1141,-118.4068,12531334.0,3267.0,America/Los_Angeles,1992,10,21
1992-10-22,110,Unhealthy for Sensitive Groups,NO2,20,Los Angeles,California,34.1141,-118.4068,12531334.0,3267.0,America/Los_Angeles,1992,10,22
1992-10-23,103,Unhealthy for Sensitive Groups,NO2,20,Los Angeles,California,34.1141,-118.4068,12531334.0,3267.0,America/Los_Angeles,1992,10,23
1992-10-24,47,Good,NO2,20,Los Angeles,California,34.1141,-118.4068,12531334.0,3267.0,America/Los_Angeles,1992,10,24
1992-10-25,77,Moderate,Ozone,20,Los Angeles,California,34.1141,-118.4068,12531334.0,3267.0,America/Los_Angeles,1992,10,25
1992-10-26,108,Unhealthy for Sensitive Groups,NO2,20,Los Angeles,California,34.1141,-118.4068,12531334.0,3267.0,America/Los_Angeles,1992,10,26
1992-10-27,103,Unhealthy for Sensitive Groups,NO2,21,Los Angeles,California,34.1141,-118.4068,12531334.0,3267.0,America/Los_Angeles,1992,10,27
1992-10-28,47,Good,NO2,20,Los Angeles,California,34.1141,-118.4068,12531334.0,3267.0,America/Los_Angeles,1992,10,28
1992-10-29,47,Good,NO2,20,Los Angeles,California,34.1141,-118.4068,12531334.0,3267.0,America/Los_Angeles,1992,10,29
1992-10-30,47,Good,NO2,20,Los Angeles,California,34.1141,-118.4068,12531334.0,3267.0,America/Los_Angeles,1992,10,30
1992-10-31,79,Moderate,NO2,20,Los Angeles,California,34.1141,-118.4068,12531334.0,3267.0,America/Los_Angeles,1992,10,31
1992-11-01,89,Moderate,NO2,20,Los Angeles,California,34.1141,-118.4068,12531334.0,3267.0,America/Los_Angeles,1992,11,1
1992-11-02,110,Unhealthy for Sensitive Groups,NO2,21,Los Angeles,California,34.1141,-118.4068,12531334.0,3267.0,America/Los_Angeles,1992,11,2
1992-11-03,105,Unhealthy for Sensitive Groups,NO2,20,Los Angeles,California,34.1141,-118.4068,12531334.0,3267.0,America/Los_Angeles,1992,11,3
1992-11-04,89,Moderate,NO2,20,Los Angeles,California,34.1141,-118.4068,12531334.0,3267.0,America/Los_Angeles,1992,11,4
1992-11-05,103,Unhealthy for Sensitive Groups,NO2,20,Los Angeles,California,34.1141,-118.4068,12531334.0,3267.0,America/Los_Angeles,1992,11,5
1992-11-06,114,Unhealthy for Sensitive Groups,NO2,20,Los Angeles,California,34.1141,-118.4068,12531334.0,3267.0,America/Los_Angeles,1992,11,6
1992-11-07,103,Unhealthy for Sensitive Groups,NO2,20,Los Angeles,California,34.1141,-118.4068,12531334.0,3267.0,America/Los_Angeles,1992,11,7
1992-11-08,105,Unhealthy for Sensitive Groups,Ozone,21,Los Angeles,California,34.1141,-118.4068,12531334.0,3267.0,America/Los_Angeles,1992,11,8
1992-11-09,57,Moderate,NO2,20,Los Angeles,California,34.1141,-118.4068,12531334.0,3267.0,America/Los_Angeles,1992,11,9
1992-11-10,79,Moderate,NO2,20,Los Angeles,California,34.1141,-118.4068,12531334.0,3267.0,America/Los_Angeles,1992,11,10
1992-11-11,103,Unhealthy for Sensitive Groups,NO2,20,Los Angeles,California,34.1141,-118.4068,12531334.0,3267.0,America/Los_Angeles,1992,11,11
1992-11-12,105,Unhealthy for Sensitive Groups,NO2,20,Los Angeles,California,34.1141,-118.4068,12531334.0,3267.0,America/Los_Angeles,1992,11,12
1992-11-13,122,Unhealthy for Sensitive Groups,NO2,20,Los Angeles,California,34.1141,-118.4068,12531334.0,3267.0,America/Los_Angeles,1992,11,13
1992-11-14,175,Unhealthy,CO,21,Los Angeles,California,34.1141,-118.4068,12531334.0,3267.0,America/Los_Angeles,1992,11,14
1992-11-15,108,Unhealthy for Sensitive Groups,NO2,20,Los Angeles,California,34.1141,-118.4068,12531334.0,3267.0,America/Los_Angeles,1992,11,15
1992-11-16,116,Unhealthy for Sensitive Groups,CO,20,Los Angeles,California,34.1141,-118.4068,12531334.0,3267.0,America/Los_Angeles,1992,11,16
1992-11-17,89,Moderate,NO2,20,Los Angeles,California,34.1141,-118.4068,12531334.0,3267.0,America/Los_Angeles,1992,11,17
1992-11-18,89,Moderate,NO2,20,Los Angeles,California,34.1141,-118.4068,12531334.0,3267.0,America/Los_Angeles,1992,11,18
1992-11-19,105,Unhealthy for Sensitive Groups,NO2,20,Los Angeles,California,34.1141,-118.4068,12531334.0,3267.0,America/Los_Angeles,1992,11,19
1992-11-20,57,Moderate,NO2,21,Los Angeles,California,34.1141,-118.4068,12531334.0,3267.0,America/Los_Angeles,1992,11,20
1992-11-21,96,Moderate,CO,20,Los Angeles,California,34.1141,-118.4068,12531334.0,3267.0,America/Los_Angeles,1992,11,21
1992-11-22,115,Unhealthy for Sensitive Groups,CO,20,Los Angeles,California,34.1141,-118.4068,12531334.0,3267.0,America/Los_Angeles,1992,11,22
1992-11-23,79,Moderate,NO2,20,Los Angeles,California,34.1141,-118.4068,12531334.0,3267.0,America/Los_Angeles,1992,11,23
1992-11-24,79,Moderate,NO2,20,Los Angeles,California,34.1141,-118.4068,12531334.0,3267.0,America/Los_Angeles,1992,11,24
1992-11-25,100,Moderate,CO,20,Los Angeles,California,34.1141,-118.4068,12531334.0,3267.0,America/Los_Angeles,1992,11,25
1992-11-26,109,Unhealthy for Sensitive Groups,CO,21,Los Angeles,California,34.1141,-118.4068,12531334.0,3267.0,America/Los_Angeles,1992,11,26
1992-11-27,79,Moderate,NO2,20,Los Angeles,California,34.1141,-118.4068,12531334.0,3267.0,America/Los_Angeles,1992,11,27
1992-11-28,80,Moderate,CO,20,Los Angeles,California,34.1141,-118.4068,12531334.0,3267.0,America/Los_Angeles,1992,11,28
1992-11-29,94,Moderate,CO,20,Los Angeles,California,34.1141,-118.4068,12531334.0,3267.0,America/Los_Angeles,1992,11,29
1992-11-30,100,Moderate,CO,20,Los Angeles,California,34.1141,-118.4068,12531334.0,3267.0,America/Los_Angeles,1992,11,30
1992-12-01,118,Unhealthy for Sensitive Groups,NO2,20,Los Angeles,California,34.1141,-118.4068,12531334.0,3267.0,America/Los_Angeles,1992,12,1
1992-12-02,106,Unhealthy for Sensitive Groups,NO2,21,Los Angeles,California,34.1141,-118.4068,12531334.0,3267.0,America/Los_Angeles,1992,12,2
1992-12-03,68,Moderate,NO2,20,Los Angeles,California,34.1141,-118.4068,12531334.0,3267.0,America/Los_Angeles,1992,12,3
1992-12-04,67,Moderate,CO,20,Los Angeles,California,34.1141,-118.4068,12531334.0,3267.0,America/Los_Angeles,1992,12,4
1992-12-05,65,Moderate,CO,20,Los Angeles,California,34.1141,-118.4068,12531334.0,3267.0,America/Los_Angeles,1992,12,5
1992-12-06,73,Moderate,CO,20,Los Angeles,California,34.1141,-118.4068,12531334.0,3267.0,America/Los_Angeles,1992,12,6
1992-12-07,57,Moderate,NO2,20,Los Angeles,California,34.1141,-118.4068,12531334.0,3267.0,America/Los_Angeles,1992,12,7
1992-12-08,79,Moderate,NO2,21,Los Angeles,California,34.1141,-118.4068,12531334.0,3267.0,America/Los_Angeles,1992,12,8
1992-12-09,89,Moderate,NO2,20,Los Angeles,California,34.1141,-118.4068,12531334.0,3267.0,America/Los_Angeles,1992,12,9
1992-12-10,100,Moderate,NO2,20,Los Angeles,California,34.1141,-118.4068,12531334.0,3267.0,America/Los_Angeles,1992,12,10
1992-12-11,68,Moderate,NO2,20,Los Angeles,California,34.1141,-118.4068,12531334.0,3267.0,America/Los_Angeles,1992,12,11
1992-12-12,47,Good,NO2,20,Los Angeles,California,34.1141,-118.4068,12531334.0,3267.0,America/Los_Angeles,1992,12,12
1992-12-13,108,Unhealthy for Sensitive Groups,CO,20,Los Angeles,California,34.1141,-118.4068,12531334.0,3267.0,America/Los_Angeles,1992,12,13
1992-12-14,145,Unhealthy for Sensitive Groups,CO,21,Los Angeles,California,34.1141,-118.4068,12531334.0,3267.0,America/Los_Angeles,1992,12,14
1992-12-15,100,Moderate,NO2,20,Los Angeles,California,34.1141,-118.4068,12531334.0,3267.0,America/Los_Angeles,1992,12,15
1992-12-16,96,Moderate,CO,20,Los Angeles,California,34.1141,-118.4068,12531334.0,3267.0,America/Los_Angeles,1992,12,16
1992-12-17,108,Unhealthy for Sensitive Groups,CO,20,Los Angeles,California,34.1141,-118.4068,12531334.0,3267.0,America/Los_Angeles,1992,12,17
1992-12-18,68,Moderate,NO2,20,Los Angeles,California,34.1141,-118.4068,12531334.0,3267.0,America/Los_Angeles,1992,12,18
1992-12-19,89,Moderate,NO2,20,Los Angeles,California,34.1141,-118.4068,12531334.0,3267.0,America/Los_Angeles,1992,12,19
1992-12-20,103,Unhealthy for Sensitive Groups,NO2,21,Los Angeles,California,34.1141,-118.4068,12531334.0,3267.0,America/Los_Angeles,1992,12,20
1992-12-21,89,Moderate,NO2,19,Los Angeles,California,34.1141,-118.4068,12531334.0,3267.0,America/Los_Angeles,1992,12,21
1992-12-22,126,Unhealthy for Sensitive Groups,CO,19,Los Angeles,California,34.1141,-118.4068,12531334.0,3267.0,America/Los_Angeles,1992,12,22
1992-12-23,220,Very Unhealthy,CO,19,Los Angeles,California,34.1141,-118.4068,12531334.0,3267.0,America/Los_Angeles,1992,12,23
1992-12-24,223,Very Unhealthy,CO,19,Los Angeles,California,34.1141,-118.4068,12531334.0,3267.0,America/Los_Angeles,1992,12,24
1992-12-25,106,Unhealthy for Sensitive Groups,CO,19,Los Angeles,California,34.1141,-118.4068,12531334.0,3267.0,America/Los_Angeles,1992,12,25
1992-12-26,89,Moderate,NO2,20,Los Angeles,California,34.1141,-118.4068,12531334.0,3267.0,America/Los_Angeles,1992,12,26
1992-12-27,131,Unhealthy for Sensitive Groups,CO,19,Los Angeles,California,34.1141,-118.4068,12531334.0,3267.0,America/Los_Angeles,1992,12,27
1992-12-28,68,Moderate,NO2,19,Los Angeles,California,34.1141,-118.4068,12531334.0,3267.0,America/Los_Angeles,1992,12,28
1992-12-29,47,Good,NO2,19,Los Angeles,California,34.1141,-118.4068,12531334.0,3267.0,America/Los_Angeles,1992,12,29
1992-12-30,68,Moderate,NO2,19,Los Angeles,California,34.1141,-118.4068,12531334.0,3267.0,America/Los_Angeles,1992,12,30
1992-12-31,89,Moderate,NO2,19,Los Angeles,California,34.1141,-118.4068,12531334.0,3267.0,America/Los_Angeles,1992,12,31
1993-01-01,93,Moderate,CO,19,Los Angeles,California,34.1141,-118.4068,12531334.0,3267.0,America/Los_Angeles,1993,1,1
1993-01-02,68,Moderate,NO2,19,Los Angeles,California,34.1141,-118.4068,12531334.0,3267.0,America/Los_Angeles,1993,1,2
1993-01-03,57,Moderate,CO,19,Los Angeles,California,34.1141,-118.4068,12531334.0,3267.0,America/Los_Angeles,1993,1,3
1993-01-04,89,Moderate,NO2,19,Los Angeles,California,34.1141,-118.4068,12531334.0,3267.0,America/Los_Angeles,1993,1,4
1993-01-05,89,Moderate,NO2,19,Los Angeles,California,34.1141,-118.4068,12531334.0,3267.0,America/Los_Angeles,1993,1,5
1993-01-06,47,Good,NO2,19,Los Angeles,California,34.1141,-118.4068,12531334.0,3267.0,America/Los_Angeles,1993,1,6
1993-01-07,41,Good,CO,20,Los Angeles,California,34.1141,-118.4068,12531334.0,3267.0,America/Los_Angeles,1993,1,7
1993-01-08,47,Good,NO2,20,Los Angeles,California,34.1141,-118.4068,12531334.0,3267.0,America/Los_Angeles,1993,1,8
1993-01-09,47,Good,NO2,20,Los Angeles,California,34.1141,-118.4068,12531334.0,3267.0,America/Los_Angeles,1993,1,9
1993-01-10,47,Good,NO2,20,Los Angeles,California,34.1141,-118.4068,12531334.0,3267.0,America/Los_Angeles,1993,1,10
1993-01-11,57,Moderate,NO2,20,Los Angeles,California,34.1141,-118.4068,12531334.0,3267.0,America/Los_Angeles,1993,1,11
1993-01-12,59,Moderate,CO,20,Los Angeles,California,34.1141,-118.4068,12531334.0,3267.0,America/Los_Angeles,1993,1,12
1993-01-13,38,Good,NO2,20,Los Angeles,California,34.1141,-118.4068,12531334.0,3267.0,America/Los_Angeles,1993,1,13
1993-01-14,54,Moderate,CO,20,Los Angeles,California,34.1141,-118.4068,12531334.0,3267.0,America/Los_Angeles,1993,1,14
1993-01-15,55,Moderate,CO,20,Los Angeles,California,34.1141,-118.4068,12531334.0,3267.0,America/Los_Angeles,1993,1,15
1993-01-16,47,Good,NO2,20,Los Angeles,California,34.1141,-118.4068,12531334.0,3267.0,America/Los_Angeles,1993,1,16
1993-01-17,45,Good,CO,20,Los Angeles,California,34.1141,-118.4068,12531334.0,3267.0,America/Los_Angeles,1993,1,17
1993-01-18,47,Good,NO2,20,Los Angeles,California,34.1141,-118.4068,12531334.0,3267.0,America/Los_Angeles,1993,1,18
1993-01-19,80,Moderate,CO,20,Los Angeles,California,34.1141,-118.4068,12531334.0,3267.0,America/Los_Angeles,1993,1,19
1993-01-20,128,Unhealthy for Sensitive Groups,CO,20,Los Angeles,California,34.1141,-118.4068,12531334.0,3267.0,America/Los_Angeles,1993,1,20
1993-01-21,105,Unhealthy for Sensitive Groups,NO2,20,Los Angeles,California,34.1141,-118.4068,12531334.0,3267.0,America/Los_Angeles,1993,1,21
1993-01-22,114,Unhealthy for Sensitive Groups,NO2,20,Los Angeles,California,34.1141,-118.4068,12531334.0,3267.0,America/Los_Angeles,1993,1,22
1993-01-23,103,Unhealthy for Sensitive Groups,NO2,20,Los Angeles,California,34.1141,-118.4068,12531334.0,3267.0,America/Los_Angeles,1993,1,23
1993-01-24,103,Unhealthy for Sensitive Groups,NO2,20,Los Angeles,California,34.1141,-118.4068,12531334.0,3267.0,America/Los_Angeles,1993,1,24
1993-01-25,100,Moderate,NO2,20,Los Angeles,California,34.1141,-118.4068,12531334.0,3267.0,America/Los_Angeles,1993,1,25
1993-01-26,106,Unhealthy for Sensitive Groups,NO2,20,Los Angeles,California,34.1141,-118.4068,12531334.0,3267.0,America/Los_Angeles,1993,1,26
1993-01-27,114,Unhealthy for Sensitive Groups,NO2,20,Los Angeles,California,34.1141,-118.4068,12531334.0,3267.0,America/Los_Angeles,1993,1,27
1993-01-28,116,Unhealthy for Sensitive Groups,NO2,20,Los Angeles,California,34.1141,-118.4068,12531334.0,3267.0,America/Los_Angeles,1993,1,28
1993-01-29,108,Unhealthy for Sensitive Groups,NO2,20,Los Angeles,California,34.1141,-118.4068,12531334.0,3267.0,America/Los_Angeles,1993,1,29
1993-01-30,79,Moderate,NO2,20,Los Angeles,California,34.1141,-118.4068,12531334.0,3267.0,America/Los_Angeles,1993,1,30
1993-01-31,57,Moderate,NO2,20,Los Angeles,California,34.1141,-118.4068,12531334.0,3267.0,America/Los_Angeles,1993,1,31
1993-02-01,100,Moderate,NO2,20,Los Angeles,California,34.1141,-118.4068,12531334.0,3267.0,America/Los_Angeles,1993,2,1
1993-02-02,108,Unhealthy for Sensitive Groups,NO2,20,Los Angeles,California,34.1141,-118.4068,12531334.0,3267.0,America/Los_Angeles,1993,2,2
1993-02-03,108,Unhealthy for Sensitive Groups,NO2,20,Los Angeles,California,34.1141,-118.4068,12531334.0,3267.0,America/Los_Angeles,1993,2,3
1993-02-04,108,Unhealthy for Sensitive Groups,NO2,20,Los Angeles,California,34.1141,-118.4068,12531334.0,3267.0,America/Los_Angeles,1993,2,4
1993-02-05,89,Moderate,NO2,20,Los Angeles,California,34.1141,-118.4068,12531334.0,3267.0,America/Los_Angeles,1993,2,5
1993-02-06,105,Unhealthy for Sensitive Groups,NO2,20,Los Angeles,California,34.1141,-118.4068,12531334.0,3267.0,America/Los_Angeles,1993,2,6
1993-02-07,68,Moderate,NO2,19,Los Angeles,California,34.1141,-118.4068,12531334.0,3267.0,America/Los_Angeles,1993,2,7
1993-02-08,47,Good,NO2,20,Los Angeles,California,34.1141,-118.4068,12531334.0,3267.0,America/Los_Angeles,1993,2,8
1993-02-09,57,Moderate,NO2,20,Los Angeles,California,34.1141,-118.4068,12531334.0,3267.0,America/Los_Angeles,1993,2,9
1993-02-10,57,Moderate,NO2,20,Los Angeles,California,34.1141,-118.4068,12531334.0,3267.0,America/Los_Angeles,1993,2,10
1993-02-11,57,Moderate,NO2,20,Los Angeles,California,34.1141,-118.4068,12531334.0,3267.0,America/Los_Angeles,1993,2,11
1993-02-12,68,Moderate,NO2,20,Los Angeles,California,34.1141,-118.4068,12531334.0,3267.0,America/Los_Angeles,1993,2,12
1993-02-13,79,Moderate,NO2,20,Los Angeles,California,34.1141,-118.4068,12531334.0,3267.0,America/Los_Angeles,1993,2,13
1993-02-14,69,Moderate,CO,19,Los Angeles,California,34.1141,-118.4068,12531334.0,3267.0,America/Los_Angeles,1993,2,14
1993-02-15,47,Good,NO2,20,Los Angeles,California,34.1141,-118.4068,12531334.0,3267.0,America/Los_Angeles,1993,2,15
1993-02-16,57,Moderate,NO2,20,Los Angeles,California,34.1141,-118.4068,12531334.0,3267.0,America/Los_Angeles,1993,2,16
1993-02-17,57,Moderate,NO2,20,Los Angeles,California,34.1141,-118.4068,12531334.0,3267.0,America/Los_Angeles,1993,2,17
1993-02-18,57,Moderate,NO2,20,Los Angeles,California,34.1141,-118.4068,12531334.0,3267.0,America/Los_Angeles,1993,2,18
1993-02-19,38,Good,NO2,20,Los Angeles,California,34.1141,-118.4068,12531334.0,3267.0,America/Los_Angeles,1993,2,19
1993-02-20,47,Good,NO2,20,Los Angeles,California,34.1141,-118.4068,12531334.0,3267.0,America/Los_Angeles,1993,2,20
1993-02-21,63,Moderate,CO,20,Los Angeles,California,34.1141,-118.4068,12531334.0,3267.0,America/Los_Angeles,1993,2,21
1993-02-22,57,Moderate,NO2,20,Los Angeles,California,34.1141,-118.4068,12531334.0,3267.0,America/Los_Angeles,1993,2,22
1993-02-23,47,Good,NO2,20,Los Angeles,California,34.1141,-118.4068,12531334.0,3267.0,America/Los_Angeles,1993,2,23
1993-02-24,62,Moderate,CO,20,Los Angeles,California,34.1141,-118.4068,12531334.0,3267.0,America/Los_Angeles,1993,2,24
1993-02-25,57,Moderate,NO2,20,Los Angeles,California,34.1141,-118.4068,12531334.0,3267.0,America/Los_Angeles,1993,2,25
1993-02-26,57,Moderate,NO2,20,Los Angeles,California,34.1141,-118.4068,12531334.0,3267.0,America/Los_Angeles,1993,2,26
1993-02-27,55,Moderate,CO,20,Los Angeles,California,34.1141,-118.4068,12531334.0,3267.0,America/Los_Angeles,1993,2,27
1993-02-28,79,Moderate,NO2,20,Los Angeles,California,34.1141,-118.4068,12531334.0,3267.0,America/Los_Angeles,1993,2,28
1993-03-01,89,Moderate,NO2,20,Los Angeles,California,34.1141,-118.4068,12531334.0,3267.0,America/Los_Angeles,1993,3,1
1993-03-02,79,Moderate,NO2,20,Los Angeles,California,34.1141,-118.4068,12531334.0,3267.0,America/Los_Angeles,1993,3,2
1993-03-03,79,Moderate,NO2,20,Los Angeles,California,34.1141,-118.4068,12531334.0,3267.0,America/Los_Angeles,1993,3,3
1993-03-04,105,Unhealthy for Sensitive Groups,NO2,20,Los Angeles,California,34.1141,-118.4068,12531334.0,3267.0,America/Los_Angeles,1993,3,4
1993-03-05,106,Unhealthy for Sensitive Groups,NO2,20,Los Angeles,California,34.1141,-118.4068,12531334.0,3267.0,America/Los_Angeles,1993,3,5
1993-03-06,116,Unhealthy for Sensitive Groups,CO,20,Los Angeles,California,34.1141,-118.4068,12531334.0,3267.0,America/Los_Angeles,1993,3,6
1993-03-07,115,Unhealthy for Sensitive Groups,Ozone,20,Los Angeles,California,34.1141,-118.4068,12531334.0,3267.0,America/Los_Angeles,1993,3,7
1993-03-08,112,Unhealthy for Sensitive Groups,NO2,20,Los Angeles,California,34.1141,-118.4068,12531334.0,3267.0,America/Los_Angeles,1993,3,8
1993-03-09,110,Unhealthy for Sensitive Groups,NO2,20,Los Angeles,California,34.1141,-118.4068,12531334.0,3267.0,America/Los_Angeles,1993,3,9
1993-03-10,105,Unhealthy for Sensitive Groups,NO2,20,Los Angeles,California,34.1141,-118.4068,12531334.0,3267.0,America/Los_Angeles,1993,3,10
1993-03-11,105,Unhealthy for Sensitive Groups,NO2,20,Los Angeles,California,34.1141,-118.4068,12531334.0,3267.0,America/Los_Angeles,1993,3,11
1993-03-12,106,Unhealthy for Sensitive Groups,NO2,20,Los Angeles,California,34.1141,-118.4068,12531334.0,3267.0,America/Los_Angeles,1993,3,12
1993-03-13,103,Unhealthy for Sensitive Groups,NO2,20,Los Angeles,California,34.1141,-118.4068,12531334.0,3267.0,America/Los_Angeles,1993,3,13
1993-03-14,105,Unhealthy for Sensitive Groups,Ozone,20,Los Angeles,California,34.1141,-118.4068,12531334.0,3267.0,America/Los_Angeles,1993,3,14
1993-03-15,57,Moderate,NO2,20,Los Angeles,California,34.1141,-118.4068,12531334.0,3267.0,America/Los_Angeles,1993,3,15
1993-03-16,115,Unhealthy for Sensitive Groups,Ozone,20,Los Angeles,California,34.1141,-118.4068,12531334.0,3267.0,America/Los_Angeles,1993,3,16
1993-03-17,57,Moderate,NO2,20,Los Angeles,California,34.1141,-118.4068,12531334.0,3267.0,America/Los_Angeles,1993,3,17
1993-03-18,57,Moderate,NO2,20,Los Angeles,California,34.1141,-118.4068,12531334.0,3267.0,America/Los_Angeles,1993,3,18
1993-03-19,105,Unhealthy for Sensitive Groups,NO2,20,Los Angeles,California,34.1141,-118.4068,12531334.0,3267.0,America/Los_Angeles,1993,3,19
1993-03-20,150,Unhealthy for Sensitive Groups,Ozone,20,Los Angeles,California,34.1141,-118.4068,12531334.0,3267.0,America/Los_Angeles,1993,3,20
1993-03-21,187,Unhealthy,Ozone,20,Los Angeles,California,34.1141,-118.4068,12531334.0,3267.0,America/Los_Angeles,1993,3,21
1993-03-22,177,Unhealthy,Ozone,20,Los Angeles,California,34.1141,-118.4068,12531334.0,3267.0,America/Los_Angeles,1993,3,22
1993-03-23,208,Very Unhealthy,Ozone,20,Los Angeles,California,34.1141,-118.4068,12531334.0,3267.0,America/Los_Angeles,1993,3,23
1993-03-24,67,Moderate,Ozone,20,Los Angeles,California,34.1141,-118.4068,12531334.0,3267.0,America/Los_Angeles,1993,3,24
1993-03-25,47,Good,NO2,20,Los Angeles,California,34.1141,-118.4068,12531334.0,3267.0,America/Los_Angeles,1993,3,25
1993-03-26,47,Good,NO2,20,Los Angeles,California,34.1141,-118.4068,12531334.0,3267.0,America/Los_Angeles,1993,3,26
1993-03-27,39,Good,Ozone,20,Los Angeles,California,34.1141,-118.4068,12531334.0,3267.0,America/Los_Angeles,1993,3,27
1993-03-28,47,Good,NO2,20,Los Angeles,California,34.1141,-118.4068,12531334.0,3267.0,America/Los_Angeles,1993,3,28
1993-03-29,57,Moderate,NO2,20,Los Angeles,California,34.1141,-118.4068,12531334.0,3267.0,America/Los_Angeles,1993,3,29
1993-03-30,105,Unhealthy for Sensitive Groups,Ozone,20,Los Angeles,California,34.1141,-118.4068,12531334.0,3267.0,America/Los_Angeles,1993,3,30
1993-03-31,136,Unhealthy for Sensitive Groups,Ozone,20,Los Angeles,California,34.1141,-118.4068,12531334.0,3267.0,America/Los_Angeles,1993,3,31
1993-04-01,68,Moderate,NO2,20,Los Angeles,California,34.1141,-118.4068,12531334.0,3267.0,America/Los_Angeles,1993,4,1
1993-04-02,115,Unhealthy for Sensitive Groups,Ozone,20,Los Angeles,California,34.1141,-118.4068,12531334.0,3267.0,America/Los_Angeles,1993,4,2
1993-04-03,219,Very Unhealthy,Ozone,20,Los Angeles,California,34.1141,-118.4068,12531334.0,3267.0,America/Los_Angeles,1993,4,3
1993-04-04,203,Very Unhealthy,Ozone,20,Los Angeles,California,34.1141,-118.4068,12531334.0,3267.0,America/Los_Angeles,1993,4,4
1993-04-05,47,Good,NO2,20,Los Angeles,California,34.1141,-118.4068,12531334.0,3267.0,America/Los_Angeles,1993,4,5
1993-04-06,57,Moderate,NO2,20,Los Angeles,California,34.1141,-118.4068,12531334.0,3267.0,America/Los_Angeles,1993,4,6
1993-04-07,90,Moderate,Ozone,20,Los Angeles,California,34.1141,-118.4068,12531334.0,3267.0,America/Los_Angeles,1993,4,7
1993-04-08,190,Unhealthy,Ozone,20,Los Angeles,California,34.1141,-118.4068,12531334.0,3267.0,America/Los_Angeles,1993,4,8
1993-04-09,100,Moderate,NO2,20,Los Angeles,California,34.1141,-118.4068,12531334.0,3267.0,America/Los_Angeles,1993,4,9
1993-04-10,100,Moderate,Ozone,20,Los Angeles,California,34.1141,-118.4068,12531334.0,3267.0,America/Los_Angeles,1993,4,10
1993-04-11,174,Unhealthy,Ozone,20,Los Angeles,California,34.1141,-118.4068,12531334.0,3267.0,America/Los_Angeles,1993,4,11
1993-04-12,108,Unhealthy for Sensitive Groups,Ozone,20,Los Angeles,California,34.1141,-118.4068,12531334.0,3267.0,America/Los_Angeles,1993,4,12
1993-04-13,105,Unhealthy for Sensitive Groups,NO2,20,Los Angeles,California,34.1141,-118.4068,12531334.0,3267.0,America/Los_Angeles,1993,4,13
1993-04-14,105,Unhealthy for Sensitive Groups,Ozone,20,Los Angeles,California,34.1141,-118.4068,12531334.0,3267.0,America/Los_Angeles,1993,4,14
1993-04-15,93,Moderate,Ozone,20,Los Angeles,California,34.1141,-118.4068,12531334.0,3267.0,America/Los_Angeles,1993,4,15
1993-04-16,126,Unhealthy for Sensitive Groups,Ozone,20,Los Angeles,California,34.1141,-118.4068,12531334.0,3267.0,America/Los_Angeles,1993,4,16
1993-04-17,100,Moderate,Ozone,20,Los Angeles,California,34.1141,-118.4068,12531334.0,3267.0,America/Los_Angeles,1993,4,17
1993-04-18,61,Moderate,Ozone,20,Los Angeles,California,34.1141,-118.4068,12531334.0,3267.0,America/Los_Angeles,1993,4,18
1993-04-19,122,Unhealthy for Sensitive Groups,Ozone,20,Los Angeles,California,34.1141,-118.4068,12531334.0,3267.0,America/Los_Angeles,1993,4,19
1993-04-20,154,Unhealthy,Ozone,20,Los Angeles,California,34.1141,-118.4068,12531334.0,3267.0,America/Los_Angeles,1993,4,20
1993-04-21,177,Unhealthy,Ozone,20,Los Angeles,California,34.1141,-118.4068,12531334.0,3267.0,America/Los_Angeles,1993,4,21
1993-04-22,61,Moderate,Ozone,20,Los Angeles,California,34.1141,-118.4068,12531334.0,3267.0,America/Los_Angeles,1993,4,22
1993-04-23,100,Moderate,Ozone,20,Los Angeles,California,34.1141,-118.4068,12531334.0,3267.0,America/Los_Angeles,1993,4,23
1993-04-24,101,Unhealthy for Sensitive Groups,Ozone,20,Los Angeles,California,34.1141,-118.4068,12531334.0,3267.0,America/Los_Angeles,1993,4,24
1993-04-25,207,Very Unhealthy,Ozone,20,Los Angeles,California,34.1141,-118.4068,12531334.0,3267.0,America/Los_Angeles,1993,4,25
1993-04-26,177,Unhealthy,Ozone,20,Los Angeles,California,34.1141,-118.4068,12531334.0,3267.0,America/Los_Angeles,1993,4,26
1993-04-27,126,Unhealthy for Sensitive Groups,Ozone,20,Los Angeles,California,34.1141,-118.4068,12531334.0,3267.0,America/Los_Angeles,1993,4,27
1993-04-28,126,Unhealthy for Sensitive Groups,Ozone,20,Los Angeles,California,34.1141,-118.4068,12531334.0,3267.0,America/Los_Angeles,1993,4,28
1993-04-29,221,Very Unhealthy,Ozone,20,Los Angeles,California,34.1141,-118.4068,12531334.0,3267.0,America/Los_Angeles,1993,4,29
1993-04-30,221,Very Unhealthy,Ozone,20,Los Angeles,California,34.1141,-118.4068,12531334.0,3267.0,America/Los_Angeles,1993,4,30
1993-05-01,218,Very Unhealthy,Ozone,20,Los Angeles,California,34.1141,-118.4068,12531334.0,3267.0,America/Los_Angeles,1993,5,1
1993-05-02,210,Very Unhealthy,Ozone,20,Los Angeles,California,34.1141,-118.4068,12531334.0,3267.0,America/Los_Angeles,1993,5,2
1993-05-03,90,Moderate,Ozone,20,Los Angeles,California,34.1141,-118.4068,12531334.0,3267.0,America/Los_Angeles,1993,5,3
1993-05-04,49,Good,Ozone,20,Los Angeles,California,34.1141,-118.4068,12531334.0,3267.0,America/Los_Angeles,1993,5,4
1993-05-05,133,Unhealthy for Sensitive Groups,Ozone,20,Los Angeles,California,34.1141,-118.4068,12531334.0,3267.0,America/Los_Angeles,1993,5,5
1993-05-06,126,Unhealthy for Sensitive Groups,Ozone,20,Los Angeles,California,34.1141,-118.4068,12531334.0,3267.0,America/Los_Angeles,1993,5,6
1993-05-07,101,Unhealthy for Sensitive Groups,Ozone,20,Los Angeles,California,34.1141,-118.4068,12531334.0,3267.0,America/Los_Angeles,1993,5,7
1993-05-08,190,Unhealthy,Ozone,20,Los Angeles,California,34.1141,-118.4068,12531334.0,3267.0,America/Los_Angeles,1993,5,8
1993-05-09,223,Very Unhealthy,Ozone,20,Los Angeles,California,34.1141,-118.4068,12531334.0,3267.0,America/Los_Angeles,1993,5,9
1993-05-10,169,Unhealthy,Ozone,20,Los Angeles,California,34.1141,-118.4068,12531334.0,3267.0,America/Los_Angeles,1993,5,10
1993-05-11,71,Moderate,Ozone,20,Los Angeles,California,34.1141,-118.4068,12531334.0,3267.0,America/Los_Angeles,1993,5,11
1993-05-12,84,Moderate,Ozone,20,Los Angeles,California,34.1141,-118.4068,12531334.0,3267.0,America/Los_Angeles,1993,5,12
1993-05-13,93,Moderate,Ozone,20,Los Angeles,California,34.1141,-118.4068,12531334.0,3267.0,America/Los_Angeles,1993,5,13
1993-05-14,126,Unhealthy for Sensitive Groups,Ozone,20,Los Angeles,California,34.1141,-118.4068,12531334.0,3267.0,America/Los_Angeles,1993,5,14
1993-05-15,126,Unhealthy for Sensitive Groups,Ozone,20,Los Angeles,California,34.1141,-118.4068,12531334.0,3267.0,America/Los_Angeles,1993,5,15
1993-05-16,136,Unhealthy for Sensitive Groups,Ozone,19,Los Angeles,California,34.1141,-118.4068,12531334.0,3267.0,America/Los_Angeles,1993,5,16
1993-05-17,133,Unhealthy for Sensitive Groups,Ozone,20,Los Angeles,California,34.1141,-118.4068,12531334.0,3267.0,America/Los_Angeles,1993,5,17
1993-05-18,100,Moderate,Ozone,19,Los Angeles,California,34.1141,-118.4068,12531334.0,3267.0,America/Los_Angeles,1993,5,18
1993-05-19,93,Moderate,Ozone,20,Los Angeles,California,34.1141,-118.4068,12531334.0,3267.0,America/Los_Angeles,1993,5,19
1993-05-20,47,Good,NO2,20,Los Angeles,California,34.1141,-118.4068,12531334.0,3267.0,America/Los_Angeles,1993,5,20
1993-05-21,108,Unhealthy for Sensitive Groups,Ozone,20,Los Angeles,California,34.1141,-118.4068,12531334.0,3267.0,America/Los_Angeles,1993,5,21
1993-05-22,156,Unhealthy,Ozone,20,Los Angeles,California,34.1141,-118.4068,12531334.0,3267.0,America/Los_Angeles,1993,5,22
1993-05-23,90,Moderate,Ozone,20,Los Angeles,California,34.1141,-118.4068,12531334.0,3267.0,America/Los_Angeles,1993,5,23
1993-05-24,108,Unhealthy for Sensitive Groups,Ozone,20,Los Angeles,California,34.1141,-118.4068,12531334.0,3267.0,America/Los_Angeles,1993,5,24
1993-05-25,57,Moderate,NO2,20,Los Angeles,California,34.1141,-118.4068,12531334.0,3267.0,America/Los_Angeles,1993,5,25
1993-05-26,57,Moderate,NO2,20,Los Angeles,California,34.1141,-118.4068,12531334.0,3267.0,America/Los_Angeles,1993,5,26
1993-05-27,57,Moderate,NO2,20,Los Angeles,California,34.1141,-118.4068,12531334.0,3267.0,America/Los_Angeles,1993,5,27
1993-05-28,126,Unhealthy for Sensitive Groups,Ozone,20,Los Angeles,California,34.1141,-118.4068,12531334.0,3267.0,America/Los_Angeles,1993,5,28
1993-05-29,143,Unhealthy for Sensitive Groups,Ozone,20,Los Angeles,California,34.1141,-118.4068,12531334.0,3267.0,America/Los_Angeles,1993,5,29
1993-05-30,182,Unhealthy,Ozone,20,Los Angeles,California,34.1141,-118.4068,12531334.0,3267.0,America/Los_Angeles,1993,5,30
1993-05-31,93,Moderate,Ozone,20,Los Angeles,California,34.1141,-118.4068,12531334.0,3267.0,America/Los_Angeles,1993,5,31
1993-06-01,58,Moderate,Ozone,20,Los Angeles,California,34.1141,-118.4068,12531334.0,3267.0,America/Los_Angeles,1993,6,1
1993-06-02,54,Moderate,Ozone,20,Los Angeles,California,34.1141,-118.4068,12531334.0,3267.0,America/Los_Angeles,1993,6,2
1993-06-03,90,Moderate,Ozone,20,Los Angeles,California,34.1141,-118.4068,12531334.0,3267.0,America/Los_Angeles,1993,6,3
1993-06-04,54,Moderate,Ozone,20,Los Angeles,California,34.1141,-118.4068,12531334.0,3267.0,America/Los_Angeles,1993,6,4
1993-06-05,47,Good,NO2,20,Los Angeles,California,34.1141,-118.4068,12531334.0,3267.0,America/Los_Angeles,1993,6,5
1993-06-06,42,Good,Ozone,20,Los Angeles,California,34.1141,-118.4068,12531334.0,3267.0,America/Los_Angeles,1993,6,6
1993-06-07,57,Moderate,NO2,20,Los Angeles,California,34.1141,-118.4068,12531334.0,3267.0,America/Los_Angeles,1993,6,7
1993-06-08,154,Unhealthy,Ozone,20,Los Angeles,California,34.1141,-118.4068,12531334.0,3267.0,America/Los_Angeles,1993,6,8
1993-06-09,195,Unhealthy,Ozone,20,Los Angeles,California,34.1141,-118.4068,12531334.0,3267.0,America/Los_Angeles,1993,6,9
1993-06-10,217,Very Unhealthy,Ozone,20,Los Angeles,California,34.1141,-118.4068,12531334.0,3267.0,America/Los_Angeles,1993,6,10
1993-06-11,164,Unhealthy,Ozone,20,Los Angeles,California,34.1141,-118.4068,12531334.0,3267.0,America/Los_Angeles,1993,6,11
1993-06-12,214,Very Unhealthy,Ozone,20,Los Angeles,California,34.1141,-118.4068,12531334.0,3267.0,America/Los_Angeles,1993,6,12
1993-06-13,244,Very Unhealthy,Ozone,20,Los Angeles,California,34.1141,-118.4068,12531334.0,3267.0,America/Los_Angeles,1993,6,13
1993-06-14,271,Very Unhealthy,Ozone,20,Los Angeles,California,34.1141,-118.4068,12531334.0,3267.0,America/Los_Angeles,1993,6,14
1993-06-15,271,Very Unhealthy,Ozone,20,Los Angeles,California,34.1141,-118.4068,12531334.0,3267.0,America/Los_Angeles,1993,6,15
1993-06-16,195,Unhealthy,Ozone,20,Los Angeles,California,34.1141,-118.4068,12531334.0,3267.0,America/Los_Angeles,1993,6,16
1993-06-17,140,Unhealthy for Sensitive Groups,Ozone,20,Los Angeles,California,34.1141,-118.4068,12531334.0,3267.0,America/Los_Angeles,1993,6,17
1993-06-18,235,Very Unhealthy,Ozone,20,Los Angeles,California,34.1141,-118.4068,12531334.0,3267.0,America/Los_Angeles,1993,6,18
1993-06-19,229,Very Unhealthy,Ozone,20,Los Angeles,California,34.1141,-118.4068,12531334.0,3267.0,America/Los_Angeles,1993,6,19
1993-06-20,217,Very Unhealthy,Ozone,20,Los Angeles,California,34.1141,-118.4068,12531334.0,3267.0,America/Los_Angeles,1993,6,20
1993-06-21,115,Unhealthy for Sensitive Groups,Ozone,20,Los Angeles,California,34.1141,-118.4068,12531334.0,3267.0,America/Los_Angeles,1993,6,21
1993-06-22,177,Unhealthy,Ozone,20,Los Angeles,California,34.1141,-118.4068,12531334.0,3267.0,America/Los_Angeles,1993,6,22
1993-06-23,248,Very Unhealthy,Ozone,20,Los Angeles,California,34.1141,-118.4068,12531334.0,3267.0,America/Los_Angeles,1993,6,23
1993-06-24,232,Very Unhealthy,Ozone,20,Los Angeles,California,34.1141,-118.4068,12531334.0,3267.0,America/Los_Angeles,1993,6,24
1993-06-25,268,Very Unhealthy,Ozone,20,Los Angeles,California,34.1141,-118.4068,12531334.0,3267.0,America/Los_Angeles,1993,6,25
1993-06-26,274,Very Unhealthy,Ozone,20,Los Angeles,California,34.1141,-118.4068,12531334.0,3267.0,America/Los_Angeles,1993,6,26
1993-06-27,259,Very Unhealthy,Ozone,20,Los Angeles,California,34.1141,-118.4068,12531334.0,3267.0,America/Los_Angeles,1993,6,27
1993-06-28,212,Very Unhealthy,Ozone,20,Los Angeles,California,34.1141,-118.4068,12531334.0,3267.0,America/Los_Angeles,1993,6,28
1993-06-29,214,Very Unhealthy,Ozone,20,Los Angeles,California,34.1141,-118.4068,12531334.0,3267.0,America/Los_Angeles,1993,6,29
1993-06-30,249,Very Unhealthy,Ozone,20,Los Angeles,California,34.1141,-118.4068,12531334.0,3267.0,America/Los_Angeles,1993,6,30
1993-07-01,232,Very Unhealthy,Ozone,20,Los Angeles,California,34.1141,-118.4068,12531334.0,3267.0,America/Los_Angeles,1993,7,1
1993-07-02,222,Very Unhealthy,Ozone,20,Los Angeles,California,34.1141,-118.4068,12531334.0,3267.0,America/Los_Angeles,1993,7,2
1993-07-03,200,Unhealthy,Ozone,20,Los Angeles,California,34.1141,-118.4068,12531334.0,3267.0,America/Los_Angeles,1993,7,3
1993-07-04,115,Unhealthy for Sensitive Groups,Ozone,20,Los Angeles,California,34.1141,-118.4068,12531334.0,3267.0,America/Los_Angeles,1993,7,4
1993-07-05,151,Unhealthy,Ozone,19,Los Angeles,California,34.1141,-118.4068,12531334.0,3267.0,America/Los_Angeles,1993,7,5
1993-07-06,203,Very Unhealthy,Ozone,20,Los Angeles,California,34.1141,-118.4068,12531334.0,3267.0,America/Los_Angeles,1993,7,6
1993-07-07,208,Very Unhealthy,Ozone,20,Los Angeles,California,34.1141,-118.4068,12531334.0,3267.0,America/Los_Angeles,1993,7,7
1993-07-08,205,Very Unhealthy,Ozone,20,Los Angeles,California,34.1141,-118.4068,12531334.0,3267.0,America/Los_Angeles,1993,7,8
1993-07-09,200,Unhealthy,Ozone,20,Los Angeles,California,34.1141,-118.4068,12531334.0,3267.0,America/Los_Angeles,1993,7,9
1993-07-10,219,Very Unhealthy,Ozone,20,Los Angeles,California,34.1141,-118.4068,12531334.0,3267.0,America/Los_Angeles,1993,7,10
1993-07-11,228,Very Unhealthy,Ozone,20,Los Angeles,California,34.1141,-118.4068,12531334.0,3267.0,America/Los_Angeles,1993,7,11
1993-07-12,154,Unhealthy,Ozone,20,Los Angeles,California,34.1141,-118.4068,12531334.0,3267.0,America/Los_Angeles,1993,7,12
1993-07-13,90,Moderate,Ozone,20,Los Angeles,California,34.1141,-118.4068,12531334.0,3267.0,America/Los_Angeles,1993,7,13
1993-07-14,143,Unhealthy for Sensitive Groups,Ozone,20,Los Angeles,California,34.1141,-118.4068,12531334.0,3267.0,America/Los_Angeles,1993,7,14
1993-07-15,203,Very Unhealthy,Ozone,20,Los Angeles,California,34.1141,-118.4068,12531334.0,3267.0,America/Los_Angeles,1993,7,15
1993-07-16,179,Unhealthy,Ozone,20,Los Angeles,California,34.1141,-118.4068,12531334.0,3267.0,America/Los_Angeles,1993,7,16
1993-07-17,218,Very Unhealthy,Ozone,20,Los Angeles,California,34.1141,-118.4068,12531334.0,3267.0,America/Los_Angeles,1993,7,17
1993-07-18,234,Very Unhealthy,Ozone,20,Los Angeles,California,34.1141,-118.4068,12531334.0,3267.0,America/Los_Angeles,1993,7,18
1993-07-19,203,Very Unhealthy,Ozone,20,Los Angeles,California,34.1141,-118.4068,12531334.0,3267.0,America/Los_Angeles,1993,7,19
1993-07-20,169,Unhealthy,Ozone,20,Los Angeles,California,34.1141,-118.4068,12531334.0,3267.0,America/Los_Angeles,1993,7,20
1993-07-21,101,Unhealthy for Sensitive Groups,Ozone,20,Los Angeles,California,34.1141,-118.4068,12531334.0,3267.0,America/Los_Angeles,1993,7,21
1993-07-22,203,Very Unhealthy,Ozone,20,Los Angeles,California,34.1141,-118.4068,12531334.0,3267.0,America/Los_Angeles,1993,7,22
1993-07-23,156,Unhealthy,Ozone,20,Los Angeles,California,34.1141,-118.4068,12531334.0,3267.0,America/Los_Angeles,1993,7,23
1993-07-24,133,Unhealthy for Sensitive Groups,Ozone,20,Los Angeles,California,34.1141,-118.4068,12531334.0,3267.0,America/Los_Angeles,1993,7,24
1993-07-25,105,Unhealthy for Sensitive Groups,Ozone,19,Los Angeles,California,34.1141,-118.4068,12531334.0,3267.0,America/Los_Angeles,1993,7,25
1993-07-26,100,Moderate,Ozone,20,Los Angeles,California,34.1141,-118.4068,12531334.0,3267.0,America/Los_Angeles,1993,7,26
1993-07-27,136,Unhealthy for Sensitive Groups,Ozone,20,Los Angeles,California,34.1141,-118.4068,12531334.0,3267.0,America/Los_Angeles,1993,7,27
1993-07-28,100,Moderate,Ozone,20,Los Angeles,California,34.1141,-118.4068,12531334.0,3267.0,America/Los_Angeles,1993,7,28
1993-07-29,179,Unhealthy,Ozone,20,Los Angeles,California,34.1141,-118.4068,12531334.0,3267.0,America/Los_Angeles,1993,7,29
1993-07-30,232,Very Unhealthy,Ozone,20,Los Angeles,California,34.1141,-118.4068,12531334.0,3267.0,America/Los_Angeles,1993,7,30
1993-07-31,244,Very Unhealthy,Ozone,20,Los Angeles,California,34.1141,-118.4068,12531334.0,3267.0,America/Los_Angeles,1993,7,31
1993-08-01,284,Very Unhealthy,Ozone,20,Los Angeles,California,34.1141,-118.4068,12531334.0,3267.0,America/Los_Angeles,1993,8,1
1993-08-02,229,Very Unhealthy,Ozone,20,Los Angeles,California,34.1141,-118.4068,12531334.0,3267.0,America/Los_Angeles,1993,8,2
1993-08-03,217,Very Unhealthy,Ozone,20,Los Angeles,California,34.1141,-118.4068,12531334.0,3267.0,America/Los_Angeles,1993,8,3
1993-08-04,221,Very Unhealthy,Ozone,20,Los Angeles,California,34.1141,-118.4068,12531334.0,3267.0,America/Los_Angeles,1993,8,4
1993-08-05,264,Very Unhealthy,Ozone,20,Los Angeles,California,34.1141,-118.4068,12531334.0,3267.0,America/Los_Angeles,1993,8,5
1993-08-06,240,Very Unhealthy,Ozone,20,Los Angeles,California,34.1141,-118.4068,12531334.0,3267.0,America/Los_Angeles,1993,8,6
1993-08-07,207,Very Unhealthy,Ozone,20,Los Angeles,California,34.1141,-118.4068,12531334.0,3267.0,America/Los_Angeles,1993,8,7
1993-08-08,143,Unhealthy for Sensitive Groups,Ozone,20,Los Angeles,California,34.1141,-118.4068,12531334.0,3267.0,America/Los_Angeles,1993,8,8
1993-08-09,182,Unhealthy,Ozone,20,Los Angeles,California,34.1141,-118.4068,12531334.0,3267.0,America/Los_Angeles,1993,8,9
1993-08-10,179,Unhealthy,Ozone,20,Los Angeles,California,34.1141,-118.4068,12531334.0,3267.0,America/Los_Angeles,1993,8,10
1993-08-11,195,Unhealthy,Ozone,20,Los Angeles,California,34.1141,-118.4068,12531334.0,3267.0,America/Los_Angeles,1993,8,11
1993-08-12,115,Unhealthy for Sensitive Groups,Ozone,20,Los Angeles,California,34.1141,-118.4068,12531334.0,3267.0,America/Los_Angeles,1993,8,12
1993-08-13,105,Unhealthy for Sensitive Groups,Ozone,20,Los Angeles,California,34.1141,-118.4068,12531334.0,3267.0,America/Los_Angeles,1993,8,13
1993-08-14,140,Unhealthy for Sensitive Groups,Ozone,20,Los Angeles,California,34.1141,-118.4068,12531334.0,3267.0,America/Los_Angeles,1993,8,14
1993-08-15,143,Unhealthy for Sensitive Groups,Ozone,20,Los Angeles,California,34.1141,-118.4068,12531334.0,3267.0,America/Los_Angeles,1993,8,15
1993-08-16,182,Unhealthy,Ozone,20,Los Angeles,California,34.1141,-118.4068,12531334.0,3267.0,America/Los_Angeles,1993,8,16
1993-08-17,187,Unhealthy,Ozone,20,Los Angeles,California,34.1141,-118.4068,12531334.0,3267.0,America/Los_Angeles,1993,8,17
1993-08-18,210,Very Unhealthy,Ozone,20,Los Angeles,California,34.1141,-118.4068,12531334.0,3267.0,America/Los_Angeles,1993,8,18
1993-08-19,224,Very Unhealthy,Ozone,20,Los Angeles,California,34.1141,-118.4068,12531334.0,3267.0,America/Los_Angeles,1993,8,19
1993-08-20,219,Very Unhealthy,Ozone,20,Los Angeles,California,34.1141,-118.4068,12531334.0,3267.0,America/Los_Angeles,1993,8,20
1993-08-21,221,Very Unhealthy,Ozone,20,Los Angeles,California,34.1141,-118.4068,12531334.0,3267.0,America/Los_Angeles,1993,8,21
1993-08-22,244,Very Unhealthy,Ozone,20,Los Angeles,California,34.1141,-118.4068,12531334.0,3267.0,America/Los_Angeles,1993,8,22
1993-08-23,218,Very Unhealthy,Ozone,20,Los Angeles,California,34.1141,-118.4068,12531334.0,3267.0,America/Los_Angeles,1993,8,23
1993-08-24,239,Very Unhealthy,Ozone,20,Los Angeles,California,34.1141,-118.4068,12531334.0,3267.0,America/Los_Angeles,1993,8,24
1993-08-25,207,Very Unhealthy,Ozone,20,Los Angeles,California,34.1141,-118.4068,12531334.0,3267.0,America/Los_Angeles,1993,8,25
1993-08-26,140,Unhealthy for Sensitive Groups,Ozone,20,Los Angeles,California,34.1141,-118.4068,12531334.0,3267.0,America/Los_Angeles,1993,8,26
1993-08-27,115,Unhealthy for Sensitive Groups,Ozone,20,Los Angeles,California,34.1141,-118.4068,12531334.0,3267.0,America/Los_Angeles,1993,8,27
1993-08-28,218,Very Unhealthy,Ozone,20,Los Angeles,California,34.1141,-118.4068,12531334.0,3267.0,America/Los_Angeles,1993,8,28
1993-08-29,154,Unhealthy,Ozone,20,Los Angeles,California,34.1141,-118.4068,12531334.0,3267.0,America/Los_Angeles,1993,8,29
1993-08-30,166,Unhealthy,Ozone,20,Los Angeles,California,34.1141,-118.4068,12531334.0,3267.0,America/Los_Angeles,1993,8,30
1993-08-31,126,Unhealthy for Sensitive Groups,Ozone,20,Los Angeles,California,34.1141,-118.4068,12531334.0,3267.0,America/Los_Angeles,1993,8,31
1993-09-01,216,Very Unhealthy,Ozone,20,Los Angeles,California,34.1141,-118.4068,12531334.0,3267.0,America/Los_Angeles,1993,9,1
1993-09-02,235,Very Unhealthy,Ozone,20,Los Angeles,California,34.1141,-118.4068,12531334.0,3267.0,America/Los_Angeles,1993,9,2
1993-09-03,221,Very Unhealthy,Ozone,20,Los Angeles,California,34.1141,-118.4068,12531334.0,3267.0,America/Los_Angeles,1993,9,3
1993-09-04,226,Very Unhealthy,Ozone,20,Los Angeles,California,34.1141,-118.4068,12531334.0,3267.0,America/Los_Angeles,1993,9,4
1993-09-05,182,Unhealthy,Ozone,20,Los Angeles,California,34.1141,-118.4068,12531334.0,3267.0,America/Los_Angeles,1993,9,5
1993-09-06,208,Very Unhealthy,Ozone,20,Los Angeles,California,34.1141,-118.4068,12531334.0,3267.0,America/Los_Angeles,1993,9,6
1993-09-07,156,Unhealthy,Ozone,20,Los Angeles,California,34.1141,-118.4068,12531334.0,3267.0,America/Los_Angeles,1993,9,7
1993-09-08,223,Very Unhealthy,Ozone,20,Los Angeles,California,34.1141,-118.4068,12531334.0,3267.0,America/Los_Angeles,1993,9,8
1993-09-09,259,Very Unhealthy,Ozone,20,Los Angeles,California,34.1141,-118.4068,12531334.0,3267.0,America/Los_Angeles,1993,9,9
1993-09-10,259,Very Unhealthy,Ozone,20,Los Angeles,California,34.1141,-118.4068,12531334.0,3267.0,America/Los_Angeles,1993,9,10
1993-09-11,274,Very Unhealthy,Ozone,20,Los Angeles,California,34.1141,-118.4068,12531334.0,3267.0,America/Los_Angeles,1993,9,11
1993-09-12,164,Unhealthy,Ozone,20,Los Angeles,California,34.1141,-118.4068,12531334.0,3267.0,America/Los_Angeles,1993,9,12
1993-09-13,57,Moderate,NO2,20,Los Angeles,California,34.1141,-118.4068,12531334.0,3267.0,America/Los_Angeles,1993,9,13
1993-09-14,108,Unhealthy for Sensitive Groups,Ozone,20,Los Angeles,California,34.1141,-118.4068,12531334.0,3267.0,America/Los_Angeles,1993,9,14
1993-09-15,77,Moderate,Ozone,19,Los Angeles,California,34.1141,-118.4068,12531334.0,3267.0,America/Los_Angeles,1993,9,15
1993-09-16,51,Moderate,PM10,19,Los Angeles,California,34.1141,-118.4068,12531334.0,3267.0,America/Los_Angeles,1993,9,16
1993-09-17,47,Good,NO2,20,Los Angeles,California,34.1141,-118.4068,12531334.0,3267.0,America/Los_Angeles,1993,9,17
1993-09-18,108,Unhealthy for Sensitive Groups,Ozone,20,Los Angeles,California,34.1141,-118.4068,12531334.0,3267.0,America/Los_Angeles,1993,9,18
1993-09-19,210,Very Unhealthy,Ozone,20,Los Angeles,California,34.1141,-118.4068,12531334.0,3267.0,America/Los_Angeles,1993,9,19
1993-09-20,151,Unhealthy,Ozone,20,Los Angeles,California,34.1141,-118.4068,12531334.0,3267.0,America/Los_Angeles,1993,9,20
1993-09-21,119,Unhealthy for Sensitive Groups,Ozone,20,Los Angeles,California,34.1141,-118.4068,12531334.0,3267.0,America/Los_Angeles,1993,9,21
1993-09-22,143,Unhealthy for Sensitive Groups,Ozone,20,Los Angeles,California,34.1141,-118.4068,12531334.0,3267.0,America/Los_Angeles,1993,9,22
1993-09-23,214,Very Unhealthy,Ozone,20,Los Angeles,California,34.1141,-118.4068,12531334.0,3267.0,America/Los_Angeles,1993,9,23
1993-09-24,218,Very Unhealthy,Ozone,20,Los Angeles,California,34.1141,-118.4068,12531334.0,3267.0,America/Los_Angeles,1993,9,24
1993-09-25,206,Very Unhealthy,Ozone,20,Los Angeles,California,34.1141,-118.4068,12531334.0,3267.0,America/Los_Angeles,1993,9,25
1993-09-26,218,Very Unhealthy,Ozone,20,Los Angeles,California,34.1141,-118.4068,12531334.0,3267.0,America/Los_Angeles,1993,9,26
1993-09-27,179,Unhealthy,Ozone,20,Los Angeles,California,34.1141,-118.4068,12531334.0,3267.0,America/Los_Angeles,1993,9,27
1993-09-28,202,Very Unhealthy,Ozone,20,Los Angeles,California,34.1141,-118.4068,12531334.0,3267.0,America/Los_Angeles,1993,9,28
1993-09-29,182,Unhealthy,Ozone,20,Los Angeles,California,34.1141,-118.4068,12531334.0,3267.0,America/Los_Angeles,1993,9,29
1993-09-30,114,Unhealthy for Sensitive Groups,NO2,20,Los Angeles,California,34.1141,-118.4068,12531334.0,3267.0,America/Los_Angeles,1993,9,30
1993-10-01,166,Unhealthy,Ozone,20,Los Angeles,California,34.1141,-118.4068,12531334.0,3267.0,America/Los_Angeles,1993,10,1
1993-10-02,240,Very Unhealthy,Ozone,20,Los Angeles,California,34.1141,-118.4068,12531334.0,3267.0,America/Los_Angeles,1993,10,2
1993-10-03,239,Very Unhealthy,Ozone,20,Los Angeles,California,34.1141,-118.4068,12531334.0,3267.0,America/Los_Angeles,1993,10,3
1993-10-04,101,Unhealthy for Sensitive Groups,Ozone,20,Los Angeles,California,34.1141,-118.4068,12531334.0,3267.0,America/Los_Angeles,1993,10,4
1993-10-05,57,Moderate,NO2,20,Los Angeles,California,34.1141,-118.4068,12531334.0,3267.0,America/Los_Angeles,1993,10,5
1993-10-06,68,Moderate,NO2,20,Los Angeles,California,34.1141,-118.4068,12531334.0,3267.0,America/Los_Angeles,1993,10,6
1993-10-07,68,Moderate,NO2,20,Los Angeles,California,34.1141,-118.4068,12531334.0,3267.0,America/Los_Angeles,1993,10,7
1993-10-08,101,Unhealthy for Sensitive Groups,Ozone,20,Los Angeles,California,34.1141,-118.4068,12531334.0,3267.0,America/Los_Angeles,1993,10,8
1993-10-09,140,Unhealthy for Sensitive Groups,Ozone,20,Los Angeles,California,34.1141,-118.4068,12531334.0,3267.0,America/Los_Angeles,1993,10,9
1993-10-10,190,Unhealthy,Ozone,20,Los Angeles,California,34.1141,-118.4068,12531334.0,3267.0,America/Los_Angeles,1993,10,10
1993-10-11,68,Moderate,NO2,20,Los Angeles,California,34.1141,-118.4068,12531334.0,3267.0,America/Los_Angeles,1993,10,11
1993-10-12,77,Moderate,Ozone,20,Los Angeles,California,34.1141,-118.4068,12531334.0,3267.0,America/Los_Angeles,1993,10,12
1993-10-13,100,Moderate,NO2,20,Los Angeles,California,34.1141,-118.4068,12531334.0,3267.0,America/Los_Angeles,1993,10,13
1993-10-14,89,Moderate,NO2,20,Los Angeles,California,34.1141,-118.4068,12531334.0,3267.0,America/Los_Angeles,1993,10,14
1993-10-15,47,Good,NO2,20,Los Angeles,California,34.1141,-118.4068,12531334.0,3267.0,America/Los_Angeles,1993,10,15
1993-10-16,38,Good,NO2,20,Los Angeles,California,34.1141,-118.4068,12531334.0,3267.0,America/Los_Angeles,1993,10,16
1993-10-17,38,Good,NO2,20,Los Angeles,California,34.1141,-118.4068,12531334.0,3267.0,America/Los_Angeles,1993,10,17
1993-10-18,68,Moderate,NO2,20,Los Angeles,California,34.1141,-118.4068,12531334.0,3267.0,America/Los_Angeles,1993,10,18
1993-10-19,103,Unhealthy for Sensitive Groups,NO2,20,Los Angeles,California,34.1141,-118.4068,12531334.0,3267.0,America/Los_Angeles,1993,10,19
1993-10-20,106,Unhealthy for Sensitive Groups,NO2,20,Los Angeles,California,34.1141,-118.4068,12531334.0,3267.0,America/Los_Angeles,1993,10,20
1993-10-21,118,Unhealthy for Sensitive Groups,NO2,20,Los Angeles,California,34.1141,-118.4068,12531334.0,3267.0,America/Los_Angeles,1993,10,21
1993-10-22,120,Unhealthy for Sensitive Groups,NO2,20,Los Angeles,California,34.1141,-118.4068,12531334.0,3267.0,America/Los_Angeles,1993,10,22
1993-10-23,112,Unhealthy for Sensitive Groups,NO2,20,Los Angeles,California,34.1141,-118.4068,12531334.0,3267.0,America/Los_Angeles,1993,10,23
1993-10-24,136,Unhealthy for Sensitive Groups,Ozone,20,Los Angeles,California,34.1141,-118.4068,12531334.0,3267.0,America/Los_Angeles,1993,10,24
1993-10-25,112,Unhealthy for Sensitive Groups,NO2,20,Los Angeles,California,34.1141,-118.4068,12531334.0,3267.0,America/Los_Angeles,1993,10,25
1993-10-26,124,Unhealthy for Sensitive Groups,NO2,20,Los Angeles,California,34.1141,-118.4068,12531334.0,3267.0,America/Los_Angeles,1993,10,26
1993-10-27,100,Moderate,NO2,20,Los Angeles,California,34.1141,-118.4068,12531334.0,3267.0,America/Los_Angeles,1993,10,27
1993-10-28,112,Unhealthy for Sensitive Groups,NO2,20,Los Angeles,California,34.1141,-118.4068,12531334.0,3267.0,America/Los_Angeles,1993,10,28
1993-10-29,105,Unhealthy for Sensitive Groups,NO2,20,Los Angeles,California,34.1141,-118.4068,12531334.0,3267.0,America/Los_Angeles,1993,10,29
1993-10-30,103,Unhealthy for Sensitive Groups,NO2,20,Los Angeles,California,34.1141,-118.4068,12531334.0,3267.0,America/Los_Angeles,1993,10,30
1993-10-31,103,Unhealthy for Sensitive Groups,NO2,20,Los Angeles,California,34.1141,-118.4068,12531334.0,3267.0,America/Los_Angeles,1993,10,31
1993-11-01,108,Unhealthy for Sensitive Groups,NO2,20,Los Angeles,California,34.1141,-118.4068,12531334.0,3267.0,America/Los_Angeles,1993,11,1
1993-11-02,143,Unhealthy for Sensitive Groups,CO,20,Los Angeles,California,34.1141,-118.4068,12531334.0,3267.0,America/Los_Angeles,1993,11,2
1993-11-03,159,Unhealthy,CO,20,Los Angeles,California,34.1141,-118.4068,12531334.0,3267.0,America/Los_Angeles,1993,11,3
1993-11-04,106,Unhealthy for Sensitive Groups,CO,20,Los Angeles,California,34.1141,-118.4068,12531334.0,3267.0,America/Los_Angeles,1993,11,4
1993-11-05,105,Unhealthy for Sensitive Groups,NO2,20,Los Angeles,California,34.1141,-118.4068,12531334.0,3267.0,America/Los_Angeles,1993,11,5
1993-11-06,110,Unhealthy for Sensitive Groups,NO2,20,Los Angeles,California,34.1141,-118.4068,12531334.0,3267.0,America/Los_Angeles,1993,11,6
1993-11-07,122,Unhealthy for Sensitive Groups,Ozone,20,Los Angeles,California,34.1141,-118.4068,12531334.0,3267.0,America/Los_Angeles,1993,11,7
1993-11-08,108,Unhealthy for Sensitive Groups,Ozone,20,Los Angeles,California,34.1141,-118.4068,12531334.0,3267.0,America/Los_Angeles,1993,11,8
1993-11-09,120,Unhealthy for Sensitive Groups,NO2,20,Los Angeles,California,34.1141,-118.4068,12531334.0,3267.0,America/Los_Angeles,1993,11,9
1993-11-10,103,Unhealthy for Sensitive Groups,NO2,20,Los Angeles,California,34.1141,-118.4068,12531334.0,3267.0,America/Los_Angeles,1993,11,10
1993-11-11,47,Good,NO2,20,Los Angeles,California,34.1141,-118.4068,12531334.0,3267.0,America/Los_Angeles,1993,11,11
1993-11-12,47,Good,NO2,20,Los Angeles,California,34.1141,-118.4068,12531334.0,3267.0,America/Los_Angeles,1993,11,12
1993-11-13,57,Moderate,NO2,20,Los Angeles,California,34.1141,-118.4068,12531334.0,3267.0,America/Los_Angeles,1993,11,13
1993-11-14,57,Moderate,NO2,20,Los Angeles,California,34.1141,-118.4068,12531334.0,3267.0,America/Los_Angeles,1993,11,14
1993-11-15,75,Moderate,CO,20,Los Angeles,California,34.1141,-118.4068,12531334.0,3267.0,America/Los_Angeles,1993,11,15
1993-11-16,100,Moderate,NO2,20,Los Angeles,California,34.1141,-118.4068,12531334.0,3267.0,America/Los_Angeles,1993,11,16
1993-11-17,105,Unhealthy for Sensitive Groups,NO2,20,Los Angeles,California,34.1141,-118.4068,12531334.0,3267.0,America/Los_Angeles,1993,11,17
1993-11-18,110,Unhealthy for Sensitive Groups,NO2,20,Los Angeles,California,34.1141,-118.4068,12531334.0,3267.0,America/Los_Angeles,1993,11,18
1993-11-19,126,Unhealthy for Sensitive Groups,CO,20,Los Angeles,California,34.1141,-118.4068,12531334.0,3267.0,America/Los_Angeles,1993,11,19
1993-11-20,128,Unhealthy for Sensitive Groups,CO,20,Los Angeles,California,34.1141,-118.4068,12531334.0,3267.0,America/Los_Angeles,1993,11,20
1993-11-21,100,Moderate,NO2,20,Los Angeles,California,34.1141,-118.4068,12531334.0,3267.0,America/Los_Angeles,1993,11,21
1993-11-22,105,Unhealthy for Sensitive Groups,NO2,20,Los Angeles,California,34.1141,-118.4068,12531334.0,3267.0,America/Los_Angeles,1993,11,22
1993-11-23,57,Moderate,NO2,20,Los Angeles,California,34.1141,-118.4068,12531334.0,3267.0,America/Los_Angeles,1993,11,23
1993-11-24,89,Moderate,NO2,20,Los Angeles,California,34.1141,-118.4068,12531334.0,3267.0,America/Los_Angeles,1993,11,24
1993-11-25,79,Moderate,NO2,20,Los Angeles,California,34.1141,-118.4068,12531334.0,3267.0,America/Los_Angeles,1993,11,25
1993-11-26,79,Moderate,NO2,20,Los Angeles,California,34.1141,-118.4068,12531334.0,3267.0,America/Los_Angeles,1993,11,26
1993-11-27,89,Moderate,NO2,20,Los Angeles,California,34.1141,-118.4068,12531334.0,3267.0,America/Los_Angeles,1993,11,27
1993-11-28,89,Moderate,NO2,20,Los Angeles,California,34.1141,-118.4068,12531334.0,3267.0,America/Los_Angeles,1993,11,28
1993-11-29,103,Unhealthy for Sensitive Groups,NO2,20,Los Angeles,California,34.1141,-118.4068,12531334.0,3267.0,America/Los_Angeles,1993,11,29
1993-11-30,68,Moderate,NO2,20,Los Angeles,California,34.1141,-118.4068,12531334.0,3267.0,America/Los_Angeles,1993,11,30
1993-12-01,100,Moderate,NO2,20,Los Angeles,California,34.1141,-118.4068,12531334.0,3267.0,America/Los_Angeles,1993,12,1
1993-12-02,165,Unhealthy,CO,20,Los Angeles,California,34.1141,-118.4068,12531334.0,3267.0,America/Los_Angeles,1993,12,2
1993-12-03,186,Unhealthy,CO,20,Los Angeles,California,34.1141,-118.4068,12531334.0,3267.0,America/Los_Angeles,1993,12,3
1993-12-04,145,Unhealthy for Sensitive Groups,CO,20,Los Angeles,California,34.1141,-118.4068,12531334.0,3267.0,America/Los_Angeles,1993,12,4
1993-12-05,153,Unhealthy,CO,20,Los Angeles,California,34.1141,-118.4068,12531334.0,3267.0,America/Los_Angeles,1993,12,5
1993-12-06,100,Moderate,NO2,20,Los Angeles,California,34.1141,-118.4068,12531334.0,3267.0,America/Los_Angeles,1993,12,6
1993-12-07,103,Unhealthy for Sensitive Groups,NO2,20,Los Angeles,California,34.1141,-118.4068,12531334.0,3267.0,America/Los_Angeles,1993,12,7
1993-12-08,108,Unhealthy for Sensitive Groups,NO2,20,Los Angeles,California,34.1141,-118.4068,12531334.0,3267.0,America/Los_Angeles,1993,12,8
1993-12-09,100,Moderate,NO2,20,Los Angeles,California,34.1141,-118.4068,12531334.0,3267.0,America/Los_Angeles,1993,12,9
1993-12-10,112,Unhealthy for Sensitive Groups,NO2,20,Los Angeles,California,34.1141,-118.4068,12531334.0,3267.0,America/Los_Angeles,1993,12,10
1993-12-11,82,Moderate,CO,20,Los Angeles,California,34.1141,-118.4068,12531334.0,3267.0,America/Los_Angeles,1993,12,11
1993-12-12,82,Moderate,CO,20,Los Angeles,California,34.1141,-118.4068,12531334.0,3267.0,America/Los_Angeles,1993,12,12
1993-12-13,100,Moderate,NO2,20,Los Angeles,California,34.1141,-118.4068,12531334.0,3267.0,America/Los_Angeles,1993,12,13
1993-12-14,100,Moderate,NO2,20,Los Angeles,California,34.1141,-118.4068,12531334.0,3267.0,America/Los_Angeles,1993,12,14
1993-12-15,79,Moderate,NO2,20,Los Angeles,California,34.1141,-118.4068,12531334.0,3267.0,America/Los_Angeles,1993,12,15
1993-12-16,80,Moderate,CO,20,Los Angeles,California,34.1141,-118.4068,12531334.0,3267.0,America/Los_Angeles,1993,12,16
1993-12-17,79,Moderate,CO,20,Los Angeles,California,34.1141,-118.4068,12531334.0,3267.0,America/Los_Angeles,1993,12,17
1993-12-18,81,Moderate,CO,20,Los Angeles,California,34.1141,-118.4068,12531334.0,3267.0,America/Los_Angeles,1993,12,18
1993-12-19,75,Moderate,CO,20,Los Angeles,California,34.1141,-118.4068,12531334.0,3267.0,America/Los_Angeles,1993,12,19
1993-12-20,79,Moderate,CO,20,Los Angeles,California,34.1141,-118.4068,12531334.0,3267.0,America/Los_Angeles,1993,12,20
1993-12-21,106,Unhealthy for Sensitive Groups,CO,20,Los Angeles,California,34.1141,-118.4068,12531334.0,3267.0,America/Los_Angeles,1993,12,21
1993-12-22,135,Unhealthy for Sensitive Groups,CO,20,Los Angeles,California,34.1141,-118.4068,12531334.0,3267.0,America/Los_Angeles,1993,12,22
1993-12-23,108,Unhealthy for Sensitive Groups,NO2,20,Los Angeles,California,34.1141,-118.4068,12531334.0,3267.0,America/Los_Angeles,1993,12,23
1993-12-24,158,Unhealthy,CO,20,Los Angeles,California,34.1141,-118.4068,12531334.0,3267.0,America/Los_Angeles,1993,12,24
1993-12-25,173,Unhealthy,CO,20,Los Angeles,California,34.1141,-118.4068,12531334.0,3267.0,America/Los_Angeles,1993,12,25
1993-12-26,82,Moderate,CO,20,Los Angeles,California,34.1141,-118.4068,12531334.0,3267.0,America/Los_Angeles,1993,12,26
1993-12-27,103,Unhealthy for Sensitive Groups,NO2,20,Los Angeles,California,34.1141,-118.4068,12531334.0,3267.0,America/Los_Angeles,1993,12,27
1993-12-28,103,Unhealthy for Sensitive Groups,NO2,20,Los Angeles,California,34.1141,-118.4068,12531334.0,3267.0,America/Los_Angeles,1993,12,28
1993-12-29,136,Unhealthy for Sensitive Groups,CO,20,Los Angeles,California,34.1141,-118.4068,12531334.0,3267.0,America/Los_Angeles,1993,12,29
1993-12-30,143,Unhealthy for Sensitive Groups,CO,20,Los Angeles,California,34.1141,-118.4068,12531334.0,3267.0,America/Los_Angeles,1993,12,30
1993-12-31,135,Unhealthy for Sensitive Groups,CO,20,Los Angeles,California,34.1141,-118.4068,12531334.0,3267.0,America/Los_Angeles,1993,12,31
1994-01-01,204,Very Unhealthy,CO,18,Los Angeles,California,34.1141,-118.4068,12531334.0,3267.0,America/Los_Angeles,1994,1,1
1994-01-02,159,Unhealthy,CO,18,Los Angeles,California,34.1141,-118.4068,12531334.0,3267.0,America/Los_Angeles,1994,1,2
1994-01-03,109,Unhealthy for Sensitive Groups,NO2,18,Los Angeles,California,34.1141,-118.4068,12531334.0,3267.0,America/Los_Angeles,1994,1,3
1994-01-04,180,Unhealthy,CO,18,Los Angeles,California,34.1141,-118.4068,12531334.0,3267.0,America/Los_Angeles,1994,1,4
1994-01-05,123,Unhealthy for Sensitive Groups,CO,18,Los Angeles,California,34.1141,-118.4068,12531334.0,3267.0,America/Los_Angeles,1994,1,5
1994-01-06,102,Unhealthy for Sensitive Groups,NO2,18,Los Angeles,California,34.1141,-118.4068,12531334.0,3267.0,America/Los_Angeles,1994,1,6
1994-01-07,82,Moderate,CO,18,Los Angeles,California,34.1141,-118.4068,12531334.0,3267.0,America/Los_Angeles,1994,1,7
1994-01-08,90,Moderate,NO2,18,Los Angeles,California,34.1141,-118.4068,12531334.0,3267.0,America/Los_Angeles,1994,1,8
1994-01-09,74,Moderate,NO2,18,Los Angeles,California,34.1141,-118.4068,12531334.0,3267.0,America/Los_Angeles,1994,1,9
1994-01-10,104,Unhealthy for Sensitive Groups,NO2,18,Los Angeles,California,34.1141,-118.4068,12531334.0,3267.0,America/Los_Angeles,1994,1,10
1994-01-11,102,Unhealthy for Sensitive Groups,NO2,18,Los Angeles,California,34.1141,-118.4068,12531334.0,3267.0,America/Los_Angeles,1994,1,11
1994-01-12,128,Unhealthy for Sensitive Groups,CO,18,Los Angeles,California,34.1141,-118.4068,12531334.0,3267.0,America/Los_Angeles,1994,1,12
1994-01-13,198,Unhealthy,CO,18,Los Angeles,California,34.1141,-118.4068,12531334.0,3267.0,America/Los_Angeles,1994,1,13
1994-01-14,205,Very Unhealthy,CO,18,Los Angeles,California,34.1141,-118.4068,12531334.0,3267.0,America/Los_Angeles,1994,1,14
1994-01-15,116,Unhealthy for Sensitive Groups,CO,18,Los Angeles,California,34.1141,-118.4068,12531334.0,3267.0,America/Los_Angeles,1994,1,15
1994-01-16,112,Unhealthy for Sensitive Groups,NO2,18,Los Angeles,California,34.1141,-118.4068,12531334.0,3267.0,America/Los_Angeles,1994,1,16
1994-01-17,148,Unhealthy for Sensitive Groups,CO,18,Los Angeles,California,34.1141,-118.4068,12531334.0,3267.0,America/Los_Angeles,1994,1,17
1994-01-18,120,Unhealthy for Sensitive Groups,NO2,18,Los Angeles,California,34.1141,-118.4068,12531334.0,3267.0,America/Los_Angeles,1994,1,18
1994-01-19,116,Unhealthy for Sensitive Groups,NO2,18,Los Angeles,California,34.1141,-118.4068,12531334.0,3267.0,America/Los_Angeles,1994,1,19
1994-01-20,121,Unhealthy for Sensitive Groups,NO2,18,Los Angeles,California,34.1141,-118.4068,12531334.0,3267.0,America/Los_Angeles,1994,1,20
1994-01-21,129,Unhealthy for Sensitive Groups,NO2,18,Los Angeles,California,34.1141,-118.4068,12531334.0,3267.0,America/Los_Angeles,1994,1,21
1994-01-22,173,Unhealthy,CO,18,Los Angeles,California,34.1141,-118.4068,12531334.0,3267.0,America/Los_Angeles,1994,1,22
1994-01-23,89,Moderate,NO2,18,Los Angeles,California,34.1141,-118.4068,12531334.0,3267.0,America/Los_Angeles,1994,1,23
1994-01-24,52,Moderate,NO2,18,Los Angeles,California,34.1141,-118.4068,12531334.0,3267.0,America/Los_Angeles,1994,1,24
1994-01-25,57,Moderate,NO2,18,Los Angeles,California,34.1141,-118.4068,12531334.0,3267.0,America/Los_Angeles,1994,1,25
1994-01-26,58,Moderate,NO2,18,Los Angeles,California,34.1141,-118.4068,12531334.0,3267.0,America/Los_Angeles,1994,1,26
1994-01-27,62,Moderate,CO,18,Los Angeles,California,34.1141,-118.4068,12531334.0,3267.0,America/Los_Angeles,1994,1,27
1994-01-28,84,Moderate,NO2,18,Los Angeles,California,34.1141,-118.4068,12531334.0,3267.0,America/Los_Angeles,1994,1,28
1994-01-29,85,Moderate,NO2,18,Los Angeles,California,34.1141,-118.4068,12531334.0,3267.0,America/Los_Angeles,1994,1,29
1994-01-30,87,Moderate,CO,18,Los Angeles,California,34.1141,-118.4068,12531334.0,3267.0,America/Los_Angeles,1994,1,30
1994-01-31,69,Moderate,CO,18,Los Angeles,California,34.1141,-118.4068,12531334.0,3267.0,America/Los_Angeles,1994,1,31
1994-02-01,89,Moderate,NO2,18,Los Angeles,California,34.1141,-118.4068,12531334.0,3267.0,America/Los_Angeles,1994,2,1
1994-02-02,72,Moderate,NO2,18,Los Angeles,California,34.1141,-118.4068,12531334.0,3267.0,America/Los_Angeles,1994,2,2
1994-02-03,102,Unhealthy for Sensitive Groups,NO2,18,Los Angeles,California,34.1141,-118.4068,12531334.0,3267.0,America/Los_Angeles,1994,2,3
1994-02-04,48,Good,NO2,18,Los Angeles,California,34.1141,-118.4068,12531334.0,3267.0,America/Los_Angeles,1994,2,4
1994-02-05,55,Moderate,CO,18,Los Angeles,California,34.1141,-118.4068,12531334.0,3267.0,America/Los_Angeles,1994,2,5
1994-02-06,63,Moderate,CO,18,Los Angeles,California,34.1141,-118.4068,12531334.0,3267.0,America/Los_Angeles,1994,2,6
1994-02-07,42,Good,NO2,18,Los Angeles,California,34.1141,-118.4068,12531334.0,3267.0,America/Los_Angeles,1994,2,7
1994-02-08,51,Moderate,CO,18,Los Angeles,California,34.1141,-118.4068,12531334.0,3267.0,America/Los_Angeles,1994,2,8
1994-02-09,73,Moderate,NO2,18,Los Angeles,California,34.1141,-118.4068,12531334.0,3267.0,America/Los_Angeles,1994,2,9
1994-02-10,95,Moderate,NO2,18,Los Angeles,California,34.1141,-118.4068,12531334.0,3267.0,America/Los_Angeles,1994,2,10
1994-02-11,63,Moderate,CO,18,Los Angeles,California,34.1141,-118.4068,12531334.0,3267.0,America/Los_Angeles,1994,2,11
1994-02-12,96,Moderate,CO,18,Los Angeles,California,34.1141,-118.4068,12531334.0,3267.0,America/Los_Angeles,1994,2,12
1994-02-13,99,Moderate,CO,18,Los Angeles,California,34.1141,-118.4068,12531334.0,3267.0,America/Los_Angeles,1994,2,13
1994-02-14,104,Unhealthy for Sensitive Groups,NO2,18,Los Angeles,California,34.1141,-118.4068,12531334.0,3267.0,America/Los_Angeles,1994,2,14
1994-02-15,115,Unhealthy for Sensitive Groups,NO2,18,Los Angeles,California,34.1141,-118.4068,12531334.0,3267.0,America/Los_Angeles,1994,2,15
1994-02-16,112,Unhealthy for Sensitive Groups,NO2,18,Los Angeles,California,34.1141,-118.4068,12531334.0,3267.0,America/Los_Angeles,1994,2,16
1994-02-17,70,Moderate,NO2,18,Los Angeles,California,34.1141,-118.4068,12531334.0,3267.0,America/Los_Angeles,1994,2,17
1994-02-18,55,Moderate,NO2,18,Los Angeles,California,34.1141,-118.4068,12531334.0,3267.0,America/Los_Angeles,1994,2,18
1994-02-19,42,Good,NO2,18,Los Angeles,California,34.1141,-118.4068,12531334.0,3267.0,America/Los_Angeles,1994,2,19
1994-02-20,44,Good,NO2,18,Los Angeles,California,34.1141,-118.4068,12531334.0,3267.0,America/Los_Angeles,1994,2,20
1994-02-21,52,Moderate,CO,18,Los Angeles,California,34.1141,-118.4068,12531334.0,3267.0,America/Los_Angeles,1994,2,21
1994-02-22,66,Moderate,NO2,18,Los Angeles,California,34.1141,-118.4068,12531334.0,3267.0,America/Los_Angeles,1994,2,22
1994-02-23,93,Moderate,NO2,18,Los Angeles,California,34.1141,-118.4068,12531334.0,3267.0,America/Los_Angeles,1994,2,23
1994-02-24,106,Unhealthy for Sensitive Groups,NO2,18,Los Angeles,California,34.1141,-118.4068,12531334.0,3267.0,America/Los_Angeles,1994,2,24
1994-02-25,110,Unhealthy for Sensitive Groups,NO2,18,Los Angeles,California,34.1141,-118.4068,12531334.0,3267.0,America/Los_Angeles,1994,2,25
1994-02-26,87,Moderate,Ozone,18,Los Angeles,California,34.1141,-118.4068,12531334.0,3267.0,America/Los_Angeles,1994,2,26
1994-02-27,68,Moderate,NO2,18,Los Angeles,California,34.1141,-118.4068,12531334.0,3267.0,America/Los_Angeles,1994,2,27
1994-02-28,83,Moderate,NO2,18,Los Angeles,California,34.1141,-118.4068,12531334.0,3267.0,America/Los_Angeles,1994,2,28
1994-03-01,102,Unhealthy for Sensitive Groups,NO2,18,Los Angeles,California,34.1141,-118.4068,12531334.0,3267.0,America/Los_Angeles,1994,3,1
1994-03-02,106,Unhealthy for Sensitive Groups,NO2,18,Los Angeles,California,34.1141,-118.4068,12531334.0,3267.0,America/Los_Angeles,1994,3,2
1994-03-03,110,Unhealthy for Sensitive Groups,NO2,18,Los Angeles,California,34.1141,-118.4068,12531334.0,3267.0,America/Los_Angeles,1994,3,3
1994-03-04,103,Unhealthy for Sensitive Groups,NO2,18,Los Angeles,California,34.1141,-118.4068,12531334.0,3267.0,America/Los_Angeles,1994,3,4
1994-03-05,61,Moderate,NO2,18,Los Angeles,California,34.1141,-118.4068,12531334.0,3267.0,America/Los_Angeles,1994,3,5
1994-03-06,50,Good,NO2,18,Los Angeles,California,34.1141,-118.4068,12531334.0,3267.0,America/Los_Angeles,1994,3,6
1994-03-07,58,Moderate,NO2,18,Los Angeles,California,34.1141,-118.4068,12531334.0,3267.0,America/Los_Angeles,1994,3,7
1994-03-08,58,Moderate,NO2,18,Los Angeles,California,34.1141,-118.4068,12531334.0,3267.0,America/Los_Angeles,1994,3,8
1994-03-09,74,Moderate,NO2,18,Los Angeles,California,34.1141,-118.4068,12531334.0,3267.0,America/Los_Angeles,1994,3,9
1994-03-10,80,Moderate,NO2,18,Los Angeles,California,34.1141,-118.4068,12531334.0,3267.0,America/Los_Angeles,1994,3,10
1994-03-11,57,Moderate,NO2,18,Los Angeles,California,34.1141,-118.4068,12531334.0,3267.0,America/Los_Angeles,1994,3,11
1994-03-12,81,Moderate,NO2,18,Los Angeles,California,34.1141,-118.4068,12531334.0,3267.0,America/Los_Angeles,1994,3,12
1994-03-13,89,Moderate,NO2,18,Los Angeles,California,34.1141,-118.4068,12531334.0,3267.0,America/Los_Angeles,1994,3,13
1994-03-14,107,Unhealthy for Sensitive Groups,NO2,18,Los Angeles,California,34.1141,-118.4068,12531334.0,3267.0,America/Los_Angeles,1994,3,14
1994-03-15,98,Moderate,NO2,18,Los Angeles,California,34.1141,-118.4068,12531334.0,3267.0,America/Los_Angeles,1994,3,15
1994-03-16,102,Unhealthy for Sensitive Groups,NO2,18,Los Angeles,California,34.1141,-118.4068,12531334.0,3267.0,America/Los_Angeles,1994,3,16
1994-03-17,102,Unhealthy for Sensitive Groups,NO2,18,Los Angeles,California,34.1141,-118.4068,12531334.0,3267.0,America/Los_Angeles,1994,3,17
1994-03-18,76,Moderate,NO2,18,Los Angeles,California,34.1141,-118.4068,12531334.0,3267.0,America/Los_Angeles,1994,3,18
1994-03-19,45,Good,NO2,18,Los Angeles,California,34.1141,-118.4068,12531334.0,3267.0,America/Los_Angeles,1994,3,19
1994-03-20,52,Moderate,NO2,18,Los Angeles,California,34.1141,-118.4068,12531334.0,3267.0,America/Los_Angeles,1994,3,20
1994-03-21,71,Moderate,NO2,18,Los Angeles,California,34.1141,-118.4068,12531334.0,3267.0,America/Los_Angeles,1994,3,21
1994-03-22,49,Good,NO2,18,Los Angeles,California,34.1141,-118.4068,12531334.0,3267.0,America/Los_Angeles,1994,3,22
1994-03-23,62,Moderate,NO2,18,Los Angeles,California,34.1141,-118.4068,12531334.0,3267.0,America/Los_Angeles,1994,3,23
1994-03-24,49,Good,NO2,18,Los Angeles,California,34.1141,-118.4068,12531334.0,3267.0,America/Los_Angeles,1994,3,24
1994-03-25,51,Moderate,NO2,18,Los Angeles,California,34.1141,-118.4068,12531334.0,3267.0,America/Los_Angeles,1994,3,25
1994-03-26,58,Moderate,NO2,18,Los Angeles,California,34.1141,-118.4068,12531334.0,3267.0,America/Los_Angeles,1994,3,26
1994-03-27,112,Unhealthy for Sensitive Groups,Ozone,18,Los Angeles,California,34.1141,-118.4068,12531334.0,3267.0,America/Los_Angeles,1994,3,27
1994-03-28,104,Unhealthy for Sensitive Groups,NO2,18,Los Angeles,California,34.1141,-118.4068,12531334.0,3267.0,America/Los_Angeles,1994,3,28
1994-03-29,115,Unhealthy for Sensitive Groups,Ozone,18,Los Angeles,California,34.1141,-118.4068,12531334.0,3267.0,America/Los_Angeles,1994,3,29
1994-03-30,115,Unhealthy for Sensitive Groups,Ozone,18,Los Angeles,California,34.1141,-118.4068,12531334.0,3267.0,America/Los_Angeles,1994,3,30
1994-03-31,164,Unhealthy,Ozone,18,Los Angeles,California,34.1141,-118.4068,12531334.0,3267.0,America/Los_Angeles,1994,3,31
1994-04-01,151,Unhealthy,Ozone,18,Los Angeles,California,34.1141,-118.4068,12531334.0,3267.0,America/Los_Angeles,1994,4,1
1994-04-02,213,Very Unhealthy,Ozone,18,Los Angeles,California,34.1141,-118.4068,12531334.0,3267.0,America/Los_Angeles,1994,4,2
1994-04-03,154,Unhealthy,Ozone,18,Los Angeles,California,34.1141,-118.4068,12531334.0,3267.0,America/Los_Angeles,1994,4,3
1994-04-04,90,Moderate,Ozone,18,Los Angeles,California,34.1141,-118.4068,12531334.0,3267.0,America/Los_Angeles,1994,4,4
1994-04-05,80,Moderate,NO2,18,Los Angeles,California,34.1141,-118.4068,12531334.0,3267.0,America/Los_Angeles,1994,4,5
1994-04-06,68,Moderate,NO2,18,Los Angeles,California,34.1141,-118.4068,12531334.0,3267.0,America/Los_Angeles,1994,4,6
1994-04-07,51,Moderate,NO2,18,Los Angeles,California,34.1141,-118.4068,12531334.0,3267.0,America/Los_Angeles,1994,4,7
1994-04-08,42,Good,NO2,18,Los Angeles,California,34.1141,-118.4068,12531334.0,3267.0,America/Los_Angeles,1994,4,8
1994-04-09,46,Good,NO2,18,Los Angeles,California,34.1141,-118.4068,12531334.0,3267.0,America/Los_Angeles,1994,4,9
1994-04-10,80,Moderate,Ozone,18,Los Angeles,California,34.1141,-118.4068,12531334.0,3267.0,America/Los_Angeles,1994,4,10
1994-04-11,81,Moderate,NO2,18,Los Angeles,California,34.1141,-118.4068,12531334.0,3267.0,America/Los_Angeles,1994,4,11
1994-04-12,103,Unhealthy for Sensitive Groups,NO2,18,Los Angeles,California,34.1141,-118.4068,12531334.0,3267.0,America/Los_Angeles,1994,4,12
1994-04-13,102,Unhealthy for Sensitive Groups,NO2,18,Los Angeles,California,34.1141,-118.4068,12531334.0,3267.0,America/Los_Angeles,1994,4,13
1994-04-14,64,Moderate,Ozone,18,Los Angeles,California,34.1141,-118.4068,12531334.0,3267.0,America/Los_Angeles,1994,4,14
1994-04-15,136,Unhealthy for Sensitive Groups,Ozone,18,Los Angeles,California,34.1141,-118.4068,12531334.0,3267.0,America/Los_Angeles,1994,4,15
1994-04-16,172,Unhealthy,Ozone,18,Los Angeles,California,34.1141,-118.4068,12531334.0,3267.0,America/Los_Angeles,1994,4,16
1994-04-17,212,Very Unhealthy,Ozone,18,Los Angeles,California,34.1141,-118.4068,12531334.0,3267.0,America/Los_Angeles,1994,4,17
1994-04-18,197,Unhealthy,Ozone,18,Los Angeles,California,34.1141,-118.4068,12531334.0,3267.0,America/Los_Angeles,1994,4,18
1994-04-19,161,Unhealthy,Ozone,18,Los Angeles,California,34.1141,-118.4068,12531334.0,3267.0,America/Los_Angeles,1994,4,19
1994-04-20,154,Unhealthy,Ozone,18,Los Angeles,California,34.1141,-118.4068,12531334.0,3267.0,America/Los_Angeles,1994,4,20
1994-04-21,150,Unhealthy for Sensitive Groups,Ozone,18,Los Angeles,California,34.1141,-118.4068,12531334.0,3267.0,America/Los_Angeles,1994,4,21
1994-04-22,71,Moderate,Ozone,18,Los Angeles,California,34.1141,-118.4068,12531334.0,3267.0,America/Los_Angeles,1994,4,22
1994-04-23,52,Moderate,NO2,18,Los Angeles,California,34.1141,-118.4068,12531334.0,3267.0,America/Los_Angeles,1994,4,23
1994-04-24,48,Good,NO2,18,Los Angeles,California,34.1141,-118.4068,12531334.0,3267.0,America/Los_Angeles,1994,4,24
1994-04-25,46,Good,NO2,18,Los Angeles,California,34.1141,-118.4068,12531334.0,3267.0,America/Los_Angeles,1994,4,25
1994-04-26,55,Moderate,NO2,18,Los Angeles,California,34.1141,-118.4068,12531334.0,3267.0,America/Los_Angeles,1994,4,26
1994-04-27,53,Moderate,NO2,18,Los Angeles,California,34.1141,-118.4068,12531334.0,3267.0,America/Los_Angeles,1994,4,27
1994-04-28,68,Moderate,NO2,18,Los Angeles,California,34.1141,-118.4068,12531334.0,3267.0,America/Los_Angeles,1994,4,28
1994-04-29,72,Moderate,NO2,18,Los Angeles,California,34.1141,-118.4068,12531334.0,3267.0,America/Los_Angeles,1994,4,29
1994-04-30,97,Moderate,Ozone,17,Los Angeles,California,34.1141,-118.4068,12531334.0,3267.0,America/Los_Angeles,1994,4,30
1994-05-01,84,Moderate,Ozone,19,Los Angeles,California,34.1141,-118.4068,12531334.0,3267.0,America/Los_Angeles,1994,5,1
1994-05-02,164,Unhealthy,Ozone,19,Los Angeles,California,34.1141,-118.4068,12531334.0,3267.0,America/Los_Angeles,1994,5,2
1994-05-03,166,Unhealthy,Ozone,19,Los Angeles,California,34.1141,-118.4068,12531334.0,3267.0,America/Los_Angeles,1994,5,3
1994-05-04,169,Unhealthy,Ozone,19,Los Angeles,California,34.1141,-118.4068,12531334.0,3267.0,America/Los_Angeles,1994,5,4
1994-05-05,80,Moderate,Ozone,19,Los Angeles,California,34.1141,-118.4068,12531334.0,3267.0,America/Los_Angeles,1994,5,5
1994-05-06,42,Good,NO2,19,Los Angeles,California,34.1141,-118.4068,12531334.0,3267.0,America/Los_Angeles,1994,5,6
1994-05-07,48,Good,CO,19,Los Angeles,California,34.1141,-118.4068,12531334.0,3267.0,America/Los_Angeles,1994,5,7
1994-05-08,58,Moderate,Ozone,19,Los Angeles,California,34.1141,-118.4068,12531334.0,3267.0,America/Los_Angeles,1994,5,8
1994-05-09,67,Moderate,Ozone,19,Los Angeles,California,34.1141,-118.4068,12531334.0,3267.0,America/Los_Angeles,1994,5,9
1994-05-10,143,Unhealthy for Sensitive Groups,Ozone,19,Los Angeles,California,34.1141,-118.4068,12531334.0,3267.0,America/Los_Angeles,1994,5,10
1994-05-11,154,Unhealthy,Ozone,19,Los Angeles,California,34.1141,-118.4068,12531334.0,3267.0,America/Los_Angeles,1994,5,11
1994-05-12,108,Unhealthy for Sensitive Groups,Ozone,19,Los Angeles,California,34.1141,-118.4068,12531334.0,3267.0,America/Los_Angeles,1994,5,12
1994-05-13,97,Moderate,Ozone,19,Los Angeles,California,34.1141,-118.4068,12531334.0,3267.0,America/Los_Angeles,1994,5,13
1994-05-14,212,Very Unhealthy,Ozone,19,Los Angeles,California,34.1141,-118.4068,12531334.0,3267.0,America/Los_Angeles,1994,5,14
1994-05-15,143,Unhealthy for Sensitive Groups,Ozone,19,Los Angeles,California,34.1141,-118.4068,12531334.0,3267.0,America/Los_Angeles,1994,5,15
1994-05-16,50,Good,NO2,19,Los Angeles,California,34.1141,-118.4068,12531334.0,3267.0,America/Los_Angeles,1994,5,16
1994-05-17,44,Good,NO2,19,Los Angeles,California,34.1141,-118.4068,12531334.0,3267.0,America/Los_Angeles,1994,5,17
1994-05-18,50,Good,NO2,19,Los Angeles,California,34.1141,-118.4068,12531334.0,3267.0,America/Los_Angeles,1994,5,18
1994-05-19,49,Good,NO2,19,Los Angeles,California,34.1141,-118.4068,12531334.0,3267.0,America/Los_Angeles,1994,5,19
1994-05-20,97,Moderate,Ozone,19,Los Angeles,California,34.1141,-118.4068,12531334.0,3267.0,America/Los_Angeles,1994,5,20
1994-05-21,174,Unhealthy,Ozone,19,Los Angeles,California,34.1141,-118.4068,12531334.0,3267.0,America/Los_Angeles,1994,5,21
1994-05-22,164,Unhealthy,Ozone,19,Los Angeles,California,34.1141,-118.4068,12531334.0,3267.0,America/Los_Angeles,1994,5,22
1994-05-23,164,Unhealthy,Ozone,19,Los Angeles,California,34.1141,-118.4068,12531334.0,3267.0,America/Los_Angeles,1994,5,23
1994-05-24,119,Unhealthy for Sensitive Groups,Ozone,19,Los Angeles,California,34.1141,-118.4068,12531334.0,3267.0,America/Los_Angeles,1994,5,24
1994-05-25,67,Moderate,Ozone,19,Los Angeles,California,34.1141,-118.4068,12531334.0,3267.0,America/Los_Angeles,1994,5,25
1994-05-26,67,Moderate,Ozone,19,Los Angeles,California,34.1141,-118.4068,12531334.0,3267.0,America/Los_Angeles,1994,5,26
1994-05-27,201,Very Unhealthy,Ozone,19,Los Angeles,California,34.1141,-118.4068,12531334.0,3267.0,America/Los_Angeles,1994,5,27
1994-05-28,245,Very Unhealthy,Ozone,19,Los Angeles,California,34.1141,-118.4068,12531334.0,3267.0,America/Los_Angeles,1994,5,28
1994-05-29,243,Very Unhealthy,Ozone,19,Los Angeles,California,34.1141,-118.4068,12531334.0,3267.0,America/Los_Angeles,1994,5,29
1994-05-30,166,Unhealthy,Ozone,19,Los Angeles,California,34.1141,-118.4068,12531334.0,3267.0,America/Los_Angeles,1994,5,30
1994-05-31,87,Moderate,Ozone,19,Los Angeles,California,34.1141,-118.4068,12531334.0,3267.0,America/Los_Angeles,1994,5,31
1994-06-01,187,Unhealthy,Ozone,19,Los Angeles,California,34.1141,-118.4068,12531334.0,3267.0,America/Los_Angeles,1994,6,1
1994-06-02,224,Very Unhealthy,Ozone,19,Los Angeles,California,34.1141,-118.4068,12531334.0,3267.0,America/Los_Angeles,1994,6,2
1994-06-03,201,Very Unhealthy,Ozone,19,Los Angeles,California,34.1141,-118.4068,12531334.0,3267.0,America/Los_Angeles,1994,6,3
1994-06-04,221,Very Unhealthy,Ozone,19,Los Angeles,California,34.1141,-118.4068,12531334.0,3267.0,America/Los_Angeles,1994,6,4
1994-06-05,129,Unhealthy for Sensitive Groups,Ozone,19,Los Angeles,California,34.1141,-118.4068,12531334.0,3267.0,America/Los_Angeles,1994,6,5
1994-06-06,90,Moderate,Ozone,19,Los Angeles,California,34.1141,-118.4068,12531334.0,3267.0,America/Los_Angeles,1994,6,6
1994-06-07,154,Unhealthy,Ozone,19,Los Angeles,California,34.1141,-118.4068,12531334.0,3267.0,America/Los_Angeles,1994,6,7
1994-06-08,218,Very Unhealthy,Ozone,19,Los Angeles,California,34.1141,-118.4068,12531334.0,3267.0,America/Los_Angeles,1994,6,8
1994-06-09,241,Very Unhealthy,Ozone,19,Los Angeles,California,34.1141,-118.4068,12531334.0,3267.0,America/Los_Angeles,1994,6,9
1994-06-10,241,Very Unhealthy,Ozone,19,Los Angeles,California,34.1141,-118.4068,12531334.0,3267.0,America/Los_Angeles,1994,6,10
1994-06-11,216,Very Unhealthy,Ozone,19,Los Angeles,California,34.1141,-118.4068,12531334.0,3267.0,America/Los_Angeles,1994,6,11
1994-06-12,218,Very Unhealthy,Ozone,19,Los Angeles,California,34.1141,-118.4068,12531334.0,3267.0,America/Los_Angeles,1994,6,12
1994-06-13,206,Very Unhealthy,Ozone,19,Los Angeles,California,34.1141,-118.4068,12531334.0,3267.0,America/Los_Angeles,1994,6,13
1994-06-14,133,Unhealthy for Sensitive Groups,Ozone,19,Los Angeles,California,34.1141,-118.4068,12531334.0,3267.0,America/Los_Angeles,1994,6,14
1994-06-15,61,Moderate,Ozone,19,Los Angeles,California,34.1141,-118.4068,12531334.0,3267.0,America/Los_Angeles,1994,6,15
1994-06-16,147,Unhealthy for Sensitive Groups,Ozone,19,Los Angeles,California,34.1141,-118.4068,12531334.0,3267.0,America/Los_Angeles,1994,6,16
1994-06-17,200,Unhealthy,Ozone,19,Los Angeles,California,34.1141,-118.4068,12531334.0,3267.0,America/Los_Angeles,1994,6,17
1994-06-18,230,Very Unhealthy,Ozone,19,Los Angeles,California,34.1141,-118.4068,12531334.0,3267.0,America/Los_Angeles,1994,6,18
1994-06-19,219,Very Unhealthy,Ozone,19,Los Angeles,California,34.1141,-118.4068,12531334.0,3267.0,America/Los_Angeles,1994,6,19
1994-06-20,185,Unhealthy,Ozone,19,Los Angeles,California,34.1141,-118.4068,12531334.0,3267.0,America/Los_Angeles,1994,6,20
1994-06-21,222,Very Unhealthy,Ozone,19,Los Angeles,California,34.1141,-118.4068,12531334.0,3267.0,America/Los_Angeles,1994,6,21
1994-06-22,248,Very Unhealthy,Ozone,19,Los Angeles,California,34.1141,-118.4068,12531334.0,3267.0,America/Los_Angeles,1994,6,22
1994-06-23,235,Very Unhealthy,Ozone,19,Los Angeles,California,34.1141,-118.4068,12531334.0,3267.0,America/Los_Angeles,1994,6,23
1994-06-24,215,Very Unhealthy,Ozone,19,Los Angeles,California,34.1141,-118.4068,12531334.0,3267.0,America/Los_Angeles,1994,6,24
1994-06-25,269,Very Unhealthy,Ozone,19,Los Angeles,California,34.1141,-118.4068,12531334.0,3267.0,America/Los_Angeles,1994,6,25
1994-06-26,271,Very Unhealthy,Ozone,19,Los Angeles,California,34.1141,-118.4068,12531334.0,3267.0,America/Los_Angeles,1994,6,26
1994-06-27,260,Very Unhealthy,Ozone,19,Los Angeles,California,34.1141,-118.4068,12531334.0,3267.0,America/Los_Angeles,1994,6,27
1994-06-28,246,Very Unhealthy,Ozone,19,Los Angeles,California,34.1141,-118.4068,12531334.0,3267.0,America/Los_Angeles,1994,6,28
1994-06-29,292,Very Unhealthy,Ozone,19,Los Angeles,California,34.1141,-118.4068,12531334.0,3267.0,America/Los_Angeles,1994,6,29
1994-06-30,204,Very Unhealthy,Ozone,19,Los Angeles,California,34.1141,-118.4068,12531334.0,3267.0,America/Los_Angeles,1994,6,30
1994-07-01,201,Very Unhealthy,Ozone,19,Los Angeles,California,34.1141,-118.4068,12531334.0,3267.0,America/Los_Angeles,1994,7,1
1994-07-02,221,Very Unhealthy,Ozone,19,Los Angeles,California,34.1141,-118.4068,12531334.0,3267.0,America/Los_Angeles,1994,7,2
1994-07-03,201,Very Unhealthy,Ozone,19,Los Angeles,California,34.1141,-118.4068,12531334.0,3267.0,America/Los_Angeles,1994,7,3
1994-07-04,126,Unhealthy for Sensitive Groups,Ozone,19,Los Angeles,California,34.1141,-118.4068,12531334.0,3267.0,America/Los_Angeles,1994,7,4
1994-07-05,136,Unhealthy for Sensitive Groups,Ozone,19,Los Angeles,California,34.1141,-118.4068,12531334.0,3267.0,America/Los_Angeles,1994,7,5
1994-07-06,182,Unhealthy,Ozone,19,Los Angeles,California,34.1141,-118.4068,12531334.0,3267.0,America/Los_Angeles,1994,7,6
1994-07-07,226,Very Unhealthy,Ozone,19,Los Angeles,California,34.1141,-118.4068,12531334.0,3267.0,America/Los_Angeles,1994,7,7
1994-07-08,249,Very Unhealthy,Ozone,19,Los Angeles,California,34.1141,-118.4068,12531334.0,3267.0,America/Los_Angeles,1994,7,8
1994-07-09,255,Very Unhealthy,Ozone,19,Los Angeles,California,34.1141,-118.4068,12531334.0,3267.0,America/Los_Angeles,1994,7,9
1994-07-10,218,Very Unhealthy,Ozone,19,Los Angeles,California,34.1141,-118.4068,12531334.0,3267.0,America/Los_Angeles,1994,7,10
1994-07-11,204,Very Unhealthy,Ozone,19,Los Angeles,California,34.1141,-118.4068,12531334.0,3267.0,America/Los_Angeles,1994,7,11
1994-07-12,195,Unhealthy,Ozone,19,Los Angeles,California,34.1141,-118.4068,12531334.0,3267.0,America/Los_Angeles,1994,7,12
1994-07-13,195,Unhealthy,Ozone,19,Los Angeles,California,34.1141,-118.4068,12531334.0,3267.0,America/Los_Angeles,1994,7,13
1994-07-14,208,Very Unhealthy,Ozone,19,Los Angeles,California,34.1141,-118.4068,12531334.0,3267.0,America/Los_Angeles,1994,7,14
1994-07-15,210,Very Unhealthy,Ozone,19,Los Angeles,California,34.1141,-118.4068,12531334.0,3267.0,America/Los_Angeles,1994,7,15
1994-07-16,253,Very Unhealthy,Ozone,19,Los Angeles,California,34.1141,-118.4068,12531334.0,3267.0,America/Los_Angeles,1994,7,16
1994-07-17,210,Very Unhealthy,Ozone,19,Los Angeles,California,34.1141,-118.4068,12531334.0,3267.0,America/Los_Angeles,1994,7,17
1994-07-18,86,Moderate,NO2,19,Los Angeles,California,34.1141,-118.4068,12531334.0,3267.0,America/Los_Angeles,1994,7,18
1994-07-19,143,Unhealthy for Sensitive Groups,Ozone,19,Los Angeles,California,34.1141,-118.4068,12531334.0,3267.0,America/Los_Angeles,1994,7,19
1994-07-20,140,Unhealthy for Sensitive Groups,Ozone,19,Los Angeles,California,34.1141,-118.4068,12531334.0,3267.0,America/Los_Angeles,1994,7,20
1994-07-21,207,Very Unhealthy,Ozone,19,Los Angeles,California,34.1141,-118.4068,12531334.0,3267.0,America/Los_Angeles,1994,7,21
1994-07-22,190,Unhealthy,Ozone,19,Los Angeles,California,34.1141,-118.4068,12531334.0,3267.0,America/Los_Angeles,1994,7,22
1994-07-23,207,Very Unhealthy,Ozone,19,Los Angeles,California,34.1141,-118.4068,12531334.0,3267.0,America/Los_Angeles,1994,7,23
1994-07-24,228,Very Unhealthy,Ozone,19,Los Angeles,California,34.1141,-118.4068,12531334.0,3267.0,America/Los_Angeles,1994,7,24
1994-07-25,214,Very Unhealthy,Ozone,19,Los Angeles,California,34.1141,-118.4068,12531334.0,3267.0,America/Los_Angeles,1994,7,25
1994-07-26,240,Very Unhealthy,Ozone,19,Los Angeles,California,34.1141,-118.4068,12531334.0,3267.0,America/Los_Angeles,1994,7,26
1994-07-27,244,Very Unhealthy,Ozone,19,Los Angeles,California,34.1141,-118.4068,12531334.0,3267.0,America/Los_Angeles,1994,7,27
1994-07-28,237,Very Unhealthy,Ozone,19,Los Angeles,California,34.1141,-118.4068,12531334.0,3267.0,America/Los_Angeles,1994,7,28
1994-07-29,219,Very Unhealthy,Ozone,19,Los Angeles,California,34.1141,-118.4068,12531334.0,3267.0,America/Los_Angeles,1994,7,29
1994-07-30,182,Unhealthy,Ozone,19,Los Angeles,California,34.1141,-118.4068,12531334.0,3267.0,America/Los_Angeles,1994,7,30
1994-07-31,226,Very Unhealthy,Ozone,19,Los Angeles,California,34.1141,-118.4068,12531334.0,3267.0,America/Los_Angeles,1994,7,31
1994-08-01,223,Very Unhealthy,Ozone,19,Los Angeles,California,34.1141,-118.4068,12531334.0,3267.0,America/Los_Angeles,1994,8,1
1994-08-02,226,Very Unhealthy,Ozone,19,Los Angeles,California,34.1141,-118.4068,12531334.0,3267.0,America/Los_Angeles,1994,8,2
1994-08-03,210,Very Unhealthy,Ozone,19,Los Angeles,California,34.1141,-118.4068,12531334.0,3267.0,America/Los_Angeles,1994,8,3
1994-08-04,236,Very Unhealthy,Ozone,19,Los Angeles,California,34.1141,-118.4068,12531334.0,3267.0,America/Los_Angeles,1994,8,4
1994-08-05,283,Very Unhealthy,Ozone,19,Los Angeles,California,34.1141,-118.4068,12531334.0,3267.0,America/Los_Angeles,1994,8,5
1994-08-06,242,Very Unhealthy,Ozone,19,Los Angeles,California,34.1141,-118.4068,12531334.0,3267.0,America/Los_Angeles,1994,8,6
1994-08-07,207,Very Unhealthy,Ozone,19,Los Angeles,California,34.1141,-118.4068,12531334.0,3267.0,America/Los_Angeles,1994,8,7
1994-08-08,206,Very Unhealthy,Ozone,19,Los Angeles,California,34.1141,-118.4068,12531334.0,3267.0,America/Los_Angeles,1994,8,8
1994-08-09,219,Very Unhealthy,Ozone,19,Los Angeles,California,34.1141,-118.4068,12531334.0,3267.0,America/Los_Angeles,1994,8,9
1994-08-10,174,Unhealthy,Ozone,19,Los Angeles,California,34.1141,-118.4068,12531334.0,3267.0,America/Los_Angeles,1994,8,10
1994-08-11,215,Very Unhealthy,Ozone,19,Los Angeles,California,34.1141,-118.4068,12531334.0,3267.0,America/Los_Angeles,1994,8,11
1994-08-12,212,Very Unhealthy,Ozone,19,Los Angeles,California,34.1141,-118.4068,12531334.0,3267.0,America/Los_Angeles,1994,8,12
1994-08-13,236,Very Unhealthy,Ozone,19,Los Angeles,California,34.1141,-118.4068,12531334.0,3267.0,America/Los_Angeles,1994,8,13
1994-08-14,177,Unhealthy,Ozone,19,Los Angeles,California,34.1141,-118.4068,12531334.0,3267.0,America/Los_Angeles,1994,8,14
1994-08-15,226,Very Unhealthy,Ozone,19,Los Angeles,California,34.1141,-118.4068,12531334.0,3267.0,America/Los_Angeles,1994,8,15
1994-08-16,221,Very Unhealthy,Ozone,19,Los Angeles,California,34.1141,-118.4068,12531334.0,3267.0,America/Los_Angeles,1994,8,16
1994-08-17,112,Unhealthy for Sensitive Groups,Ozone,19,Los Angeles,California,34.1141,-118.4068,12531334.0,3267.0,America/Los_Angeles,1994,8,17
1994-08-18,64,Moderate,Ozone,19,Los Angeles,California,34.1141,-118.4068,12531334.0,3267.0,America/Los_Angeles,1994,8,18
1994-08-19,119,Unhealthy for Sensitive Groups,Ozone,19,Los Angeles,California,34.1141,-118.4068,12531334.0,3267.0,America/Los_Angeles,1994,8,19
1994-08-20,212,Very Unhealthy,Ozone,19,Los Angeles,California,34.1141,-118.4068,12531334.0,3267.0,America/Los_Angeles,1994,8,20
1994-08-21,159,Unhealthy,Ozone,19,Los Angeles,California,34.1141,-118.4068,12531334.0,3267.0,America/Los_Angeles,1994,8,21
1994-08-22,115,Unhealthy for Sensitive Groups,Ozone,19,Los Angeles,California,34.1141,-118.4068,12531334.0,3267.0,America/Los_Angeles,1994,8,22
1994-08-23,209,Very Unhealthy,Ozone,19,Los Angeles,California,34.1141,-118.4068,12531334.0,3267.0,America/Los_Angeles,1994,8,23
1994-08-24,217,Very Unhealthy,Ozone,19,Los Angeles,California,34.1141,-118.4068,12531334.0,3267.0,America/Los_Angeles,1994,8,24
1994-08-25,220,Very Unhealthy,Ozone,19,Los Angeles,California,34.1141,-118.4068,12531334.0,3267.0,America/Los_Angeles,1994,8,25
1994-08-26,182,Unhealthy,Ozone,19,Los Angeles,California,34.1141,-118.4068,12531334.0,3267.0,America/Los_Angeles,1994,8,26
1994-08-27,203,Very Unhealthy,Ozone,19,Los Angeles,California,34.1141,-118.4068,12531334.0,3267.0,America/Los_Angeles,1994,8,27
1994-08-28,223,Very Unhealthy,Ozone,19,Los Angeles,California,34.1141,-118.4068,12531334.0,3267.0,America/Los_Angeles,1994,8,28
1994-08-29,201,Very Unhealthy,Ozone,19,Los Angeles,California,34.1141,-118.4068,12531334.0,3267.0,America/Los_Angeles,1994,8,29
1994-08-30,206,Very Unhealthy,Ozone,19,Los Angeles,California,34.1141,-118.4068,12531334.0,3267.0,America/Los_Angeles,1994,8,30
1994-08-31,201,Very Unhealthy,Ozone,19,Los Angeles,California,34.1141,-118.4068,12531334.0,3267.0,America/Los_Angeles,1994,8,31
1994-09-01,205,Very Unhealthy,Ozone,19,Los Angeles,California,34.1141,-118.4068,12531334.0,3267.0,America/Los_Angeles,1994,9,1
1994-09-02,208,Very Unhealthy,Ozone,19,Los Angeles,California,34.1141,-118.4068,12531334.0,3267.0,America/Los_Angeles,1994,9,2
1994-09-03,230,Very Unhealthy,Ozone,19,Los Angeles,California,34.1141,-118.4068,12531334.0,3267.0,America/Los_Angeles,1994,9,3
1994-09-04,235,Very Unhealthy,Ozone,19,Los Angeles,California,34.1141,-118.4068,12531334.0,3267.0,America/Los_Angeles,1994,9,4
1994-09-05,224,Very Unhealthy,Ozone,19,Los Angeles,California,34.1141,-118.4068,12531334.0,3267.0,America/Los_Angeles,1994,9,5
1994-09-06,117,Unhealthy for Sensitive Groups,NO2,19,Los Angeles,California,34.1141,-118.4068,12531334.0,3267.0,America/Los_Angeles,1994,9,6
1994-09-07,156,Unhealthy,Ozone,19,Los Angeles,California,34.1141,-118.4068,12531334.0,3267.0,America/Los_Angeles,1994,9,7
1994-09-08,161,Unhealthy,Ozone,19,Los Angeles,California,34.1141,-118.4068,12531334.0,3267.0,America/Los_Angeles,1994,9,8
1994-09-09,206,Very Unhealthy,Ozone,19,Los Angeles,California,34.1141,-118.4068,12531334.0,3267.0,America/Los_Angeles,1994,9,9
1994-09-10,150,Unhealthy for Sensitive Groups,Ozone,19,Los Angeles,California,34.1141,-118.4068,12531334.0,3267.0,America/Los_Angeles,1994,9,10
1994-09-11,140,Unhealthy for Sensitive Groups,Ozone,19,Los Angeles,California,34.1141,-118.4068,12531334.0,3267.0,America/Los_Angeles,1994,9,11
1994-09-12,51,Moderate,Ozone,19,Los Angeles,California,34.1141,-118.4068,12531334.0,3267.0,America/Los_Angeles,1994,9,12
1994-09-13,58,Moderate,Ozone,19,Los Angeles,California,34.1141,-118.4068,12531334.0,3267.0,America/Los_Angeles,1994,9,13
1994-09-14,103,Unhealthy for Sensitive Groups,NO2,19,Los Angeles,California,34.1141,-118.4068,12531334.0,3267.0,America/Los_Angeles,1994,9,14
1994-09-15,151,Unhealthy,Ozone,19,Los Angeles,California,34.1141,-118.4068,12531334.0,3267.0,America/Los_Angeles,1994,9,15
1994-09-16,205,Very Unhealthy,Ozone,19,Los Angeles,California,34.1141,-118.4068,12531334.0,3267.0,America/Los_Angeles,1994,9,16
1994-09-17,219,Very Unhealthy,Ozone,19,Los Angeles,California,34.1141,-118.4068,12531334.0,3267.0,America/Los_Angeles,1994,9,17
1994-09-18,187,Unhealthy,Ozone,19,Los Angeles,California,34.1141,-118.4068,12531334.0,3267.0,America/Los_Angeles,1994,9,18
1994-09-19,129,Unhealthy for Sensitive Groups,Ozone,19,Los Angeles,California,34.1141,-118.4068,12531334.0,3267.0,America/Los_Angeles,1994,9,19
1994-09-20,187,Unhealthy,Ozone,19,Los Angeles,California,34.1141,-118.4068,12531334.0,3267.0,America/Los_Angeles,1994,9,20
1994-09-21,177,Unhealthy,Ozone,19,Los Angeles,California,34.1141,-118.4068,12531334.0,3267.0,America/Los_Angeles,1994,9,21
1994-09-22,108,Unhealthy for Sensitive Groups,NO2,19,Los Angeles,California,34.1141,-118.4068,12531334.0,3267.0,America/Los_Angeles,1994,9,22
1994-09-23,103,Unhealthy for Sensitive Groups,NO2,19,Los Angeles,California,34.1141,-118.4068,12531334.0,3267.0,America/Los_Angeles,1994,9,23
1994-09-24,78,Moderate,NO2,19,Los Angeles,California,34.1141,-118.4068,12531334.0,3267.0,America/Los_Angeles,1994,9,24
1994-09-25,202,Very Unhealthy,Ozone,19,Los Angeles,California,34.1141,-118.4068,12531334.0,3267.0,America/Los_Angeles,1994,9,25
1994-09-26,119,Unhealthy for Sensitive Groups,NO2,19,Los Angeles,California,34.1141,-118.4068,12531334.0,3267.0,America/Los_Angeles,1994,9,26
1994-09-27,115,Unhealthy for Sensitive Groups,NO2,19,Los Angeles,California,34.1141,-118.4068,12531334.0,3267.0,America/Los_Angeles,1994,9,27
1994-09-28,116,Unhealthy for Sensitive Groups,NO2,19,Los Angeles,California,34.1141,-118.4068,12531334.0,3267.0,America/Los_Angeles,1994,9,28
1994-09-29,103,Unhealthy for Sensitive Groups,NO2,19,Los Angeles,California,34.1141,-118.4068,12531334.0,3267.0,America/Los_Angeles,1994,9,29
1994-09-30,102,Unhealthy for Sensitive Groups,NO2,19,Los Angeles,California,34.1141,-118.4068,12531334.0,3267.0,America/Los_Angeles,1994,9,30
1994-10-01,154,Unhealthy,Ozone,19,Los Angeles,California,34.1141,-118.4068,12531334.0,3267.0,America/Los_Angeles,1994,10,1
1994-10-02,147,Unhealthy for Sensitive Groups,Ozone,19,Los Angeles,California,34.1141,-118.4068,12531334.0,3267.0,America/Los_Angeles,1994,10,2
1994-10-03,64,Moderate,Ozone,19,Los Angeles,California,34.1141,-118.4068,12531334.0,3267.0,America/Los_Angeles,1994,10,3
1994-10-04,49,Good,NO2,19,Los Angeles,California,34.1141,-118.4068,12531334.0,3267.0,America/Los_Angeles,1994,10,4
1994-10-05,48,Good,NO2,19,Los Angeles,California,34.1141,-118.4068,12531334.0,3267.0,America/Los_Angeles,1994,10,5
1994-10-06,82,Moderate,NO2,19,Los Angeles,California,34.1141,-118.4068,12531334.0,3267.0,America/Los_Angeles,1994,10,6
1994-10-07,105,Unhealthy for Sensitive Groups,NO2,19,Los Angeles,California,34.1141,-118.4068,12531334.0,3267.0,America/Los_Angeles,1994,10,7
1994-10-08,103,Unhealthy for Sensitive Groups,NO2,19,Los Angeles,California,34.1141,-118.4068,12531334.0,3267.0,America/Los_Angeles,1994,10,8
1994-10-09,90,Moderate,Ozone,19,Los Angeles,California,34.1141,-118.4068,12531334.0,3267.0,America/Los_Angeles,1994,10,9
1994-10-10,107,Unhealthy for Sensitive Groups,NO2,19,Los Angeles,California,34.1141,-118.4068,12531334.0,3267.0,America/Los_Angeles,1994,10,10
1994-10-11,109,Unhealthy for Sensitive Groups,NO2,19,Los Angeles,California,34.1141,-118.4068,12531334.0,3267.0,America/Los_Angeles,1994,10,11
1994-10-12,107,Unhealthy for Sensitive Groups,NO2,19,Los Angeles,California,34.1141,-118.4068,12531334.0,3267.0,America/Los_Angeles,1994,10,12
1994-10-13,57,Moderate,NO2,19,Los Angeles,California,34.1141,-118.4068,12531334.0,3267.0,America/Los_Angeles,1994,10,13
1994-10-14,58,Moderate,NO2,19,Los Angeles,California,34.1141,-118.4068,12531334.0,3267.0,America/Los_Angeles,1994,10,14
1994-10-15,64,Moderate,PM10,19,Los Angeles,California,34.1141,-118.4068,12531334.0,3267.0,America/Los_Angeles,1994,10,15
1994-10-16,58,Moderate,NO2,19,Los Angeles,California,34.1141,-118.4068,12531334.0,3267.0,America/Los_Angeles,1994,10,16
1994-10-17,88,Moderate,NO2,19,Los Angeles,California,34.1141,-118.4068,12531334.0,3267.0,America/Los_Angeles,1994,10,17
1994-10-18,104,Unhealthy for Sensitive Groups,NO2,19,Los Angeles,California,34.1141,-118.4068,12531334.0,3267.0,America/Los_Angeles,1994,10,18
1994-10-19,104,Unhealthy for Sensitive Groups,NO2,19,Los Angeles,California,34.1141,-118.4068,12531334.0,3267.0,America/Los_Angeles,1994,10,19
1994-10-20,106,Unhealthy for Sensitive Groups,NO2,19,Los Angeles,California,34.1141,-118.4068,12531334.0,3267.0,America/Los_Angeles,1994,10,20
1994-10-21,111,Unhealthy for Sensitive Groups,NO2,19,Los Angeles,California,34.1141,-118.4068,12531334.0,3267.0,America/Los_Angeles,1994,10,21
1994-10-22,114,Unhealthy for Sensitive Groups,NO2,19,Los Angeles,California,34.1141,-118.4068,12531334.0,3267.0,America/Los_Angeles,1994,10,22
1994-10-23,133,Unhealthy for Sensitive Groups,Ozone,19,Los Angeles,California,34.1141,-118.4068,12531334.0,3267.0,America/Los_Angeles,1994,10,23
1994-10-24,105,Unhealthy for Sensitive Groups,NO2,19,Los Angeles,California,34.1141,-118.4068,12531334.0,3267.0,America/Los_Angeles,1994,10,24
1994-10-25,78,Moderate,NO2,19,Los Angeles,California,34.1141,-118.4068,12531334.0,3267.0,America/Los_Angeles,1994,10,25
1994-10-26,104,Unhealthy for Sensitive Groups,NO2,19,Los Angeles,California,34.1141,-118.4068,12531334.0,3267.0,America/Los_Angeles,1994,10,26
1994-10-27,120,Unhealthy for Sensitive Groups,NO2,19,Los Angeles,California,34.1141,-118.4068,12531334.0,3267.0,America/Los_Angeles,1994,10,27
1994-10-28,106,Unhealthy for Sensitive Groups,NO2,19,Los Angeles,California,34.1141,-118.4068,12531334.0,3267.0,America/Los_Angeles,1994,10,28
1994-10-29,90,Moderate,Ozone,19,Los Angeles,California,34.1141,-118.4068,12531334.0,3267.0,America/Los_Angeles,1994,10,29
1994-10-30,187,Unhealthy,Ozone,19,Los Angeles,California,34.1141,-118.4068,12531334.0,3267.0,America/Los_Angeles,1994,10,30
1994-10-31,118,Unhealthy for Sensitive Groups,NO2,19,Los Angeles,California,34.1141,-118.4068,12531334.0,3267.0,America/Los_Angeles,1994,10,31
1994-11-01,121,Unhealthy for Sensitive Groups,CO,19,Los Angeles,California,34.1141,-118.4068,12531334.0,3267.0,America/Los_Angeles,1994,11,1
1994-11-02,57,Moderate,PM10,19,Los Angeles,California,34.1141,-118.4068,12531334.0,3267.0,America/Los_Angeles,1994,11,2
1994-11-03,57,Moderate,NO2,19,Los Angeles,California,34.1141,-118.4068,12531334.0,3267.0,America/Los_Angeles,1994,11,3
1994-11-04,74,Moderate,NO2,19,Los Angeles,California,34.1141,-118.4068,12531334.0,3267.0,America/Los_Angeles,1994,11,4
1994-11-05,94,Moderate,NO2,19,Los Angeles,California,34.1141,-118.4068,12531334.0,3267.0,America/Los_Angeles,1994,11,5
1994-11-06,136,Unhealthy for Sensitive Groups,CO,19,Los Angeles,California,34.1141,-118.4068,12531334.0,3267.0,America/Los_Angeles,1994,11,6
1994-11-07,105,Unhealthy for Sensitive Groups,NO2,19,Los Angeles,California,34.1141,-118.4068,12531334.0,3267.0,America/Los_Angeles,1994,11,7
1994-11-08,56,Moderate,CO,19,Los Angeles,California,34.1141,-118.4068,12531334.0,3267.0,America/Los_Angeles,1994,11,8
1994-11-09,102,Unhealthy for Sensitive Groups,NO2,19,Los Angeles,California,34.1141,-118.4068,12531334.0,3267.0,America/Los_Angeles,1994,11,9
1994-11-10,67,Moderate,CO,19,Los Angeles,California,34.1141,-118.4068,12531334.0,3267.0,America/Los_Angeles,1994,11,10
1994-11-11,73,Moderate,NO2,19,Los Angeles,California,34.1141,-118.4068,12531334.0,3267.0,America/Los_Angeles,1994,11,11
1994-11-12,70,Moderate,CO,19,Los Angeles,California,34.1141,-118.4068,12531334.0,3267.0,America/Los_Angeles,1994,11,12
1994-11-13,77,Moderate,NO2,19,Los Angeles,California,34.1141,-118.4068,12531334.0,3267.0,America/Los_Angeles,1994,11,13
1994-11-14,85,Moderate,CO,19,Los Angeles,California,34.1141,-118.4068,12531334.0,3267.0,America/Los_Angeles,1994,11,14
1994-11-15,89,Moderate,NO2,19,Los Angeles,California,34.1141,-118.4068,12531334.0,3267.0,America/Los_Angeles,1994,11,15
1994-11-16,61,Moderate,NO2,19,Los Angeles,California,34.1141,-118.4068,12531334.0,3267.0,America/Los_Angeles,1994,11,16
1994-11-17,68,Moderate,NO2,19,Los Angeles,California,34.1141,-118.4068,12531334.0,3267.0,America/Los_Angeles,1994,11,17
1994-11-18,47,Good,NO2,19,Los Angeles,California,34.1141,-118.4068,12531334.0,3267.0,America/Los_Angeles,1994,11,18
1994-11-19,83,Moderate,NO2,19,Los Angeles,California,34.1141,-118.4068,12531334.0,3267.0,America/Los_Angeles,1994,11,19
1994-11-20,84,Moderate,CO,19,Los Angeles,California,34.1141,-118.4068,12531334.0,3267.0,America/Los_Angeles,1994,11,20
1994-11-21,111,Unhealthy for Sensitive Groups,CO,19,Los Angeles,California,34.1141,-118.4068,12531334.0,3267.0,America/Los_Angeles,1994,11,21
1994-11-22,107,Unhealthy for Sensitive Groups,NO2,19,Los Angeles,California,34.1141,-118.4068,12531334.0,3267.0,America/Los_Angeles,1994,11,22
1994-11-23,87,Moderate,NO2,19,Los Angeles,California,34.1141,-118.4068,12531334.0,3267.0,America/Los_Angeles,1994,11,23
1994-11-24,105,Unhealthy for Sensitive Groups,NO2,19,Los Angeles,California,34.1141,-118.4068,12531334.0,3267.0,America/Los_Angeles,1994,11,24
1994-11-25,74,Moderate,CO,19,Los Angeles,California,34.1141,-118.4068,12531334.0,3267.0,America/Los_Angeles,1994,11,25
1994-11-26,50,Good,CO,19,Los Angeles,California,34.1141,-118.4068,12531334.0,3267.0,America/Los_Angeles,1994,11,26
1994-11-27,72,Moderate,CO,19,Los Angeles,California,34.1141,-118.4068,12531334.0,3267.0,America/Los_Angeles,1994,11,27
1994-11-28,102,Unhealthy for Sensitive Groups,NO2,19,Los Angeles,California,34.1141,-118.4068,12531334.0,3267.0,America/Los_Angeles,1994,11,28
1994-11-29,116,Unhealthy for Sensitive Groups,CO,19,Los Angeles,California,34.1141,-118.4068,12531334.0,3267.0,America/Los_Angeles,1994,11,29
1994-11-30,125,Unhealthy for Sensitive Groups,CO,19,Los Angeles,California,34.1141,-118.4068,12531334.0,3267.0,America/Los_Angeles,1994,11,30
1994-12-01,102,Unhealthy for Sensitive Groups,NO2,19,Los Angeles,California,34.1141,-118.4068,12531334.0,3267.0,America/Los_Angeles,1994,12,1
1994-12-02,106,Unhealthy for Sensitive Groups,NO2,19,Los Angeles,California,34.1141,-118.4068,12531334.0,3267.0,America/Los_Angeles,1994,12,2
1994-12-03,106,Unhealthy for Sensitive Groups,NO2,19,Los Angeles,California,34.1141,-118.4068,12531334.0,3267.0,America/Los_Angeles,1994,12,3
1994-12-04,94,Moderate,NO2,19,Los Angeles,California,34.1141,-118.4068,12531334.0,3267.0,America/Los_Angeles,1994,12,4
1994-12-05,95,Moderate,NO2,19,Los Angeles,California,34.1141,-118.4068,12531334.0,3267.0,America/Los_Angeles,1994,12,5
1994-12-06,61,Moderate,NO2,19,Los Angeles,California,34.1141,-118.4068,12531334.0,3267.0,America/Los_Angeles,1994,12,6
1994-12-07,56,Moderate,CO,19,Los Angeles,California,34.1141,-118.4068,12531334.0,3267.0,America/Los_Angeles,1994,12,7
1994-12-08,86,Moderate,CO,19,Los Angeles,California,34.1141,-118.4068,12531334.0,3267.0,America/Los_Angeles,1994,12,8
1994-12-09,121,Unhealthy for Sensitive Groups,CO,19,Los Angeles,California,34.1141,-118.4068,12531334.0,3267.0,America/Los_Angeles,1994,12,9
1994-12-10,115,Unhealthy for Sensitive Groups,CO,19,Los Angeles,California,34.1141,-118.4068,12531334.0,3267.0,America/Los_Angeles,1994,12,10
1994-12-11,89,Moderate,CO,19,Los Angeles,California,34.1141,-118.4068,12531334.0,3267.0,America/Los_Angeles,1994,12,11
1994-12-12,87,Moderate,NO2,19,Los Angeles,California,34.1141,-118.4068,12531334.0,3267.0,America/Los_Angeles,1994,12,12
1994-12-13,52,Moderate,NO2,19,Los Angeles,California,34.1141,-118.4068,12531334.0,3267.0,America/Los_Angeles,1994,12,13
1994-12-14,64,Moderate,NO2,19,Los Angeles,California,34.1141,-118.4068,12531334.0,3267.0,America/Los_Angeles,1994,12,14
1994-12-15,70,Moderate,NO2,19,Los Angeles,California,34.1141,-118.4068,12531334.0,3267.0,America/Los_Angeles,1994,12,15
1994-12-16,100,Moderate,NO2,19,Los Angeles,California,34.1141,-118.4068,12531334.0,3267.0,America/Los_Angeles,1994,12,16
1994-12-17,105,Unhealthy for Sensitive Groups,NO2,19,Los Angeles,California,34.1141,-118.4068,12531334.0,3267.0,America/Los_Angeles,1994,12,17
1994-12-18,113,Unhealthy for Sensitive Groups,CO,19,Los Angeles,California,34.1141,-118.4068,12531334.0,3267.0,America/Los_Angeles,1994,12,18
1994-12-19,120,Unhealthy for Sensitive Groups,NO2,19,Los Angeles,California,34.1141,-118.4068,12531334.0,3267.0,America/Los_Angeles,1994,12,19
1994-12-20,115,Unhealthy for Sensitive Groups,CO,19,Los Angeles,California,34.1141,-118.4068,12531334.0,3267.0,America/Los_Angeles,1994,12,20
1994-12-21,158,Unhealthy,CO,19,Los Angeles,California,34.1141,-118.4068,12531334.0,3267.0,America/Los_Angeles,1994,12,21
1994-12-22,110,Unhealthy for Sensitive Groups,NO2,19,Los Angeles,California,34.1141,-118.4068,12531334.0,3267.0,America/Los_Angeles,1994,12,22
1994-12-23,69,Moderate,CO,19,Los Angeles,California,34.1141,-118.4068,12531334.0,3267.0,America/Los_Angeles,1994,12,23
1994-12-24,59,Moderate,CO,19,Los Angeles,California,34.1141,-118.4068,12531334.0,3267.0,America/Los_Angeles,1994,12,24
1994-12-25,57,Moderate,CO,19,Los Angeles,California,34.1141,-118.4068,12531334.0,3267.0,America/Los_Angeles,1994,12,25
1994-12-26,90,Moderate,CO,19,Los Angeles,California,34.1141,-118.4068,12531334.0,3267.0,America/Los_Angeles,1994,12,26
1994-12-27,90,Moderate,CO,19,Los Angeles,California,34.1141,-118.4068,12531334.0,3267.0,America/Los_Angeles,1994,12,27
1994-12-28,55,Moderate,CO,19,Los Angeles,California,34.1141,-118.4068,12531334.0,3267.0,America/Los_Angeles,1994,12,28
1994-12-29,62,Moderate,NO2,19,Los Angeles,California,34.1141,-118.4068,12531334.0,3267.0,America/Los_Angeles,1994,12,29
1994-12-30,79,Moderate,CO,19,Los Angeles,California,34.1141,-118.4068,12531334.0,3267.0,America/Los_Angeles,1994,12,30
1994-12-31,89,Moderate,CO,19,Los Angeles,California,34.1141,-118.4068,12531334.0,3267.0,America/Los_Angeles,1994,12,31
1995-01-01,79,Moderate,CO,19,Los Angeles,California,34.1141,-118.4068,12531334.0,3267.0,America/Los_Angeles,1995,1,1
1995-01-02,62,Moderate,NO2,19,Los Angeles,California,34.1141,-118.4068,12531334.0,3267.0,America/Los_Angeles,1995,1,2
1995-01-03,57,Moderate,NO2,19,Los Angeles,California,34.1141,-118.4068,12531334.0,3267.0,America/Los_Angeles,1995,1,3
1995-01-04,44,Good,CO,19,Los Angeles,California,34.1141,-118.4068,12531334.0,3267.0,America/Los_Angeles,1995,1,4
1995-01-05,70,Moderate,NO2,19,Los Angeles,California,34.1141,-118.4068,12531334.0,3267.0,America/Los_Angeles,1995,1,5
1995-01-06,53,Moderate,CO,19,Los Angeles,California,34.1141,-118.4068,12531334.0,3267.0,America/Los_Angeles,1995,1,6
1995-01-07,48,Good,NO2,19,Los Angeles,California,34.1141,-118.4068,12531334.0,3267.0,America/Los_Angeles,1995,1,7
1995-01-08,32,Good,NO2,19,Los Angeles,California,34.1141,-118.4068,12531334.0,3267.0,America/Los_Angeles,1995,1,8
1995-01-09,40,Good,NO2,19,Los Angeles,California,34.1141,-118.4068,12531334.0,3267.0,America/Los_Angeles,1995,1,9
1995-01-10,38,Good,NO2,19,Los Angeles,California,34.1141,-118.4068,12531334.0,3267.0,America/Los_Angeles,1995,1,10
1995-01-11,47,Good,NO2,19,Los Angeles,California,34.1141,-118.4068,12531334.0,3267.0,America/Los_Angeles,1995,1,11
1995-01-12,58,Moderate,CO,19,Los Angeles,California,34.1141,-118.4068,12531334.0,3267.0,America/Los_Angeles,1995,1,12
1995-01-13,64,Moderate,CO,19,Los Angeles,California,34.1141,-118.4068,12531334.0,3267.0,America/Los_Angeles,1995,1,13
1995-01-14,42,Good,NO2,19,Los Angeles,California,34.1141,-118.4068,12531334.0,3267.0,America/Los_Angeles,1995,1,14
1995-01-15,44,Good,NO2,19,Los Angeles,California,34.1141,-118.4068,12531334.0,3267.0,America/Los_Angeles,1995,1,15
1995-01-16,49,Good,CO,19,Los Angeles,California,34.1141,-118.4068,12531334.0,3267.0,America/Los_Angeles,1995,1,16
1995-01-17,61,Moderate,NO2,19,Los Angeles,California,34.1141,-118.4068,12531334.0,3267.0,America/Los_Angeles,1995,1,17
1995-01-18,86,Moderate,NO2,19,Los Angeles,California,34.1141,-118.4068,12531334.0,3267.0,America/Los_Angeles,1995,1,18
1995-01-19,85,Moderate,NO2,19,Los Angeles,California,34.1141,-118.4068,12531334.0,3267.0,America/Los_Angeles,1995,1,19
1995-01-20,77,Moderate,CO,19,Los Angeles,California,34.1141,-118.4068,12531334.0,3267.0,America/Los_Angeles,1995,1,20
1995-01-21,59,Moderate,CO,19,Los Angeles,California,34.1141,-118.4068,12531334.0,3267.0,America/Los_Angeles,1995,1,21
1995-01-22,75,Moderate,CO,19,Los Angeles,California,34.1141,-118.4068,12531334.0,3267.0,America/Los_Angeles,1995,1,22
1995-01-23,42,Good,NO2,19,Los Angeles,California,34.1141,-118.4068,12531334.0,3267.0,America/Los_Angeles,1995,1,23
1995-01-24,43,Good,NO2,19,Los Angeles,California,34.1141,-118.4068,12531334.0,3267.0,America/Los_Angeles,1995,1,24
1995-01-25,41,Good,NO2,19,Los Angeles,California,34.1141,-118.4068,12531334.0,3267.0,America/Los_Angeles,1995,1,25
1995-01-26,67,Moderate,CO,19,Los Angeles,California,34.1141,-118.4068,12531334.0,3267.0,America/Los_Angeles,1995,1,26
1995-01-27,90,Moderate,NO2,19,Los Angeles,California,34.1141,-118.4068,12531334.0,3267.0,America/Los_Angeles,1995,1,27
1995-01-28,101,Unhealthy for Sensitive Groups,NO2,19,Los Angeles,California,34.1141,-118.4068,12531334.0,3267.0,America/Los_Angeles,1995,1,28
1995-01-29,116,Unhealthy for Sensitive Groups,CO,19,Los Angeles,California,34.1141,-118.4068,12531334.0,3267.0,America/Los_Angeles,1995,1,29
1995-01-30,87,Moderate,NO2,19,Los Angeles,California,34.1141,-118.4068,12531334.0,3267.0,America/Los_Angeles,1995,1,30
1995-01-31,102,Unhealthy for Sensitive Groups,NO2,19,Los Angeles,California,34.1141,-118.4068,12531334.0,3267.0,America/Los_Angeles,1995,1,31
1995-02-01,120,Unhealthy for Sensitive Groups,NO2,19,Los Angeles,California,34.1141,-118.4068,12531334.0,3267.0,America/Los_Angeles,1995,2,1
1995-02-02,115,Unhealthy for Sensitive Groups,NO2,19,Los Angeles,California,34.1141,-118.4068,12531334.0,3267.0,America/Los_Angeles,1995,2,2
1995-02-03,117,Unhealthy for Sensitive Groups,NO2,19,Los Angeles,California,34.1141,-118.4068,12531334.0,3267.0,America/Los_Angeles,1995,2,3
1995-02-04,106,Unhealthy for Sensitive Groups,NO2,19,Los Angeles,California,34.1141,-118.4068,12531334.0,3267.0,America/Los_Angeles,1995,2,4
1995-02-05,110,Unhealthy for Sensitive Groups,NO2,19,Los Angeles,California,34.1141,-118.4068,12531334.0,3267.0,America/Los_Angeles,1995,2,5
1995-02-06,115,Unhealthy for Sensitive Groups,NO2,19,Los Angeles,California,34.1141,-118.4068,12531334.0,3267.0,America/Los_Angeles,1995,2,6
1995-02-07,101,Unhealthy for Sensitive Groups,NO2,19,Los Angeles,California,34.1141,-118.4068,12531334.0,3267.0,America/Los_Angeles,1995,2,7
1995-02-08,42,Good,NO2,19,Los Angeles,California,34.1141,-118.4068,12531334.0,3267.0,America/Los_Angeles,1995,2,8
1995-02-09,64,Moderate,NO2,19,Los Angeles,California,34.1141,-118.4068,12531334.0,3267.0,America/Los_Angeles,1995,2,9
1995-02-10,78,Moderate,NO2,19,Los Angeles,California,34.1141,-118.4068,12531334.0,3267.0,America/Los_Angeles,1995,2,10
1995-02-11,44,Good,CO,19,Los Angeles,California,34.1141,-118.4068,12531334.0,3267.0,America/Los_Angeles,1995,2,11
1995-02-12,46,Good,NO2,19,Los Angeles,California,34.1141,-118.4068,12531334.0,3267.0,America/Los_Angeles,1995,2,12
1995-02-13,47,Good,NO2,19,Los Angeles,California,34.1141,-118.4068,12531334.0,3267.0,America/Los_Angeles,1995,2,13
1995-02-14,47,Good,NO2,19,Los Angeles,California,34.1141,-118.4068,12531334.0,3267.0,America/Los_Angeles,1995,2,14
1995-02-15,81,Moderate,NO2,19,Los Angeles,California,34.1141,-118.4068,12531334.0,3267.0,America/Los_Angeles,1995,2,15
1995-02-16,102,Unhealthy for Sensitive Groups,NO2,19,Los Angeles,California,34.1141,-118.4068,12531334.0,3267.0,America/Los_Angeles,1995,2,16
1995-02-17,106,Unhealthy for Sensitive Groups,NO2,19,Los Angeles,California,34.1141,-118.4068,12531334.0,3267.0,America/Los_Angeles,1995,2,17
1995-02-18,98,Moderate,NO2,19,Los Angeles,California,34.1141,-118.4068,12531334.0,3267.0,America/Los_Angeles,1995,2,18
1995-02-19,93,Moderate,CO,19,Los Angeles,California,34.1141,-118.4068,12531334.0,3267.0,America/Los_Angeles,1995,2,19
1995-02-20,97,Moderate,CO,19,Los Angeles,California,34.1141,-118.4068,12531334.0,3267.0,America/Los_Angeles,1995,2,20
1995-02-21,56,Moderate,NO2,19,Los Angeles,California,34.1141,-118.4068,12531334.0,3267.0,America/Los_Angeles,1995,2,21
1995-02-22,68,Moderate,NO2,19,Los Angeles,California,34.1141,-118.4068,12531334.0,3267.0,America/Los_Angeles,1995,2,22
1995-02-23,100,Moderate,NO2,19,Los Angeles,California,34.1141,-118.4068,12531334.0,3267.0,America/Los_Angeles,1995,2,23
1995-02-24,104,Unhealthy for Sensitive Groups,NO2,19,Los Angeles,California,34.1141,-118.4068,12531334.0,3267.0,America/Los_Angeles,1995,2,24
1995-02-25,71,Moderate,NO2,19,Los Angeles,California,34.1141,-118.4068,12531334.0,3267.0,America/Los_Angeles,1995,2,25
1995-02-26,80,Moderate,Ozone,19,Los Angeles,California,34.1141,-118.4068,12531334.0,3267.0,America/Los_Angeles,1995,2,26
1995-02-27,119,Unhealthy for Sensitive Groups,Ozone,19,Los Angeles,California,34.1141,-118.4068,12531334.0,3267.0,America/Los_Angeles,1995,2,27
1995-02-28,54,Moderate,Ozone,19,Los Angeles,California,34.1141,-118.4068,12531334.0,3267.0,America/Los_Angeles,1995,2,28
1995-03-01,55,Moderate,NO2,19,Los Angeles,California,34.1141,-118.4068,12531334.0,3267.0,America/Los_Angeles,1995,3,1
1995-03-02,45,Good,NO2,19,Los Angeles,California,34.1141,-118.4068,12531334.0,3267.0,America/Los_Angeles,1995,3,2
1995-03-03,49,Good,NO2,19,Los Angeles,California,34.1141,-118.4068,12531334.0,3267.0,America/Los_Angeles,1995,3,3
1995-03-04,51,Moderate,PM10,19,Los Angeles,California,34.1141,-118.4068,12531334.0,3267.0,America/Los_Angeles,1995,3,4
1995-03-05,33,Good,NO2,19,Los Angeles,California,34.1141,-118.4068,12531334.0,3267.0,America/Los_Angeles,1995,3,5
1995-03-06,66,Moderate,NO2,19,Los Angeles,California,34.1141,-118.4068,12531334.0,3267.0,America/Los_Angeles,1995,3,6
1995-03-07,89,Moderate,NO2,19,Los Angeles,California,34.1141,-118.4068,12531334.0,3267.0,America/Los_Angeles,1995,3,7
1995-03-08,108,Unhealthy for Sensitive Groups,NO2,19,Los Angeles,California,34.1141,-118.4068,12531334.0,3267.0,America/Los_Angeles,1995,3,8
1995-03-09,102,Unhealthy for Sensitive Groups,NO2,19,Los Angeles,California,34.1141,-118.4068,12531334.0,3267.0,America/Los_Angeles,1995,3,9
1995-03-10,65,Moderate,NO2,19,Los Angeles,California,34.1141,-118.4068,12531334.0,3267.0,America/Los_Angeles,1995,3,10
1995-03-11,47,Good,NO2,19,Los Angeles,California,34.1141,-118.4068,12531334.0,3267.0,America/Los_Angeles,1995,3,11
1995-03-12,51,Moderate,NO2,19,Los Angeles,California,34.1141,-118.4068,12531334.0,3267.0,America/Los_Angeles,1995,3,12
1995-03-13,77,Moderate,NO2,19,Los Angeles,California,34.1141,-118.4068,12531334.0,3267.0,America/Los_Angeles,1995,3,13
1995-03-14,97,Moderate,NO2,19,Los Angeles,California,34.1141,-118.4068,12531334.0,3267.0,America/Los_Angeles,1995,3,14
1995-03-15,105,Unhealthy for Sensitive Groups,NO2,19,Los Angeles,California,34.1141,-118.4068,12531334.0,3267.0,America/Los_Angeles,1995,3,15
1995-03-16,103,Unhealthy for Sensitive Groups,NO2,19,Los Angeles,California,34.1141,-118.4068,12531334.0,3267.0,America/Los_Angeles,1995,3,16
1995-03-17,108,Unhealthy for Sensitive Groups,Ozone,19,Los Angeles,California,34.1141,-118.4068,12531334.0,3267.0,America/Los_Angeles,1995,3,17
1995-03-18,179,Unhealthy,Ozone,19,Los Angeles,California,34.1141,-118.4068,12531334.0,3267.0,America/Los_Angeles,1995,3,18
1995-03-19,122,Unhealthy for Sensitive Groups,Ozone,19,Los Angeles,California,34.1141,-118.4068,12531334.0,3267.0,America/Los_Angeles,1995,3,19
1995-03-20,74,Moderate,Ozone,19,Los Angeles,California,34.1141,-118.4068,12531334.0,3267.0,America/Los_Angeles,1995,3,20
1995-03-21,49,Good,NO2,19,Los Angeles,California,34.1141,-118.4068,12531334.0,3267.0,America/Los_Angeles,1995,3,21
1995-03-22,61,Moderate,NO2,19,Los Angeles,California,34.1141,-118.4068,12531334.0,3267.0,America/Los_Angeles,1995,3,22
1995-03-23,54,Moderate,NO2,19,Los Angeles,California,34.1141,-118.4068,12531334.0,3267.0,America/Los_Angeles,1995,3,23
1995-03-24,53,Moderate,NO2,19,Los Angeles,California,34.1141,-118.4068,12531334.0,3267.0,America/Los_Angeles,1995,3,24
1995-03-25,67,Moderate,NO2,19,Los Angeles,California,34.1141,-118.4068,12531334.0,3267.0,America/Los_Angeles,1995,3,25
1995-03-26,74,Moderate,NO2,19,Los Angeles,California,34.1141,-118.4068,12531334.0,3267.0,America/Los_Angeles,1995,3,26
1995-03-27,103,Unhealthy for Sensitive Groups,NO2,19,Los Angeles,California,34.1141,-118.4068,12531334.0,3267.0,America/Los_Angeles,1995,3,27
1995-03-28,85,Moderate,NO2,19,Los Angeles,California,34.1141,-118.4068,12531334.0,3267.0,America/Los_Angeles,1995,3,28
1995-03-29,104,Unhealthy for Sensitive Groups,NO2,19,Los Angeles,California,34.1141,-118.4068,12531334.0,3267.0,America/Los_Angeles,1995,3,29
1995-03-30,89,Moderate,NO2,19,Los Angeles,California,34.1141,-118.4068,12531334.0,3267.0,America/Los_Angeles,1995,3,30
1995-03-31,93,Moderate,NO2,19,Los Angeles,California,34.1141,-118.4068,12531334.0,3267.0,America/Los_Angeles,1995,3,31
1995-04-01,97,Moderate,Ozone,19,Los Angeles,California,34.1141,-118.4068,12531334.0,3267.0,America/Los_Angeles,1995,4,1
1995-04-02,101,Unhealthy for Sensitive Groups,Ozone,19,Los Angeles,California,34.1141,-118.4068,12531334.0,3267.0,America/Los_Angeles,1995,4,2
1995-04-03,112,Unhealthy for Sensitive Groups,NO2,19,Los Angeles,California,34.1141,-118.4068,12531334.0,3267.0,America/Los_Angeles,1995,4,3
1995-04-04,103,Unhealthy for Sensitive Groups,NO2,19,Los Angeles,California,34.1141,-118.4068,12531334.0,3267.0,America/Los_Angeles,1995,4,4
1995-04-05,108,Unhealthy for Sensitive Groups,NO2,19,Los Angeles,California,34.1141,-118.4068,12531334.0,3267.0,America/Los_Angeles,1995,4,5
1995-04-06,71,Moderate,NO2,19,Los Angeles,California,34.1141,-118.4068,12531334.0,3267.0,America/Los_Angeles,1995,4,6
1995-04-07,52,Moderate,NO2,19,Los Angeles,California,34.1141,-118.4068,12531334.0,3267.0,America/Los_Angeles,1995,4,7
1995-04-08,59,Moderate,PM10,19,Los Angeles,California,34.1141,-118.4068,12531334.0,3267.0,America/Los_Angeles,1995,4,8
1995-04-09,64,Moderate,Ozone,19,Los Angeles,California,34.1141,-118.4068,12531334.0,3267.0,America/Los_Angeles,1995,4,9
1995-04-10,76,Moderate,NO2,19,Los Angeles,California,34.1141,-118.4068,12531334.0,3267.0,America/Los_Angeles,1995,4,10
1995-04-11,101,Unhealthy for Sensitive Groups,NO2,19,Los Angeles,California,34.1141,-118.4068,12531334.0,3267.0,America/Los_Angeles,1995,4,11
1995-04-12,108,Unhealthy for Sensitive Groups,NO2,19,Los Angeles,California,34.1141,-118.4068,12531334.0,3267.0,America/Los_Angeles,1995,4,12
1995-04-13,83,Moderate,NO2,19,Los Angeles,California,34.1141,-118.4068,12531334.0,3267.0,America/Los_Angeles,1995,4,13
1995-04-14,58,Moderate,NO2,19,Los Angeles,California,34.1141,-118.4068,12531334.0,3267.0,America/Los_Angeles,1995,4,14
1995-04-15,54,Moderate,NO2,19,Los Angeles,California,34.1141,-118.4068,12531334.0,3267.0,America/Los_Angeles,1995,4,15
1995-04-16,47,Good,NO2,19,Los Angeles,California,34.1141,-118.4068,12531334.0,3267.0,America/Los_Angeles,1995,4,16
1995-04-17,51,Moderate,NO2,19,Los Angeles,California,34.1141,-118.4068,12531334.0,3267.0,America/Los_Angeles,1995,4,17
1995-04-18,49,Good,NO2,19,Los Angeles,California,34.1141,-118.4068,12531334.0,3267.0,America/Los_Angeles,1995,4,18
1995-04-19,58,Moderate,NO2,19,Los Angeles,California,34.1141,-118.4068,12531334.0,3267.0,America/Los_Angeles,1995,4,19
1995-04-20,48,Good,NO2,19,Los Angeles,California,34.1141,-118.4068,12531334.0,3267.0,America/Los_Angeles,1995,4,20
1995-04-21,61,Moderate,NO2,19,Los Angeles,California,34.1141,-118.4068,12531334.0,3267.0,America/Los_Angeles,1995,4,21
1995-04-22,78,Moderate,NO2,19,Los Angeles,California,34.1141,-118.4068,12531334.0,3267.0,America/Los_Angeles,1995,4,22
1995-04-23,108,Unhealthy for Sensitive Groups,Ozone,19,Los Angeles,California,34.1141,-118.4068,12531334.0,3267.0,America/Los_Angeles,1995,4,23
1995-04-24,95,Moderate,NO2,19,Los Angeles,California,34.1141,-118.4068,12531334.0,3267.0,America/Los_Angeles,1995,4,24
1995-04-25,119,Unhealthy for Sensitive Groups,Ozone,19,Los Angeles,California,34.1141,-118.4068,12531334.0,3267.0,America/Los_Angeles,1995,4,25
1995-04-26,140,Unhealthy for Sensitive Groups,Ozone,19,Los Angeles,California,34.1141,-118.4068,12531334.0,3267.0,America/Los_Angeles,1995,4,26
1995-04-27,101,Unhealthy for Sensitive Groups,Ozone,19,Los Angeles,California,34.1141,-118.4068,12531334.0,3267.0,America/Los_Angeles,1995,4,27
1995-04-28,39,Good,NO2,19,Los Angeles,California,34.1141,-118.4068,12531334.0,3267.0,America/Los_Angeles,1995,4,28
1995-04-29,49,Good,Ozone,19,Los Angeles,California,34.1141,-118.4068,12531334.0,3267.0,America/Los_Angeles,1995,4,29
1995-04-30,50,Good,NO2,19,Los Angeles,California,34.1141,-118.4068,12531334.0,3267.0,America/Los_Angeles,1995,4,30
1995-05-01,48,Good,NO2,19,Los Angeles,California,34.1141,-118.4068,12531334.0,3267.0,America/Los_Angeles,1995,5,1
1995-05-02,43,Good,Ozone,19,Los Angeles,California,34.1141,-118.4068,12531334.0,3267.0,America/Los_Angeles,1995,5,2
1995-05-03,58,Moderate,Ozone,19,Los Angeles,California,34.1141,-118.4068,12531334.0,3267.0,America/Los_Angeles,1995,5,3
1995-05-04,44,Good,Ozone,19,Los Angeles,California,34.1141,-118.4068,12531334.0,3267.0,America/Los_Angeles,1995,5,4
1995-05-05,45,Good,NO2,19,Los Angeles,California,34.1141,-118.4068,12531334.0,3267.0,America/Los_Angeles,1995,5,5
1995-05-06,44,Good,Ozone,19,Los Angeles,California,34.1141,-118.4068,12531334.0,3267.0,America/Los_Angeles,1995,5,6
1995-05-07,41,Good,NO2,19,Los Angeles,California,34.1141,-118.4068,12531334.0,3267.0,America/Los_Angeles,1995,5,7
1995-05-08,49,Good,NO2,19,Los Angeles,California,34.1141,-118.4068,12531334.0,3267.0,America/Los_Angeles,1995,5,8
1995-05-09,68,Moderate,NO2,19,Los Angeles,California,34.1141,-118.4068,12531334.0,3267.0,America/Los_Angeles,1995,5,9
1995-05-10,56,Moderate,NO2,19,Los Angeles,California,34.1141,-118.4068,12531334.0,3267.0,America/Los_Angeles,1995,5,10
1995-05-11,67,Moderate,Ozone,19,Los Angeles,California,34.1141,-118.4068,12531334.0,3267.0,America/Los_Angeles,1995,5,11
1995-05-12,54,Moderate,Ozone,19,Los Angeles,California,34.1141,-118.4068,12531334.0,3267.0,America/Los_Angeles,1995,5,12
1995-05-13,42,Good,Ozone,19,Los Angeles,California,34.1141,-118.4068,12531334.0,3267.0,America/Los_Angeles,1995,5,13
1995-05-14,45,Good,Ozone,19,Los Angeles,California,34.1141,-118.4068,12531334.0,3267.0,America/Los_Angeles,1995,5,14
1995-05-15,45,Good,NO2,19,Los Angeles,California,34.1141,-118.4068,12531334.0,3267.0,America/Los_Angeles,1995,5,15
1995-05-16,46,Good,NO2,19,Los Angeles,California,34.1141,-118.4068,12531334.0,3267.0,America/Los_Angeles,1995,5,16
1995-05-17,58,Moderate,Ozone,19,Los Angeles,California,34.1141,-118.4068,12531334.0,3267.0,America/Los_Angeles,1995,5,17
1995-05-18,115,Unhealthy for Sensitive Groups,Ozone,19,Los Angeles,California,34.1141,-118.4068,12531334.0,3267.0,America/Los_Angeles,1995,5,18
1995-05-19,143,Unhealthy for Sensitive Groups,Ozone,19,Los Angeles,California,34.1141,-118.4068,12531334.0,3267.0,America/Los_Angeles,1995,5,19
1995-05-20,122,Unhealthy for Sensitive Groups,Ozone,19,Los Angeles,California,34.1141,-118.4068,12531334.0,3267.0,America/Los_Angeles,1995,5,20
1995-05-21,74,Moderate,Ozone,18,Los Angeles,California,34.1141,-118.4068,12531334.0,3267.0,America/Los_Angeles,1995,5,21
1995-05-22,48,Good,NO2,18,Los Angeles,California,34.1141,-118.4068,12531334.0,3267.0,America/Los_Angeles,1995,5,22
1995-05-23,43,Good,NO2,19,Los Angeles,California,34.1141,-118.4068,12531334.0,3267.0,America/Los_Angeles,1995,5,23
1995-05-24,57,Moderate,NO2,19,Los Angeles,California,34.1141,-118.4068,12531334.0,3267.0,America/Los_Angeles,1995,5,24
1995-05-25,52,Moderate,NO2,19,Los Angeles,California,34.1141,-118.4068,12531334.0,3267.0,America/Los_Angeles,1995,5,25
1995-05-26,73,Moderate,NO2,19,Los Angeles,California,34.1141,-118.4068,12531334.0,3267.0,America/Los_Angeles,1995,5,26
1995-05-27,126,Unhealthy for Sensitive Groups,Ozone,19,Los Angeles,California,34.1141,-118.4068,12531334.0,3267.0,America/Los_Angeles,1995,5,27
1995-05-28,190,Unhealthy,Ozone,19,Los Angeles,California,34.1141,-118.4068,12531334.0,3267.0,America/Los_Angeles,1995,5,28
1995-05-29,222,Very Unhealthy,Ozone,19,Los Angeles,California,34.1141,-118.4068,12531334.0,3267.0,America/Los_Angeles,1995,5,29
1995-05-30,227,Very Unhealthy,Ozone,19,Los Angeles,California,34.1141,-118.4068,12531334.0,3267.0,America/Los_Angeles,1995,5,30
1995-05-31,190,Unhealthy,Ozone,20,Los Angeles,California,34.1141,-118.4068,12531334.0,3267.0,America/Los_Angeles,1995,5,31
1995-06-01,119,Unhealthy for Sensitive Groups,Ozone,20,Los Angeles,California,34.1141,-118.4068,12531334.0,3267.0,America/Los_Angeles,1995,6,1
1995-06-02,80,Moderate,Ozone,20,Los Angeles,California,34.1141,-118.4068,12531334.0,3267.0,America/Los_Angeles,1995,6,2
1995-06-03,147,Unhealthy for Sensitive Groups,Ozone,20,Los Angeles,California,34.1141,-118.4068,12531334.0,3267.0,America/Los_Angeles,1995,6,3
1995-06-04,174,Unhealthy,Ozone,20,Los Angeles,California,34.1141,-118.4068,12531334.0,3267.0,America/Los_Angeles,1995,6,4
1995-06-05,90,Moderate,Ozone,20,Los Angeles,California,34.1141,-118.4068,12531334.0,3267.0,America/Los_Angeles,1995,6,5
1995-06-06,80,Moderate,Ozone,20,Los Angeles,California,34.1141,-118.4068,12531334.0,3267.0,America/Los_Angeles,1995,6,6
1995-06-07,54,Moderate,Ozone,20,Los Angeles,California,34.1141,-118.4068,12531334.0,3267.0,America/Los_Angeles,1995,6,7
1995-06-08,100,Moderate,Ozone,20,Los Angeles,California,34.1141,-118.4068,12531334.0,3267.0,America/Los_Angeles,1995,6,8
1995-06-09,169,Unhealthy,Ozone,20,Los Angeles,California,34.1141,-118.4068,12531334.0,3267.0,America/Los_Angeles,1995,6,9
1995-06-10,210,Very Unhealthy,Ozone,20,Los Angeles,California,34.1141,-118.4068,12531334.0,3267.0,America/Los_Angeles,1995,6,10
1995-06-11,248,Very Unhealthy,Ozone,20,Los Angeles,California,34.1141,-118.4068,12531334.0,3267.0,America/Los_Angeles,1995,6,11
1995-06-12,210,Very Unhealthy,Ozone,19,Los Angeles,California,34.1141,-118.4068,12531334.0,3267.0,America/Los_Angeles,1995,6,12
1995-06-13,172,Unhealthy,Ozone,20,Los Angeles,California,34.1141,-118.4068,12531334.0,3267.0,America/Los_Angeles,1995,6,13
1995-06-14,108,Unhealthy for Sensitive Groups,Ozone,20,Los Angeles,California,34.1141,-118.4068,12531334.0,3267.0,America/Los_Angeles,1995,6,14
1995-06-15,47,Good,Ozone,20,Los Angeles,California,34.1141,-118.4068,12531334.0,3267.0,America/Los_Angeles,1995,6,15
1995-06-16,35,Good,NO2,20,Los Angeles,California,34.1141,-118.4068,12531334.0,3267.0,America/Los_Angeles,1995,6,16
1995-06-17,108,Unhealthy for Sensitive Groups,Ozone,20,Los Angeles,California,34.1141,-118.4068,12531334.0,3267.0,America/Los_Angeles,1995,6,17
1995-06-18,185,Unhealthy,Ozone,20,Los Angeles,California,34.1141,-118.4068,12531334.0,3267.0,America/Los_Angeles,1995,6,18
1995-06-19,201,Very Unhealthy,Ozone,20,Los Angeles,California,34.1141,-118.4068,12531334.0,3267.0,America/Los_Angeles,1995,6,19
1995-06-20,129,Unhealthy for Sensitive Groups,Ozone,20,Los Angeles,California,34.1141,-118.4068,12531334.0,3267.0,America/Los_Angeles,1995,6,20
1995-06-21,195,Unhealthy,Ozone,20,Los Angeles,California,34.1141,-118.4068,12531334.0,3267.0,America/Los_Angeles,1995,6,21
1995-06-22,228,Very Unhealthy,Ozone,20,Los Angeles,California,34.1141,-118.4068,12531334.0,3267.0,America/Los_Angeles,1995,6,22
1995-06-23,229,Very Unhealthy,Ozone,20,Los Angeles,California,34.1141,-118.4068,12531334.0,3267.0,America/Los_Angeles,1995,6,23
1995-06-24,247,Very Unhealthy,Ozone,20,Los Angeles,California,34.1141,-118.4068,12531334.0,3267.0,America/Los_Angeles,1995,6,24
1995-06-25,203,Very Unhealthy,Ozone,20,Los Angeles,California,34.1141,-118.4068,12531334.0,3267.0,America/Los_Angeles,1995,6,25
1995-06-26,212,Very Unhealthy,Ozone,20,Los Angeles,California,34.1141,-118.4068,12531334.0,3267.0,America/Los_Angeles,1995,6,26
1995-06-27,223,Very Unhealthy,Ozone,20,Los Angeles,California,34.1141,-118.4068,12531334.0,3267.0,America/Los_Angeles,1995,6,27
1995-06-28,204,Very Unhealthy,Ozone,20,Los Angeles,California,34.1141,-118.4068,12531334.0,3267.0,America/Los_Angeles,1995,6,28
1995-06-29,213,Very Unhealthy,Ozone,20,Los Angeles,California,34.1141,-118.4068,12531334.0,3267.0,America/Los_Angeles,1995,6,29
1995-06-30,204,Very Unhealthy,Ozone,20,Los Angeles,California,34.1141,-118.4068,12531334.0,3267.0,America/Los_Angeles,1995,6,30
1995-07-01,205,Very Unhealthy,Ozone,20,Los Angeles,California,34.1141,-118.4068,12531334.0,3267.0,America/Los_Angeles,1995,7,1
1995-07-02,197,Unhealthy,Ozone,20,Los Angeles,California,34.1141,-118.4068,12531334.0,3267.0,America/Los_Angeles,1995,7,2
1995-07-03,166,Unhealthy,Ozone,20,Los Angeles,California,34.1141,-118.4068,12531334.0,3267.0,America/Los_Angeles,1995,7,3
1995-07-04,187,Unhealthy,Ozone,20,Los Angeles,California,34.1141,-118.4068,12531334.0,3267.0,America/Los_Angeles,1995,7,4
1995-07-05,206,Very Unhealthy,Ozone,20,Los Angeles,California,34.1141,-118.4068,12531334.0,3267.0,America/Los_Angeles,1995,7,5
1995-07-06,225,Very Unhealthy,Ozone,20,Los Angeles,California,34.1141,-118.4068,12531334.0,3267.0,America/Los_Angeles,1995,7,6
1995-07-07,213,Very Unhealthy,Ozone,20,Los Angeles,California,34.1141,-118.4068,12531334.0,3267.0,America/Los_Angeles,1995,7,7
1995-07-08,245,Very Unhealthy,Ozone,20,Los Angeles,California,34.1141,-118.4068,12531334.0,3267.0,America/Los_Angeles,1995,7,8
1995-07-09,219,Very Unhealthy,Ozone,20,Los Angeles,California,34.1141,-118.4068,12531334.0,3267.0,America/Los_Angeles,1995,7,9
1995-07-10,159,Unhealthy,Ozone,20,Los Angeles,California,34.1141,-118.4068,12531334.0,3267.0,America/Los_Angeles,1995,7,10
1995-07-11,84,Moderate,NO2,20,Los Angeles,California,34.1141,-118.4068,12531334.0,3267.0,America/Los_Angeles,1995,7,11
1995-07-12,159,Unhealthy,Ozone,20,Los Angeles,California,34.1141,-118.4068,12531334.0,3267.0,America/Los_Angeles,1995,7,12
1995-07-13,204,Very Unhealthy,Ozone,20,Los Angeles,California,34.1141,-118.4068,12531334.0,3267.0,America/Los_Angeles,1995,7,13
1995-07-14,225,Very Unhealthy,Ozone,20,Los Angeles,California,34.1141,-118.4068,12531334.0,3267.0,America/Los_Angeles,1995,7,14
1995-07-15,238,Very Unhealthy,Ozone,20,Los Angeles,California,34.1141,-118.4068,12531334.0,3267.0,America/Los_Angeles,1995,7,15
1995-07-16,87,Moderate,Ozone,20,Los Angeles,California,34.1141,-118.4068,12531334.0,3267.0,America/Los_Angeles,1995,7,16
1995-07-17,215,Very Unhealthy,Ozone,20,Los Angeles,California,34.1141,-118.4068,12531334.0,3267.0,America/Los_Angeles,1995,7,17
1995-07-18,154,Unhealthy,Ozone,20,Los Angeles,California,34.1141,-118.4068,12531334.0,3267.0,America/Los_Angeles,1995,7,18
1995-07-19,119,Unhealthy for Sensitive Groups,Ozone,20,Los Angeles,California,34.1141,-118.4068,12531334.0,3267.0,America/Los_Angeles,1995,7,19
1995-07-20,133,Unhealthy for Sensitive Groups,Ozone,20,Los Angeles,California,34.1141,-118.4068,12531334.0,3267.0,America/Los_Angeles,1995,7,20
1995-07-21,179,Unhealthy,Ozone,20,Los Angeles,California,34.1141,-118.4068,12531334.0,3267.0,America/Los_Angeles,1995,7,21
1995-07-22,200,Unhealthy,Ozone,20,Los Angeles,California,34.1141,-118.4068,12531334.0,3267.0,America/Los_Angeles,1995,7,22
1995-07-23,229,Very Unhealthy,Ozone,20,Los Angeles,California,34.1141,-118.4068,12531334.0,3267.0,America/Los_Angeles,1995,7,23
1995-07-24,252,Very Unhealthy,Ozone,20,Los Angeles,California,34.1141,-118.4068,12531334.0,3267.0,America/Los_Angeles,1995,7,24
1995-07-25,246,Very Unhealthy,Ozone,20,Los Angeles,California,34.1141,-118.4068,12531334.0,3267.0,America/Los_Angeles,1995,7,25
1995-07-26,256,Very Unhealthy,Ozone,20,Los Angeles,California,34.1141,-118.4068,12531334.0,3267.0,America/Los_Angeles,1995,7,26
1995-07-27,212,Very Unhealthy,Ozone,20,Los Angeles,California,34.1141,-118.4068,12531334.0,3267.0,America/Los_Angeles,1995,7,27
1995-07-28,202,Very Unhealthy,Ozone,20,Los Angeles,California,34.1141,-118.4068,12531334.0,3267.0,America/Los_Angeles,1995,7,28
1995-07-29,228,Very Unhealthy,Ozone,20,Los Angeles,California,34.1141,-118.4068,12531334.0,3267.0,America/Los_Angeles,1995,7,29
1995-07-30,206,Very Unhealthy,Ozone,20,Los Angeles,California,34.1141,-118.4068,12531334.0,3267.0,America/Los_Angeles,1995,7,30
1995-07-31,205,Very Unhealthy,Ozone,20,Los Angeles,California,34.1141,-118.4068,12531334.0,3267.0,America/Los_Angeles,1995,7,31
1995-08-01,186,Unhealthy,Ozone,20,Los Angeles,California,34.1141,-118.4068,12531334.0,3267.0,America/Los_Angeles,1995,8,1
1995-08-02,203,Very Unhealthy,Ozone,20,Los Angeles,California,34.1141,-118.4068,12531334.0,3267.0,America/Los_Angeles,1995,8,2
1995-08-03,215,Very Unhealthy,Ozone,20,Los Angeles,California,34.1141,-118.4068,12531334.0,3267.0,America/Los_Angeles,1995,8,3
1995-08-04,208,Very Unhealthy,Ozone,20,Los Angeles,California,34.1141,-118.4068,12531334.0,3267.0,America/Los_Angeles,1995,8,4
1995-08-05,233,Very Unhealthy,Ozone,20,Los Angeles,California,34.1141,-118.4068,12531334.0,3267.0,America/Los_Angeles,1995,8,5
1995-08-06,227,Very Unhealthy,Ozone,20,Los Angeles,California,34.1141,-118.4068,12531334.0,3267.0,America/Los_Angeles,1995,8,6
1995-08-07,195,Unhealthy,Ozone,20,Los Angeles,California,34.1141,-118.4068,12531334.0,3267.0,America/Los_Angeles,1995,8,7
1995-08-08,209,Very Unhealthy,Ozone,20,Los Angeles,California,34.1141,-118.4068,12531334.0,3267.0,America/Los_Angeles,1995,8,8
1995-08-09,223,Very Unhealthy,Ozone,20,Los Angeles,California,34.1141,-118.4068,12531334.0,3267.0,America/Los_Angeles,1995,8,9
1995-08-10,197,Unhealthy,Ozone,20,Los Angeles,California,34.1141,-118.4068,12531334.0,3267.0,America/Los_Angeles,1995,8,10
1995-08-11,218,Very Unhealthy,Ozone,20,Los Angeles,California,34.1141,-118.4068,12531334.0,3267.0,America/Los_Angeles,1995,8,11
1995-08-12,212,Very Unhealthy,Ozone,20,Los Angeles,California,34.1141,-118.4068,12531334.0,3267.0,America/Los_Angeles,1995,8,12
1995-08-13,172,Unhealthy,Ozone,20,Los Angeles,California,34.1141,-118.4068,12531334.0,3267.0,America/Los_Angeles,1995,8,13
1995-08-14,174,Unhealthy,Ozone,20,Los Angeles,California,34.1141,-118.4068,12531334.0,3267.0,America/Los_Angeles,1995,8,14
1995-08-15,192,Unhealthy,Ozone,20,Los Angeles,California,34.1141,-118.4068,12531334.0,3267.0,America/Los_Angeles,1995,8,15
1995-08-16,136,Unhealthy for Sensitive Groups,Ozone,20,Los Angeles,California,34.1141,-118.4068,12531334.0,3267.0,America/Los_Angeles,1995,8,16
1995-08-17,147,Unhealthy for Sensitive Groups,Ozone,20,Los Angeles,California,34.1141,-118.4068,12531334.0,3267.0,America/Los_Angeles,1995,8,17
1995-08-18,226,Very Unhealthy,Ozone,20,Los Angeles,California,34.1141,-118.4068,12531334.0,3267.0,America/Los_Angeles,1995,8,18
1995-08-19,221,Very Unhealthy,Ozone,20,Los Angeles,California,34.1141,-118.4068,12531334.0,3267.0,America/Los_Angeles,1995,8,19
1995-08-20,179,Unhealthy,Ozone,20,Los Angeles,California,34.1141,-118.4068,12531334.0,3267.0,America/Los_Angeles,1995,8,20
1995-08-21,156,Unhealthy,Ozone,20,Los Angeles,California,34.1141,-118.4068,12531334.0,3267.0,America/Los_Angeles,1995,8,21
1995-08-22,195,Unhealthy,Ozone,20,Los Angeles,California,34.1141,-118.4068,12531334.0,3267.0,America/Los_Angeles,1995,8,22
1995-08-23,150,Unhealthy for Sensitive Groups,Ozone,20,Los Angeles,California,34.1141,-118.4068,12531334.0,3267.0,America/Los_Angeles,1995,8,23
1995-08-24,108,Unhealthy for Sensitive Groups,NO2,20,Los Angeles,California,34.1141,-118.4068,12531334.0,3267.0,America/Los_Angeles,1995,8,24
1995-08-25,156,Unhealthy,Ozone,20,Los Angeles,California,34.1141,-118.4068,12531334.0,3267.0,America/Los_Angeles,1995,8,25
1995-08-26,156,Unhealthy,Ozone,20,Los Angeles,California,34.1141,-118.4068,12531334.0,3267.0,America/Los_Angeles,1995,8,26
1995-08-27,169,Unhealthy,Ozone,20,Los Angeles,California,34.1141,-118.4068,12531334.0,3267.0,America/Los_Angeles,1995,8,27
1995-08-28,119,Unhealthy for Sensitive Groups,Ozone,20,Los Angeles,California,34.1141,-118.4068,12531334.0,3267.0,America/Los_Angeles,1995,8,28
1995-08-29,169,Unhealthy,Ozone,20,Los Angeles,California,34.1141,-118.4068,12531334.0,3267.0,America/Los_Angeles,1995,8,29
1995-08-30,197,Unhealthy,Ozone,20,Los Angeles,California,34.1141,-118.4068,12531334.0,3267.0,America/Los_Angeles,1995,8,30
1995-08-31,169,Unhealthy,Ozone,20,Los Angeles,California,34.1141,-118.4068,12531334.0,3267.0,America/Los_Angeles,1995,8,31
1995-09-01,209,Very Unhealthy,Ozone,20,Los Angeles,California,34.1141,-118.4068,12531334.0,3267.0,America/Los_Angeles,1995,9,1
1995-09-02,247,Very Unhealthy,Ozone,20,Los Angeles,California,34.1141,-118.4068,12531334.0,3267.0,America/Los_Angeles,1995,9,2
1995-09-03,218,Very Unhealthy,Ozone,20,Los Angeles,California,34.1141,-118.4068,12531334.0,3267.0,America/Los_Angeles,1995,9,3
1995-09-04,201,Very Unhealthy,Ozone,20,Los Angeles,California,34.1141,-118.4068,12531334.0,3267.0,America/Los_Angeles,1995,9,4
1995-09-05,201,Very Unhealthy,Ozone,20,Los Angeles,California,34.1141,-118.4068,12531334.0,3267.0,America/Los_Angeles,1995,9,5
1995-09-06,147,Unhealthy for Sensitive Groups,Ozone,20,Los Angeles,California,34.1141,-118.4068,12531334.0,3267.0,America/Los_Angeles,1995,9,6
1995-09-07,151,Unhealthy,Ozone,20,Los Angeles,California,34.1141,-118.4068,12531334.0,3267.0,America/Los_Angeles,1995,9,7
1995-09-08,115,Unhealthy for Sensitive Groups,Ozone,20,Los Angeles,California,34.1141,-118.4068,12531334.0,3267.0,America/Los_Angeles,1995,9,8
1995-09-09,143,Unhealthy for Sensitive Groups,Ozone,20,Los Angeles,California,34.1141,-118.4068,12531334.0,3267.0,America/Los_Angeles,1995,9,9
1995-09-10,161,Unhealthy,Ozone,20,Los Angeles,California,34.1141,-118.4068,12531334.0,3267.0,America/Los_Angeles,1995,9,10
1995-09-11,172,Unhealthy,Ozone,20,Los Angeles,California,34.1141,-118.4068,12531334.0,3267.0,America/Los_Angeles,1995,9,11
1995-09-12,214,Very Unhealthy,Ozone,20,Los Angeles,California,34.1141,-118.4068,12531334.0,3267.0,America/Los_Angeles,1995,9,12
1995-09-13,214,Very Unhealthy,Ozone,20,Los Angeles,California,34.1141,-118.4068,12531334.0,3267.0,America/Los_Angeles,1995,9,13
1995-09-14,230,Very Unhealthy,Ozone,20,Los Angeles,California,34.1141,-118.4068,12531334.0,3267.0,America/Los_Angeles,1995,9,14
1995-09-15,222,Very Unhealthy,Ozone,20,Los Angeles,California,34.1141,-118.4068,12531334.0,3267.0,America/Los_Angeles,1995,9,15
1995-09-16,202,Very Unhealthy,Ozone,20,Los Angeles,California,34.1141,-118.4068,12531334.0,3267.0,America/Los_Angeles,1995,9,16
1995-09-17,226,Very Unhealthy,Ozone,20,Los Angeles,California,34.1141,-118.4068,12531334.0,3267.0,America/Los_Angeles,1995,9,17
1995-09-18,190,Unhealthy,Ozone,20,Los Angeles,California,34.1141,-118.4068,12531334.0,3267.0,America/Los_Angeles,1995,9,18
1995-09-19,204,Very Unhealthy,Ozone,20,Los Angeles,California,34.1141,-118.4068,12531334.0,3267.0,America/Los_Angeles,1995,9,19
1995-09-20,195,Unhealthy,Ozone,20,Los Angeles,California,34.1141,-118.4068,12531334.0,3267.0,America/Los_Angeles,1995,9,20
1995-09-21,205,Very Unhealthy,Ozone,20,Los Angeles,California,34.1141,-118.4068,12531334.0,3267.0,America/Los_Angeles,1995,9,21
1995-09-22,203,Very Unhealthy,Ozone,20,Los Angeles,California,34.1141,-118.4068,12531334.0,3267.0,America/Los_Angeles,1995,9,22
1995-09-23,204,Very Unhealthy,Ozone,20,Los Angeles,California,34.1141,-118.4068,12531334.0,3267.0,America/Los_Angeles,1995,9,23
1995-09-24,185,Unhealthy,Ozone,20,Los Angeles,California,34.1141,-118.4068,12531334.0,3267.0,America/Los_Angeles,1995,9,24
1995-09-25,129,Unhealthy for Sensitive Groups,Ozone,20,Los Angeles,California,34.1141,-118.4068,12531334.0,3267.0,America/Los_Angeles,1995,9,25
1995-09-26,77,Moderate,Ozone,20,Los Angeles,California,34.1141,-118.4068,12531334.0,3267.0,America/Los_Angeles,1995,9,26
1995-09-27,115,Unhealthy for Sensitive Groups,Ozone,20,Los Angeles,California,34.1141,-118.4068,12531334.0,3267.0,America/Los_Angeles,1995,9,27
1995-09-28,58,Moderate,Ozone,20,Los Angeles,California,34.1141,-118.4068,12531334.0,3267.0,America/Los_Angeles,1995,9,28
1995-09-29,77,Moderate,Ozone,20,Los Angeles,California,34.1141,-118.4068,12531334.0,3267.0,America/Los_Angeles,1995,9,29
1995-09-30,136,Unhealthy for Sensitive Groups,Ozone,20,Los Angeles,California,34.1141,-118.4068,12531334.0,3267.0,America/Los_Angeles,1995,9,30
1995-10-01,161,Unhealthy,Ozone,20,Los Angeles,California,34.1141,-118.4068,12531334.0,3267.0,America/Los_Angeles,1995,10,1
1995-10-02,190,Unhealthy,Ozone,20,Los Angeles,California,34.1141,-118.4068,12531334.0,3267.0,America/Los_Angeles,1995,10,2
1995-10-03,147,Unhealthy for Sensitive Groups,Ozone,20,Los Angeles,California,34.1141,-118.4068,12531334.0,3267.0,America/Los_Angeles,1995,10,3
1995-10-04,108,Unhealthy for Sensitive Groups,Ozone,20,Los Angeles,California,34.1141,-118.4068,12531334.0,3267.0,America/Los_Angeles,1995,10,4
1995-10-05,105,Unhealthy for Sensitive Groups,NO2,20,Los Angeles,California,34.1141,-118.4068,12531334.0,3267.0,America/Los_Angeles,1995,10,5
1995-10-06,103,Unhealthy for Sensitive Groups,NO2,19,Los Angeles,California,34.1141,-118.4068,12531334.0,3267.0,America/Los_Angeles,1995,10,6
1995-10-07,182,Unhealthy,Ozone,19,Los Angeles,California,34.1141,-118.4068,12531334.0,3267.0,America/Los_Angeles,1995,10,7
1995-10-08,161,Unhealthy,Ozone,19,Los Angeles,California,34.1141,-118.4068,12531334.0,3267.0,America/Los_Angeles,1995,10,8
1995-10-09,112,Unhealthy for Sensitive Groups,Ozone,19,Los Angeles,California,34.1141,-118.4068,12531334.0,3267.0,America/Los_Angeles,1995,10,9
1995-10-10,143,Unhealthy for Sensitive Groups,Ozone,19,Los Angeles,California,34.1141,-118.4068,12531334.0,3267.0,America/Los_Angeles,1995,10,10
1995-10-11,119,Unhealthy for Sensitive Groups,Ozone,19,Los Angeles,California,34.1141,-118.4068,12531334.0,3267.0,America/Los_Angeles,1995,10,11
1995-10-12,150,Unhealthy for Sensitive Groups,Ozone,19,Los Angeles,California,34.1141,-118.4068,12531334.0,3267.0,America/Los_Angeles,1995,10,12
1995-10-13,133,Unhealthy for Sensitive Groups,Ozone,19,Los Angeles,California,34.1141,-118.4068,12531334.0,3267.0,America/Los_Angeles,1995,10,13
1995-10-14,115,Unhealthy for Sensitive Groups,Ozone,19,Los Angeles,California,34.1141,-118.4068,12531334.0,3267.0,America/Los_Angeles,1995,10,14
1995-10-15,74,Moderate,Ozone,19,Los Angeles,California,34.1141,-118.4068,12531334.0,3267.0,America/Los_Angeles,1995,10,15
1995-10-16,100,Moderate,Ozone,19,Los Angeles,California,34.1141,-118.4068,12531334.0,3267.0,America/Los_Angeles,1995,10,16
1995-10-17,103,Unhealthy for Sensitive Groups,NO2,19,Los Angeles,California,34.1141,-118.4068,12531334.0,3267.0,America/Los_Angeles,1995,10,17
1995-10-18,150,Unhealthy for Sensitive Groups,Ozone,19,Los Angeles,California,34.1141,-118.4068,12531334.0,3267.0,America/Los_Angeles,1995,10,18
1995-10-19,129,Unhealthy for Sensitive Groups,Ozone,19,Los Angeles,California,34.1141,-118.4068,12531334.0,3267.0,America/Los_Angeles,1995,10,19
1995-10-20,140,Unhealthy for Sensitive Groups,Ozone,19,Los Angeles,California,34.1141,-118.4068,12531334.0,3267.0,America/Los_Angeles,1995,10,20
1995-10-21,147,Unhealthy for Sensitive Groups,Ozone,19,Los Angeles,California,34.1141,-118.4068,12531334.0,3267.0,America/Los_Angeles,1995,10,21
1995-10-22,126,Unhealthy for Sensitive Groups,Ozone,19,Los Angeles,California,34.1141,-118.4068,12531334.0,3267.0,America/Los_Angeles,1995,10,22
1995-10-23,105,Unhealthy for Sensitive Groups,Ozone,19,Los Angeles,California,34.1141,-118.4068,12531334.0,3267.0,America/Los_Angeles,1995,10,23
1995-10-24,106,Unhealthy for Sensitive Groups,NO2,19,Los Angeles,California,34.1141,-118.4068,12531334.0,3267.0,America/Los_Angeles,1995,10,24
1995-10-25,111,Unhealthy for Sensitive Groups,NO2,19,Los Angeles,California,34.1141,-118.4068,12531334.0,3267.0,America/Los_Angeles,1995,10,25
1995-10-26,112,Unhealthy for Sensitive Groups,NO2,19,Los Angeles,California,34.1141,-118.4068,12531334.0,3267.0,America/Los_Angeles,1995,10,26
1995-10-27,159,Unhealthy,Ozone,20,Los Angeles,California,34.1141,-118.4068,12531334.0,3267.0,America/Los_Angeles,1995,10,27
1995-10-28,110,Unhealthy for Sensitive Groups,NO2,20,Los Angeles,California,34.1141,-118.4068,12531334.0,3267.0,America/Los_Angeles,1995,10,28
1995-10-29,90,Moderate,Ozone,20,Los Angeles,California,34.1141,-118.4068,12531334.0,3267.0,America/Los_Angeles,1995,10,29
1995-10-30,101,Unhealthy for Sensitive Groups,Ozone,20,Los Angeles,California,34.1141,-118.4068,12531334.0,3267.0,America/Los_Angeles,1995,10,30
1995-10-31,63,Moderate,NO2,20,Los Angeles,California,34.1141,-118.4068,12531334.0,3267.0,America/Los_Angeles,1995,10,31
1995-11-01,56,Moderate,CO,19,Los Angeles,California,34.1141,-118.4068,12531334.0,3267.0,America/Los_Angeles,1995,11,1
1995-11-02,84,Moderate,NO2,19,Los Angeles,California,34.1141,-118.4068,12531334.0,3267.0,America/Los_Angeles,1995,11,2
1995-11-03,98,Moderate,NO2,19,Los Angeles,California,34.1141,-118.4068,12531334.0,3267.0,America/Los_Angeles,1995,11,3
1995-11-04,97,Moderate,NO2,19,Los Angeles,California,34.1141,-118.4068,12531334.0,3267.0,America/Los_Angeles,1995,11,4
1995-11-05,102,Unhealthy for Sensitive Groups,NO2,19,Los Angeles,California,34.1141,-118.4068,12531334.0,3267.0,America/Los_Angeles,1995,11,5
1995-11-06,71,Moderate,NO2,19,Los Angeles,California,34.1141,-118.4068,12531334.0,3267.0,America/Los_Angeles,1995,11,6
1995-11-07,106,Unhealthy for Sensitive Groups,NO2,19,Los Angeles,California,34.1141,-118.4068,12531334.0,3267.0,America/Los_Angeles,1995,11,7
1995-11-08,123,Unhealthy for Sensitive Groups,CO,19,Los Angeles,California,34.1141,-118.4068,12531334.0,3267.0,America/Los_Angeles,1995,11,8
1995-11-09,103,Unhealthy for Sensitive Groups,NO2,19,Los Angeles,California,34.1141,-118.4068,12531334.0,3267.0,America/Los_Angeles,1995,11,9
1995-11-10,77,Moderate,NO2,19,Los Angeles,California,34.1141,-118.4068,12531334.0,3267.0,America/Los_Angeles,1995,11,10
1995-11-11,109,Unhealthy for Sensitive Groups,NO2,19,Los Angeles,California,34.1141,-118.4068,12531334.0,3267.0,America/Los_Angeles,1995,11,11
1995-11-12,106,Unhealthy for Sensitive Groups,NO2,19,Los Angeles,California,34.1141,-118.4068,12531334.0,3267.0,America/Los_Angeles,1995,11,12
1995-11-13,113,Unhealthy for Sensitive Groups,NO2,19,Los Angeles,California,34.1141,-118.4068,12531334.0,3267.0,America/Los_Angeles,1995,11,13
1995-11-14,105,Unhealthy for Sensitive Groups,NO2,19,Los Angeles,California,34.1141,-118.4068,12531334.0,3267.0,America/Los_Angeles,1995,11,14
1995-11-15,112,Unhealthy for Sensitive Groups,NO2,19,Los Angeles,California,34.1141,-118.4068,12531334.0,3267.0,America/Los_Angeles,1995,11,15
1995-11-16,110,Unhealthy for Sensitive Groups,NO2,19,Los Angeles,California,34.1141,-118.4068,12531334.0,3267.0,America/Los_Angeles,1995,11,16
1995-11-17,121,Unhealthy for Sensitive Groups,NO2,19,Los Angeles,California,34.1141,-118.4068,12531334.0,3267.0,America/Los_Angeles,1995,11,17
1995-11-18,124,Unhealthy for Sensitive Groups,NO2,19,Los Angeles,California,34.1141,-118.4068,12531334.0,3267.0,America/Los_Angeles,1995,11,18
1995-11-19,154,Unhealthy,Ozone,19,Los Angeles,California,34.1141,-118.4068,12531334.0,3267.0,America/Los_Angeles,1995,11,19
1995-11-20,172,Unhealthy,Ozone,19,Los Angeles,California,34.1141,-118.4068,12531334.0,3267.0,America/Los_Angeles,1995,11,20
1995-11-21,114,Unhealthy for Sensitive Groups,NO2,19,Los Angeles,California,34.1141,-118.4068,12531334.0,3267.0,America/Los_Angeles,1995,11,21
1995-11-22,115,Unhealthy for Sensitive Groups,NO2,19,Los Angeles,California,34.1141,-118.4068,12531334.0,3267.0,America/Los_Angeles,1995,11,22
1995-11-23,136,Unhealthy for Sensitive Groups,CO,19,Los Angeles,California,34.1141,-118.4068,12531334.0,3267.0,America/Los_Angeles,1995,11,23
1995-11-24,121,Unhealthy for Sensitive Groups,NO2,19,Los Angeles,California,34.1141,-118.4068,12531334.0,3267.0,America/Los_Angeles,1995,11,24
1995-11-25,130,Unhealthy for Sensitive Groups,CO,19,Los Angeles,California,34.1141,-118.4068,12531334.0,3267.0,America/Los_Angeles,1995,11,25
1995-11-26,105,Unhealthy for Sensitive Groups,NO2,19,Los Angeles,California,34.1141,-118.4068,12531334.0,3267.0,America/Los_Angeles,1995,11,26
1995-11-27,115,Unhealthy for Sensitive Groups,CO,19,Los Angeles,California,34.1141,-118.4068,12531334.0,3267.0,America/Los_Angeles,1995,11,27
1995-11-28,133,Unhealthy for Sensitive Groups,CO,19,Los Angeles,California,34.1141,-118.4068,12531334.0,3267.0,America/Los_Angeles,1995,11,28
1995-11-29,123,Unhealthy for Sensitive Groups,CO,19,Los Angeles,California,34.1141,-118.4068,12531334.0,3267.0,America/Los_Angeles,1995,11,29
1995-11-30,173,Unhealthy,CO,19,Los Angeles,California,34.1141,-118.4068,12531334.0,3267.0,America/Los_Angeles,1995,11,30
1995-12-01,140,Unhealthy for Sensitive Groups,CO,19,Los Angeles,California,34.1141,-118.4068,12531334.0,3267.0,America/Los_Angeles,1995,12,1
1995-12-02,108,Unhealthy for Sensitive Groups,NO2,19,Los Angeles,California,34.1141,-118.4068,12531334.0,3267.0,America/Los_Angeles,1995,12,2
1995-12-03,102,Unhealthy for Sensitive Groups,NO2,19,Los Angeles,California,34.1141,-118.4068,12531334.0,3267.0,America/Los_Angeles,1995,12,3
1995-12-04,110,Unhealthy for Sensitive Groups,NO2,19,Los Angeles,California,34.1141,-118.4068,12531334.0,3267.0,America/Los_Angeles,1995,12,4
1995-12-05,113,Unhealthy for Sensitive Groups,NO2,19,Los Angeles,California,34.1141,-118.4068,12531334.0,3267.0,America/Los_Angeles,1995,12,5
1995-12-06,117,Unhealthy for Sensitive Groups,NO2,19,Los Angeles,California,34.1141,-118.4068,12531334.0,3267.0,America/Los_Angeles,1995,12,6
1995-12-07,103,Unhealthy for Sensitive Groups,NO2,19,Los Angeles,California,34.1141,-118.4068,12531334.0,3267.0,America/Los_Angeles,1995,12,7
1995-12-08,107,Unhealthy for Sensitive Groups,NO2,19,Los Angeles,California,34.1141,-118.4068,12531334.0,3267.0,America/Los_Angeles,1995,12,8
1995-12-09,124,Unhealthy for Sensitive Groups,NO2,19,Los Angeles,California,34.1141,-118.4068,12531334.0,3267.0,America/Los_Angeles,1995,12,9
1995-12-10,107,Unhealthy for Sensitive Groups,NO2,19,Los Angeles,California,34.1141,-118.4068,12531334.0,3267.0,America/Los_Angeles,1995,12,10
1995-12-11,117,Unhealthy for Sensitive Groups,NO2,19,Los Angeles,California,34.1141,-118.4068,12531334.0,3267.0,America/Los_Angeles,1995,12,11
1995-12-12,101,Unhealthy for Sensitive Groups,NO2,19,Los Angeles,California,34.1141,-118.4068,12531334.0,3267.0,America/Los_Angeles,1995,12,12
1995-12-13,46,Good,NO2,19,Los Angeles,California,34.1141,-118.4068,12531334.0,3267.0,America/Los_Angeles,1995,12,13
1995-12-14,80,Moderate,NO2,19,Los Angeles,California,34.1141,-118.4068,12531334.0,3267.0,America/Los_Angeles,1995,12,14
1995-12-15,103,Unhealthy for Sensitive Groups,NO2,19,Los Angeles,California,34.1141,-118.4068,12531334.0,3267.0,America/Los_Angeles,1995,12,15
1995-12-16,57,Moderate,CO,19,Los Angeles,California,34.1141,-118.4068,12531334.0,3267.0,America/Los_Angeles,1995,12,16
1995-12-17,76,Moderate,CO,19,Los Angeles,California,34.1141,-118.4068,12531334.0,3267.0,America/Los_Angeles,1995,12,17
1995-12-18,67,Moderate,NO2,19,Los Angeles,California,34.1141,-118.4068,12531334.0,3267.0,America/Los_Angeles,1995,12,18
1995-12-19,69,Moderate,NO2,19,Los Angeles,California,34.1141,-118.4068,12531334.0,3267.0,America/Los_Angeles,1995,12,19
1995-12-20,74,Moderate,NO2,19,Los Angeles,California,34.1141,-118.4068,12531334.0,3267.0,America/Los_Angeles,1995,12,20
1995-12-21,78,Moderate,NO2,19,Los Angeles,California,34.1141,-118.4068,12531334.0,3267.0,America/Los_Angeles,1995,12,21
1995-12-22,85,Moderate,CO,19,Los Angeles,California,34.1141,-118.4068,12531334.0,3267.0,America/Los_Angeles,1995,12,22
1995-12-23,54,Moderate,NO2,19,Los Angeles,California,34.1141,-118.4068,12531334.0,3267.0,America/Los_Angeles,1995,12,23
1995-12-24,57,Moderate,CO,19,Los Angeles,California,34.1141,-118.4068,12531334.0,3267.0,America/Los_Angeles,1995,12,24
1995-12-25,54,Moderate,NO2,19,Los Angeles,California,34.1141,-118.4068,12531334.0,3267.0,America/Los_Angeles,1995,12,25
1995-12-26,71,Moderate,NO2,19,Los Angeles,California,34.1141,-118.4068,12531334.0,3267.0,America/Los_Angeles,1995,12,26
1995-12-27,87,Moderate,NO2,19,Los Angeles,California,34.1141,-118.4068,12531334.0,3267.0,America/Los_Angeles,1995,12,27
1995-12-28,91,Moderate,CO,19,Los Angeles,California,34.1141,-118.4068,12531334.0,3267.0,America/Los_Angeles,1995,12,28
1995-12-29,103,Unhealthy for Sensitive Groups,NO2,19,Los Angeles,California,34.1141,-118.4068,12531334.0,3267.0,America/Los_Angeles,1995,12,29
1995-12-30,82,Moderate,NO2,19,Los Angeles,California,34.1141,-118.4068,12531334.0,3267.0,America/Los_Angeles,1995,12,30
1995-12-31,77,Moderate,NO2,19,Los Angeles,California,34.1141,-118.4068,12531334.0,3267.0,America/Los_Angeles,1995,12,31
1996-01-01,116,Unhealthy for Sensitive Groups,CO,19,Los Angeles,California,34.1141,-118.4068,12531334.0,3267.0,America/Los_Angeles,1996,1,1
1996-01-02,118,Unhealthy for Sensitive Groups,CO,19,Los Angeles,California,34.1141,-118.4068,12531334.0,3267.0,America/Los_Angeles,1996,1,2
1996-01-03,99,Moderate,CO,19,Los Angeles,California,34.1141,-118.4068,12531334.0,3267.0,America/Los_Angeles,1996,1,3
1996-01-04,75,Moderate,CO,19,Los Angeles,California,34.1141,-118.4068,12531334.0,3267.0,America/Los_Angeles,1996,1,4
1996-01-05,79,Moderate,NO2,19,Los Angeles,California,34.1141,-118.4068,12531334.0,3267.0,America/Los_Angeles,1996,1,5
1996-01-06,173,Unhealthy,CO,19,Los Angeles,California,34.1141,-118.4068,12531334.0,3267.0,America/Los_Angeles,1996,1,6
1996-01-07,178,Unhealthy,CO,19,Los Angeles,California,34.1141,-118.4068,12531334.0,3267.0,America/Los_Angeles,1996,1,7
1996-01-08,173,Unhealthy,CO,19,Los Angeles,California,34.1141,-118.4068,12531334.0,3267.0,America/Los_Angeles,1996,1,8
1996-01-09,119,Unhealthy for Sensitive Groups,NO2,19,Los Angeles,California,34.1141,-118.4068,12531334.0,3267.0,America/Los_Angeles,1996,1,9
1996-01-10,128,Unhealthy for Sensitive Groups,NO2,19,Los Angeles,California,34.1141,-118.4068,12531334.0,3267.0,America/Los_Angeles,1996,1,10
1996-01-11,128,Unhealthy for Sensitive Groups,CO,19,Los Angeles,California,34.1141,-118.4068,12531334.0,3267.0,America/Los_Angeles,1996,1,11
1996-01-12,135,Unhealthy for Sensitive Groups,CO,19,Los Angeles,California,34.1141,-118.4068,12531334.0,3267.0,America/Los_Angeles,1996,1,12
1996-01-13,214,Very Unhealthy,CO,19,Los Angeles,California,34.1141,-118.4068,12531334.0,3267.0,America/Los_Angeles,1996,1,13
1996-01-14,105,Unhealthy for Sensitive Groups,NO2,19,Los Angeles,California,34.1141,-118.4068,12531334.0,3267.0,America/Los_Angeles,1996,1,14
1996-01-15,110,Unhealthy for Sensitive Groups,NO2,19,Los Angeles,California,34.1141,-118.4068,12531334.0,3267.0,America/Los_Angeles,1996,1,15
1996-01-16,64,Moderate,NO2,19,Los Angeles,California,34.1141,-118.4068,12531334.0,3267.0,America/Los_Angeles,1996,1,16
1996-01-17,55,Moderate,NO2,19,Los Angeles,California,34.1141,-118.4068,12531334.0,3267.0,America/Los_Angeles,1996,1,17
1996-01-18,69,Moderate,NO2,19,Los Angeles,California,34.1141,-118.4068,12531334.0,3267.0,America/Los_Angeles,1996,1,18
1996-01-19,57,Moderate,NO2,19,Los Angeles,California,34.1141,-118.4068,12531334.0,3267.0,America/Los_Angeles,1996,1,19
1996-01-20,82,Moderate,NO2,19,Los Angeles,California,34.1141,-118.4068,12531334.0,3267.0,America/Los_Angeles,1996,1,20
1996-01-21,86,Moderate,CO,19,Los Angeles,California,34.1141,-118.4068,12531334.0,3267.0,America/Los_Angeles,1996,1,21
1996-01-22,57,Moderate,NO2,19,Los Angeles,California,34.1141,-118.4068,12531334.0,3267.0,America/Los_Angeles,1996,1,22
1996-01-23,68,Moderate,NO2,19,Los Angeles,California,34.1141,-118.4068,12531334.0,3267.0,America/Los_Angeles,1996,1,23
1996-01-24,102,Unhealthy for Sensitive Groups,NO2,19,Los Angeles,California,34.1141,-118.4068,12531334.0,3267.0,America/Los_Angeles,1996,1,24
1996-01-25,78,Moderate,NO2,19,Los Angeles,California,34.1141,-118.4068,12531334.0,3267.0,America/Los_Angeles,1996,1,25
1996-01-26,80,Moderate,NO2,19,Los Angeles,California,34.1141,-118.4068,12531334.0,3267.0,America/Los_Angeles,1996,1,26
1996-01-27,93,Moderate,CO,19,Los Angeles,California,34.1141,-118.4068,12531334.0,3267.0,America/Los_Angeles,1996,1,27
1996-01-28,57,Moderate,NO2,19,Los Angeles,California,34.1141,-118.4068,12531334.0,3267.0,America/Los_Angeles,1996,1,28
1996-01-29,58,Moderate,NO2,19,Los Angeles,California,34.1141,-118.4068,12531334.0,3267.0,America/Los_Angeles,1996,1,29
1996-01-30,101,Unhealthy for Sensitive Groups,NO2,19,Los Angeles,California,34.1141,-118.4068,12531334.0,3267.0,America/Los_Angeles,1996,1,30
1996-01-31,46,Good,NO2,18,Los Angeles,California,34.1141,-118.4068,12531334.0,3267.0,America/Los_Angeles,1996,1,31
1996-02-01,63,Moderate,NO2,18,Los Angeles,California,34.1141,-118.4068,12531334.0,3267.0,America/Los_Angeles,1996,2,1
1996-02-02,48,Good,NO2,18,Los Angeles,California,34.1141,-118.4068,12531334.0,3267.0,America/Los_Angeles,1996,2,2
1996-02-03,48,Good,NO2,18,Los Angeles,California,34.1141,-118.4068,12531334.0,3267.0,America/Los_Angeles,1996,2,3
1996-02-04,76,Moderate,NO2,18,Los Angeles,California,34.1141,-118.4068,12531334.0,3267.0,America/Los_Angeles,1996,2,4
1996-02-05,76,Moderate,NO2,18,Los Angeles,California,34.1141,-118.4068,12531334.0,3267.0,America/Los_Angeles,1996,2,5
1996-02-06,103,Unhealthy for Sensitive Groups,NO2,18,Los Angeles,California,34.1141,-118.4068,12531334.0,3267.0,America/Los_Angeles,1996,2,6
1996-02-07,147,Unhealthy for Sensitive Groups,CO,18,Los Angeles,California,34.1141,-118.4068,12531334.0,3267.0,America/Los_Angeles,1996,2,7
1996-02-08,151,Unhealthy,CO,18,Los Angeles,California,34.1141,-118.4068,12531334.0,3267.0,America/Los_Angeles,1996,2,8
1996-02-09,67,Moderate,NO2,19,Los Angeles,California,34.1141,-118.4068,12531334.0,3267.0,America/Los_Angeles,1996,2,9
1996-02-10,54,Moderate,NO2,19,Los Angeles,California,34.1141,-118.4068,12531334.0,3267.0,America/Los_Angeles,1996,2,10
1996-02-11,68,Moderate,NO2,19,Los Angeles,California,34.1141,-118.4068,12531334.0,3267.0,America/Los_Angeles,1996,2,11
1996-02-12,68,Moderate,NO2,19,Los Angeles,California,34.1141,-118.4068,12531334.0,3267.0,America/Los_Angeles,1996,2,12
1996-02-13,69,Moderate,NO2,19,Los Angeles,California,34.1141,-118.4068,12531334.0,3267.0,America/Los_Angeles,1996,2,13
1996-02-14,106,Unhealthy for Sensitive Groups,NO2,19,Los Angeles,California,34.1141,-118.4068,12531334.0,3267.0,America/Los_Angeles,1996,2,14
1996-02-15,106,Unhealthy for Sensitive Groups,NO2,19,Los Angeles,California,34.1141,-118.4068,12531334.0,3267.0,America/Los_Angeles,1996,2,15
1996-02-16,89,Moderate,NO2,19,Los Angeles,California,34.1141,-118.4068,12531334.0,3267.0,America/Los_Angeles,1996,2,16
1996-02-17,49,Good,NO2,19,Los Angeles,California,34.1141,-118.4068,12531334.0,3267.0,America/Los_Angeles,1996,2,17
1996-02-18,49,Good,NO2,19,Los Angeles,California,34.1141,-118.4068,12531334.0,3267.0,America/Los_Angeles,1996,2,18
1996-02-19,42,Good,NO2,19,Los Angeles,California,34.1141,-118.4068,12531334.0,3267.0,America/Los_Angeles,1996,2,19
1996-02-20,42,Good,NO2,19,Los Angeles,California,34.1141,-118.4068,12531334.0,3267.0,America/Los_Angeles,1996,2,20
1996-02-21,46,Good,NO2,19,Los Angeles,California,34.1141,-118.4068,12531334.0,3267.0,America/Los_Angeles,1996,2,21
1996-02-22,61,Moderate,CO,19,Los Angeles,California,34.1141,-118.4068,12531334.0,3267.0,America/Los_Angeles,1996,2,22
1996-02-23,62,Moderate,NO2,19,Los Angeles,California,34.1141,-118.4068,12531334.0,3267.0,America/Los_Angeles,1996,2,23
1996-02-24,59,Moderate,CO,19,Los Angeles,California,34.1141,-118.4068,12531334.0,3267.0,America/Los_Angeles,1996,2,24
1996-02-25,45,Good,NO2,19,Los Angeles,California,34.1141,-118.4068,12531334.0,3267.0,America/Los_Angeles,1996,2,25
1996-02-26,55,Moderate,NO2,19,Los Angeles,California,34.1141,-118.4068,12531334.0,3267.0,America/Los_Angeles,1996,2,26
1996-02-27,52,Moderate,NO2,19,Los Angeles,California,34.1141,-118.4068,12531334.0,3267.0,America/Los_Angeles,1996,2,27
1996-02-28,54,Moderate,NO2,19,Los Angeles,California,34.1141,-118.4068,12531334.0,3267.0,America/Los_Angeles,1996,2,28
1996-02-29,57,Moderate,NO2,19,Los Angeles,California,34.1141,-118.4068,12531334.0,3267.0,America/Los_Angeles,1996,2,29
1996-03-01,68,Moderate,NO2,19,Los Angeles,California,34.1141,-118.4068,12531334.0,3267.0,America/Los_Angeles,1996,3,1
1996-03-02,77,Moderate,CO,19,Los Angeles,California,34.1141,-118.4068,12531334.0,3267.0,America/Los_Angeles,1996,3,2
1996-03-03,82,Moderate,NO2,19,Los Angeles,California,34.1141,-118.4068,12531334.0,3267.0,America/Los_Angeles,1996,3,3
1996-03-04,47,Good,NO2,19,Los Angeles,California,34.1141,-118.4068,12531334.0,3267.0,America/Los_Angeles,1996,3,4
1996-03-05,69,Moderate,NO2,19,Los Angeles,California,34.1141,-118.4068,12531334.0,3267.0,America/Los_Angeles,1996,3,5
1996-03-06,101,Unhealthy for Sensitive Groups,NO2,19,Los Angeles,California,34.1141,-118.4068,12531334.0,3267.0,America/Los_Angeles,1996,3,6
1996-03-07,74,Moderate,NO2,19,Los Angeles,California,34.1141,-118.4068,12531334.0,3267.0,America/Los_Angeles,1996,3,7
1996-03-08,103,Unhealthy for Sensitive Groups,NO2,19,Los Angeles,California,34.1141,-118.4068,12531334.0,3267.0,America/Los_Angeles,1996,3,8
1996-03-09,95,Moderate,NO2,19,Los Angeles,California,34.1141,-118.4068,12531334.0,3267.0,America/Los_Angeles,1996,3,9
1996-03-10,72,Moderate,NO2,19,Los Angeles,California,34.1141,-118.4068,12531334.0,3267.0,America/Los_Angeles,1996,3,10
1996-03-11,44,Good,NO2,19,Los Angeles,California,34.1141,-118.4068,12531334.0,3267.0,America/Los_Angeles,1996,3,11
1996-03-12,42,Good,NO2,19,Los Angeles,California,34.1141,-118.4068,12531334.0,3267.0,America/Los_Angeles,1996,3,12
1996-03-13,54,Moderate,NO2,19,Los Angeles,California,34.1141,-118.4068,12531334.0,3267.0,America/Los_Angeles,1996,3,13
1996-03-14,64,Moderate,NO2,19,Los Angeles,California,34.1141,-118.4068,12531334.0,3267.0,America/Los_Angeles,1996,3,14
1996-03-15,73,Moderate,NO2,19,Los Angeles,California,34.1141,-118.4068,12531334.0,3267.0,America/Los_Angeles,1996,3,15
1996-03-16,74,Moderate,Ozone,19,Los Angeles,California,34.1141,-118.4068,12531334.0,3267.0,America/Los_Angeles,1996,3,16
1996-03-17,74,Moderate,Ozone,19,Los Angeles,California,34.1141,-118.4068,12531334.0,3267.0,America/Los_Angeles,1996,3,17
1996-03-18,101,Unhealthy for Sensitive Groups,Ozone,19,Los Angeles,California,34.1141,-118.4068,12531334.0,3267.0,America/Los_Angeles,1996,3,18
1996-03-19,107,Unhealthy for Sensitive Groups,NO2,19,Los Angeles,California,34.1141,-118.4068,12531334.0,3267.0,America/Los_Angeles,1996,3,19
1996-03-20,161,Unhealthy,Ozone,19,Los Angeles,California,34.1141,-118.4068,12531334.0,3267.0,America/Los_Angeles,1996,3,20
1996-03-21,136,Unhealthy for Sensitive Groups,Ozone,19,Los Angeles,California,34.1141,-118.4068,12531334.0,3267.0,America/Los_Angeles,1996,3,21
1996-03-22,58,Moderate,Ozone,19,Los Angeles,California,34.1141,-118.4068,12531334.0,3267.0,America/Los_Angeles,1996,3,22
1996-03-23,48,Good,NO2,19,Los Angeles,California,34.1141,-118.4068,12531334.0,3267.0,America/Los_Angeles,1996,3,23
1996-03-24,50,Good,NO2,19,Los Angeles,California,34.1141,-118.4068,12531334.0,3267.0,America/Los_Angeles,1996,3,24
1996-03-25,48,Good,NO2,19,Los Angeles,California,34.1141,-118.4068,12531334.0,3267.0,America/Los_Angeles,1996,3,25
1996-03-26,58,Moderate,NO2,19,Los Angeles,California,34.1141,-118.4068,12531334.0,3267.0,America/Los_Angeles,1996,3,26
1996-03-27,85,Moderate,NO2,19,Los Angeles,California,34.1141,-118.4068,12531334.0,3267.0,America/Los_Angeles,1996,3,27
1996-03-28,62,Moderate,NO2,19,Los Angeles,California,34.1141,-118.4068,12531334.0,3267.0,America/Los_Angeles,1996,3,28
1996-03-29,56,Moderate,NO2,19,Los Angeles,California,34.1141,-118.4068,12531334.0,3267.0,America/Los_Angeles,1996,3,29
1996-03-30,78,Moderate,NO2,19,Los Angeles,California,34.1141,-118.4068,12531334.0,3267.0,America/Los_Angeles,1996,3,30
1996-03-31,77,Moderate,Ozone,19,Los Angeles,California,34.1141,-118.4068,12531334.0,3267.0,America/Los_Angeles,1996,3,31
1996-04-01,63,Moderate,NO2,19,Los Angeles,California,34.1141,-118.4068,12531334.0,3267.0,America/Los_Angeles,1996,4,1
1996-04-02,44,Good,NO2,19,Los Angeles,California,34.1141,-118.4068,12531334.0,3267.0,America/Los_Angeles,1996,4,2
1996-04-03,55,Moderate,NO2,19,Los Angeles,California,34.1141,-118.4068,12531334.0,3267.0,America/Los_Angeles,1996,4,3
1996-04-04,77,Moderate,NO2,19,Los Angeles,California,34.1141,-118.4068,12531334.0,3267.0,America/Los_Angeles,1996,4,4
1996-04-05,93,Moderate,NO2,19,Los Angeles,California,34.1141,-118.4068,12531334.0,3267.0,America/Los_Angeles,1996,4,5
1996-04-06,83,Moderate,CO,19,Los Angeles,California,34.1141,-118.4068,12531334.0,3267.0,America/Los_Angeles,1996,4,6
1996-04-07,140,Unhealthy for Sensitive Groups,Ozone,19,Los Angeles,California,34.1141,-118.4068,12531334.0,3267.0,America/Los_Angeles,1996,4,7
1996-04-08,90,Moderate,NO2,19,Los Angeles,California,34.1141,-118.4068,12531334.0,3267.0,America/Los_Angeles,1996,4,8
1996-04-09,57,Moderate,NO2,19,Los Angeles,California,34.1141,-118.4068,12531334.0,3267.0,America/Los_Angeles,1996,4,9
1996-04-10,52,Moderate,PM10,19,Los Angeles,California,34.1141,-118.4068,12531334.0,3267.0,America/Los_Angeles,1996,4,10
1996-04-11,54,Moderate,NO2,19,Los Angeles,California,34.1141,-118.4068,12531334.0,3267.0,America/Los_Angeles,1996,4,11
1996-04-12,53,Moderate,NO2,19,Los Angeles,California,34.1141,-118.4068,12531334.0,3267.0,America/Los_Angeles,1996,4,12
1996-04-13,80,Moderate,Ozone,19,Los Angeles,California,34.1141,-118.4068,12531334.0,3267.0,America/Los_Angeles,1996,4,13
1996-04-14,115,Unhealthy for Sensitive Groups,Ozone,19,Los Angeles,California,34.1141,-118.4068,12531334.0,3267.0,America/Los_Angeles,1996,4,14
1996-04-15,86,Moderate,NO2,19,Los Angeles,California,34.1141,-118.4068,12531334.0,3267.0,America/Los_Angeles,1996,4,15
1996-04-16,64,Moderate,NO2,19,Los Angeles,California,34.1141,-118.4068,12531334.0,3267.0,America/Los_Angeles,1996,4,16
1996-04-17,40,Good,Ozone,19,Los Angeles,California,34.1141,-118.4068,12531334.0,3267.0,America/Los_Angeles,1996,4,17
1996-04-18,45,Good,NO2,19,Los Angeles,California,34.1141,-118.4068,12531334.0,3267.0,America/Los_Angeles,1996,4,18
1996-04-19,62,Moderate,NO2,19,Los Angeles,California,34.1141,-118.4068,12531334.0,3267.0,America/Los_Angeles,1996,4,19
1996-04-20,51,Moderate,Ozone,19,Los Angeles,California,34.1141,-118.4068,12531334.0,3267.0,America/Los_Angeles,1996,4,20
1996-04-21,71,Moderate,Ozone,19,Los Angeles,California,34.1141,-118.4068,12531334.0,3267.0,America/Los_Angeles,1996,4,21
1996-04-22,85,Moderate,NO2,19,Los Angeles,California,34.1141,-118.4068,12531334.0,3267.0,America/Los_Angeles,1996,4,22
1996-04-23,115,Unhealthy for Sensitive Groups,Ozone,19,Los Angeles,California,34.1141,-118.4068,12531334.0,3267.0,America/Los_Angeles,1996,4,23
1996-04-24,143,Unhealthy for Sensitive Groups,Ozone,19,Los Angeles,California,34.1141,-118.4068,12531334.0,3267.0,America/Los_Angeles,1996,4,24
1996-04-25,140,Unhealthy for Sensitive Groups,Ozone,19,Los Angeles,California,34.1141,-118.4068,12531334.0,3267.0,America/Los_Angeles,1996,4,25
1996-04-26,119,Unhealthy for Sensitive Groups,Ozone,19,Los Angeles,California,34.1141,-118.4068,12531334.0,3267.0,America/Los_Angeles,1996,4,26
1996-04-27,169,Unhealthy,Ozone,19,Los Angeles,California,34.1141,-118.4068,12531334.0,3267.0,America/Los_Angeles,1996,4,27
1996-04-28,204,Very Unhealthy,Ozone,19,Los Angeles,California,34.1141,-118.4068,12531334.0,3267.0,America/Los_Angeles,1996,4,28
1996-04-29,95,Moderate,NO2,19,Los Angeles,California,34.1141,-118.4068,12531334.0,3267.0,America/Los_Angeles,1996,4,29
1996-04-30,174,Unhealthy,Ozone,19,Los Angeles,California,34.1141,-118.4068,12531334.0,3267.0,America/Los_Angeles,1996,4,30
1996-05-01,177,Unhealthy,Ozone,19,Los Angeles,California,34.1141,-118.4068,12531334.0,3267.0,America/Los_Angeles,1996,5,1
1996-05-02,101,Unhealthy for Sensitive Groups,Ozone,19,Los Angeles,California,34.1141,-118.4068,12531334.0,3267.0,America/Los_Angeles,1996,5,2
1996-05-03,64,Moderate,Ozone,19,Los Angeles,California,34.1141,-118.4068,12531334.0,3267.0,America/Los_Angeles,1996,5,3
1996-05-04,185,Unhealthy,Ozone,19,Los Angeles,California,34.1141,-118.4068,12531334.0,3267.0,America/Los_Angeles,1996,5,4
1996-05-05,215,Very Unhealthy,Ozone,19,Los Angeles,California,34.1141,-118.4068,12531334.0,3267.0,America/Los_Angeles,1996,5,5
1996-05-06,156,Unhealthy,Ozone,19,Los Angeles,California,34.1141,-118.4068,12531334.0,3267.0,America/Los_Angeles,1996,5,6
1996-05-07,97,Moderate,Ozone,19,Los Angeles,California,34.1141,-118.4068,12531334.0,3267.0,America/Los_Angeles,1996,5,7
1996-05-08,84,Moderate,Ozone,19,Los Angeles,California,34.1141,-118.4068,12531334.0,3267.0,America/Los_Angeles,1996,5,8
1996-05-09,93,Moderate,Ozone,19,Los Angeles,California,34.1141,-118.4068,12531334.0,3267.0,America/Los_Angeles,1996,5,9
1996-05-10,179,Unhealthy,Ozone,19,Los Angeles,California,34.1141,-118.4068,12531334.0,3267.0,America/Los_Angeles,1996,5,10
1996-05-11,243,Very Unhealthy,Ozone,19,Los Angeles,California,34.1141,-118.4068,12531334.0,3267.0,America/Los_Angeles,1996,5,11
1996-05-12,219,Very Unhealthy,Ozone,19,Los Angeles,California,34.1141,-118.4068,12531334.0,3267.0,America/Los_Angeles,1996,5,12
1996-05-13,156,Unhealthy,Ozone,19,Los Angeles,California,34.1141,-118.4068,12531334.0,3267.0,America/Los_Angeles,1996,5,13
1996-05-14,93,Moderate,Ozone,19,Los Angeles,California,34.1141,-118.4068,12531334.0,3267.0,America/Los_Angeles,1996,5,14
1996-05-15,38,Good,Ozone,18,Los Angeles,California,34.1141,-118.4068,12531334.0,3267.0,America/Los_Angeles,1996,5,15
1996-05-16,33,Good,NO2,18,Los Angeles,California,34.1141,-118.4068,12531334.0,3267.0,America/Los_Angeles,1996,5,16
1996-05-17,44,Good,Ozone,18,Los Angeles,California,34.1141,-118.4068,12531334.0,3267.0,America/Los_Angeles,1996,5,17
1996-05-18,49,Good,Ozone,18,Los Angeles,California,34.1141,-118.4068,12531334.0,3267.0,America/Los_Angeles,1996,5,18
1996-05-19,90,Moderate,Ozone,18,Los Angeles,California,34.1141,-118.4068,12531334.0,3267.0,America/Los_Angeles,1996,5,19
1996-05-20,74,Moderate,Ozone,18,Los Angeles,California,34.1141,-118.4068,12531334.0,3267.0,America/Los_Angeles,1996,5,20
1996-05-21,64,Moderate,Ozone,18,Los Angeles,California,34.1141,-118.4068,12531334.0,3267.0,America/Los_Angeles,1996,5,21
1996-05-22,45,Good,Ozone,18,Los Angeles,California,34.1141,-118.4068,12531334.0,3267.0,America/Los_Angeles,1996,5,22
1996-05-23,56,Moderate,NO2,18,Los Angeles,California,34.1141,-118.4068,12531334.0,3267.0,America/Los_Angeles,1996,5,23
1996-05-24,58,Moderate,Ozone,18,Los Angeles,California,34.1141,-118.4068,12531334.0,3267.0,America/Los_Angeles,1996,5,24
1996-05-25,53,Moderate,NO2,18,Los Angeles,California,34.1141,-118.4068,12531334.0,3267.0,America/Los_Angeles,1996,5,25
1996-05-26,80,Moderate,Ozone,18,Los Angeles,California,34.1141,-118.4068,12531334.0,3267.0,America/Los_Angeles,1996,5,26
1996-05-27,54,Moderate,Ozone,18,Los Angeles,California,34.1141,-118.4068,12531334.0,3267.0,America/Los_Angeles,1996,5,27
1996-05-28,74,Moderate,Ozone,18,Los Angeles,California,34.1141,-118.4068,12531334.0,3267.0,America/Los_Angeles,1996,5,28
1996-05-29,71,Moderate,Ozone,18,Los Angeles,California,34.1141,-118.4068,12531334.0,3267.0,America/Los_Angeles,1996,5,29
1996-05-30,74,Moderate,Ozone,18,Los Angeles,California,34.1141,-118.4068,12531334.0,3267.0,America/Los_Angeles,1996,5,30
1996-05-31,97,Moderate,Ozone,18,Los Angeles,California,34.1141,-118.4068,12531334.0,3267.0,America/Los_Angeles,1996,5,31
1996-06-01,219,Very Unhealthy,Ozone,18,Los Angeles,California,34.1141,-118.4068,12531334.0,3267.0,America/Los_Angeles,1996,6,1
1996-06-02,247,Very Unhealthy,Ozone,18,Los Angeles,California,34.1141,-118.4068,12531334.0,3267.0,America/Los_Angeles,1996,6,2
1996-06-03,200,Unhealthy,Ozone,18,Los Angeles,California,34.1141,-118.4068,12531334.0,3267.0,America/Los_Angeles,1996,6,3
1996-06-04,192,Unhealthy,Ozone,18,Los Angeles,California,34.1141,-118.4068,12531334.0,3267.0,America/Los_Angeles,1996,6,4
1996-06-05,185,Unhealthy,Ozone,18,Los Angeles,California,34.1141,-118.4068,12531334.0,3267.0,America/Los_Angeles,1996,6,5
1996-06-06,185,Unhealthy,Ozone,18,Los Angeles,California,34.1141,-118.4068,12531334.0,3267.0,America/Los_Angeles,1996,6,6
1996-06-07,169,Unhealthy,Ozone,18,Los Angeles,California,34.1141,-118.4068,12531334.0,3267.0,America/Los_Angeles,1996,6,7
1996-06-08,228,Very Unhealthy,Ozone,18,Los Angeles,California,34.1141,-118.4068,12531334.0,3267.0,America/Los_Angeles,1996,6,8
1996-06-09,215,Very Unhealthy,Ozone,18,Los Angeles,California,34.1141,-118.4068,12531334.0,3267.0,America/Los_Angeles,1996,6,9
1996-06-10,174,Unhealthy,Ozone,18,Los Angeles,California,34.1141,-118.4068,12531334.0,3267.0,America/Los_Angeles,1996,6,10
1996-06-11,159,Unhealthy,Ozone,18,Los Angeles,California,34.1141,-118.4068,12531334.0,3267.0,America/Los_Angeles,1996,6,11
1996-06-12,101,Unhealthy for Sensitive Groups,Ozone,18,Los Angeles,California,34.1141,-118.4068,12531334.0,3267.0,America/Los_Angeles,1996,6,12
1996-06-13,172,Unhealthy,Ozone,18,Los Angeles,California,34.1141,-118.4068,12531334.0,3267.0,America/Los_Angeles,1996,6,13
1996-06-14,172,Unhealthy,Ozone,18,Los Angeles,California,34.1141,-118.4068,12531334.0,3267.0,America/Los_Angeles,1996,6,14
1996-06-15,192,Unhealthy,Ozone,18,Los Angeles,California,34.1141,-118.4068,12531334.0,3267.0,America/Los_Angeles,1996,6,15
1996-06-16,192,Unhealthy,Ozone,18,Los Angeles,California,34.1141,-118.4068,12531334.0,3267.0,America/Los_Angeles,1996,6,16
1996-06-17,161,Unhealthy,Ozone,18,Los Angeles,California,34.1141,-118.4068,12531334.0,3267.0,America/Los_Angeles,1996,6,17
1996-06-18,209,Very Unhealthy,Ozone,18,Los Angeles,California,34.1141,-118.4068,12531334.0,3267.0,America/Los_Angeles,1996,6,18
1996-06-19,133,Unhealthy for Sensitive Groups,Ozone,18,Los Angeles,California,34.1141,-118.4068,12531334.0,3267.0,America/Los_Angeles,1996,6,19
1996-06-20,77,Moderate,Ozone,18,Los Angeles,California,34.1141,-118.4068,12531334.0,3267.0,America/Los_Angeles,1996,6,20
1996-06-21,97,Moderate,Ozone,18,Los Angeles,California,34.1141,-118.4068,12531334.0,3267.0,America/Los_Angeles,1996,6,21
1996-06-22,87,Moderate,Ozone,18,Los Angeles,California,34.1141,-118.4068,12531334.0,3267.0,America/Los_Angeles,1996,6,22
1996-06-23,159,Unhealthy,Ozone,18,Los Angeles,California,34.1141,-118.4068,12531334.0,3267.0,America/Los_Angeles,1996,6,23
1996-06-24,80,Moderate,Ozone,18,Los Angeles,California,34.1141,-118.4068,12531334.0,3267.0,America/Los_Angeles,1996,6,24
1996-06-25,44,Good,Ozone,18,Los Angeles,California,34.1141,-118.4068,12531334.0,3267.0,America/Los_Angeles,1996,6,25
1996-06-26,41,Good,NO2,18,Los Angeles,California,34.1141,-118.4068,12531334.0,3267.0,America/Los_Angeles,1996,6,26
1996-06-27,42,Good,NO2,18,Los Angeles,California,34.1141,-118.4068,12531334.0,3267.0,America/Los_Angeles,1996,6,27
1996-06-28,64,Moderate,Ozone,18,Los Angeles,California,34.1141,-118.4068,12531334.0,3267.0,America/Los_Angeles,1996,6,28
1996-06-29,161,Unhealthy,Ozone,18,Los Angeles,California,34.1141,-118.4068,12531334.0,3267.0,America/Los_Angeles,1996,6,29
1996-06-30,219,Very Unhealthy,Ozone,18,Los Angeles,California,34.1141,-118.4068,12531334.0,3267.0,America/Los_Angeles,1996,6,30
1996-07-01,150,Unhealthy for Sensitive Groups,Ozone,18,Los Angeles,California,34.1141,-118.4068,12531334.0,3267.0,America/Los_Angeles,1996,7,1
1996-07-02,187,Unhealthy,Ozone,18,Los Angeles,California,34.1141,-118.4068,12531334.0,3267.0,America/Los_Angeles,1996,7,2
1996-07-03,105,Unhealthy for Sensitive Groups,NO2,18,Los Angeles,California,34.1141,-118.4068,12531334.0,3267.0,America/Los_Angeles,1996,7,3
1996-07-04,236,Very Unhealthy,Ozone,18,Los Angeles,California,34.1141,-118.4068,12531334.0,3267.0,America/Los_Angeles,1996,7,4
1996-07-05,228,Very Unhealthy,Ozone,18,Los Angeles,California,34.1141,-118.4068,12531334.0,3267.0,America/Los_Angeles,1996,7,5
1996-07-06,219,Very Unhealthy,Ozone,18,Los Angeles,California,34.1141,-118.4068,12531334.0,3267.0,America/Los_Angeles,1996,7,6
1996-07-07,190,Unhealthy,Ozone,18,Los Angeles,California,34.1141,-118.4068,12531334.0,3267.0,America/Los_Angeles,1996,7,7
1996-07-08,133,Unhealthy for Sensitive Groups,Ozone,18,Los Angeles,California,34.1141,-118.4068,12531334.0,3267.0,America/Los_Angeles,1996,7,8
1996-07-09,122,Unhealthy for Sensitive Groups,Ozone,18,Los Angeles,California,34.1141,-118.4068,12531334.0,3267.0,America/Los_Angeles,1996,7,9
1996-07-10,73,Moderate,NO2,18,Los Angeles,California,34.1141,-118.4068,12531334.0,3267.0,America/Los_Angeles,1996,7,10
1996-07-11,133,Unhealthy for Sensitive Groups,Ozone,18,Los Angeles,California,34.1141,-118.4068,12531334.0,3267.0,America/Los_Angeles,1996,7,11
1996-07-12,143,Unhealthy for Sensitive Groups,Ozone,18,Los Angeles,California,34.1141,-118.4068,12531334.0,3267.0,America/Los_Angeles,1996,7,12
1996-07-13,154,Unhealthy,Ozone,18,Los Angeles,California,34.1141,-118.4068,12531334.0,3267.0,America/Los_Angeles,1996,7,13
1996-07-14,166,Unhealthy,Ozone,18,Los Angeles,California,34.1141,-118.4068,12531334.0,3267.0,America/Los_Angeles,1996,7,14
1996-07-15,164,Unhealthy,Ozone,18,Los Angeles,California,34.1141,-118.4068,12531334.0,3267.0,America/Los_Angeles,1996,7,15
1996-07-16,129,Unhealthy for Sensitive Groups,Ozone,18,Los Angeles,California,34.1141,-118.4068,12531334.0,3267.0,America/Los_Angeles,1996,7,16
1996-07-17,90,Moderate,Ozone,18,Los Angeles,California,34.1141,-118.4068,12531334.0,3267.0,America/Los_Angeles,1996,7,17
1996-07-18,166,Unhealthy,Ozone,18,Los Angeles,California,34.1141,-118.4068,12531334.0,3267.0,America/Los_Angeles,1996,7,18
1996-07-19,187,Unhealthy,Ozone,18,Los Angeles,California,34.1141,-118.4068,12531334.0,3267.0,America/Los_Angeles,1996,7,19
1996-07-20,212,Very Unhealthy,Ozone,18,Los Angeles,California,34.1141,-118.4068,12531334.0,3267.0,America/Los_Angeles,1996,7,20
1996-07-21,177,Unhealthy,Ozone,18,Los Angeles,California,34.1141,-118.4068,12531334.0,3267.0,America/Los_Angeles,1996,7,21
1996-07-22,140,Unhealthy for Sensitive Groups,Ozone,18,Los Angeles,California,34.1141,-118.4068,12531334.0,3267.0,America/Los_Angeles,1996,7,22
1996-07-23,133,Unhealthy for Sensitive Groups,Ozone,18,Los Angeles,California,34.1141,-118.4068,12531334.0,3267.0,America/Los_Angeles,1996,7,23
1996-07-24,203,Very Unhealthy,Ozone,18,Los Angeles,California,34.1141,-118.4068,12531334.0,3267.0,America/Los_Angeles,1996,7,24
1996-07-25,187,Unhealthy,Ozone,18,Los Angeles,California,34.1141,-118.4068,12531334.0,3267.0,America/Los_Angeles,1996,7,25
1996-07-26,101,Unhealthy for Sensitive Groups,NO2,18,Los Angeles,California,34.1141,-118.4068,12531334.0,3267.0,America/Los_Angeles,1996,7,26
1996-07-27,147,Unhealthy for Sensitive Groups,Ozone,17,Los Angeles,California,34.1141,-118.4068,12531334.0,3267.0,America/Los_Angeles,1996,7,27
1996-07-28,166,Unhealthy,Ozone,17,Los Angeles,California,34.1141,-118.4068,12531334.0,3267.0,America/Los_Angeles,1996,7,28
1996-07-29,115,Unhealthy for Sensitive Groups,Ozone,17,Los Angeles,California,34.1141,-118.4068,12531334.0,3267.0,America/Los_Angeles,1996,7,29
1996-07-30,151,Unhealthy,Ozone,17,Los Angeles,California,34.1141,-118.4068,12531334.0,3267.0,America/Los_Angeles,1996,7,30
1996-07-31,219,Very Unhealthy,Ozone,17,Los Angeles,California,34.1141,-118.4068,12531334.0,3267.0,America/Los_Angeles,1996,7,31
1996-08-01,212,Very Unhealthy,Ozone,17,Los Angeles,California,34.1141,-118.4068,12531334.0,3267.0,America/Los_Angeles,1996,8,1
1996-08-02,202,Very Unhealthy,Ozone,17,Los Angeles,California,34.1141,-118.4068,12531334.0,3267.0,America/Los_Angeles,1996,8,2
1996-08-03,108,Unhealthy for Sensitive Groups,Ozone,17,Los Angeles,California,34.1141,-118.4068,12531334.0,3267.0,America/Los_Angeles,1996,8,3
1996-08-04,122,Unhealthy for Sensitive Groups,Ozone,17,Los Angeles,California,34.1141,-118.4068,12531334.0,3267.0,America/Los_Angeles,1996,8,4
1996-08-05,50,Good,Ozone,17,Los Angeles,California,34.1141,-118.4068,12531334.0,3267.0,America/Los_Angeles,1996,8,5
1996-08-06,108,Unhealthy for Sensitive Groups,Ozone,17,Los Angeles,California,34.1141,-118.4068,12531334.0,3267.0,America/Los_Angeles,1996,8,6
1996-08-07,164,Unhealthy,Ozone,17,Los Angeles,California,34.1141,-118.4068,12531334.0,3267.0,America/Los_Angeles,1996,8,7
1996-08-08,203,Very Unhealthy,Ozone,17,Los Angeles,California,34.1141,-118.4068,12531334.0,3267.0,America/Los_Angeles,1996,8,8
1996-08-09,218,Very Unhealthy,Ozone,17,Los Angeles,California,34.1141,-118.4068,12531334.0,3267.0,America/Los_Angeles,1996,8,9
1996-08-10,242,Very Unhealthy,Ozone,17,Los Angeles,California,34.1141,-118.4068,12531334.0,3267.0,America/Los_Angeles,1996,8,10
1996-08-11,229,Very Unhealthy,Ozone,17,Los Angeles,California,34.1141,-118.4068,12531334.0,3267.0,America/Los_Angeles,1996,8,11
1996-08-12,215,Very Unhealthy,Ozone,17,Los Angeles,California,34.1141,-118.4068,12531334.0,3267.0,America/Los_Angeles,1996,8,12
1996-08-13,221,Very Unhealthy,Ozone,17,Los Angeles,California,34.1141,-118.4068,12531334.0,3267.0,America/Los_Angeles,1996,8,13
1996-08-14,225,Very Unhealthy,Ozone,17,Los Angeles,California,34.1141,-118.4068,12531334.0,3267.0,America/Los_Angeles,1996,8,14
1996-08-15,122,Unhealthy for Sensitive Groups,Ozone,17,Los Angeles,California,34.1141,-118.4068,12531334.0,3267.0,America/Los_Angeles,1996,8,15
1996-08-16,147,Unhealthy for Sensitive Groups,Ozone,17,Los Angeles,California,34.1141,-118.4068,12531334.0,3267.0,America/Los_Angeles,1996,8,16
1996-08-17,140,Unhealthy for Sensitive Groups,Ozone,17,Los Angeles,California,34.1141,-118.4068,12531334.0,3267.0,America/Los_Angeles,1996,8,17
1996-08-18,154,Unhealthy,Ozone,17,Los Angeles,California,34.1141,-118.4068,12531334.0,3267.0,America/Los_Angeles,1996,8,18
1996-08-19,115,Unhealthy for Sensitive Groups,Ozone,17,Los Angeles,California,34.1141,-118.4068,12531334.0,3267.0,America/Los_Angeles,1996,8,19
1996-08-20,115,Unhealthy for Sensitive Groups,Ozone,17,Los Angeles,California,34.1141,-118.4068,12531334.0,3267.0,America/Los_Angeles,1996,8,20
1996-08-21,166,Unhealthy,Ozone,17,Los Angeles,California,34.1141,-118.4068,12531334.0,3267.0,America/Los_Angeles,1996,8,21
1996-08-22,203,Very Unhealthy,Ozone,17,Los Angeles,California,34.1141,-118.4068,12531334.0,3267.0,America/Los_Angeles,1996,8,22
1996-08-23,187,Unhealthy,Ozone,17,Los Angeles,California,34.1141,-118.4068,12531334.0,3267.0,America/Los_Angeles,1996,8,23
1996-08-24,187,Unhealthy,Ozone,17,Los Angeles,California,34.1141,-118.4068,12531334.0,3267.0,America/Los_Angeles,1996,8,24
1996-08-25,202,Very Unhealthy,Ozone,17,Los Angeles,California,34.1141,-118.4068,12531334.0,3267.0,America/Los_Angeles,1996,8,25
1996-08-26,93,Moderate,Ozone,17,Los Angeles,California,34.1141,-118.4068,12531334.0,3267.0,America/Los_Angeles,1996,8,26
1996-08-27,143,Unhealthy for Sensitive Groups,Ozone,17,Los Angeles,California,34.1141,-118.4068,12531334.0,3267.0,America/Los_Angeles,1996,8,27
1996-08-28,207,Very Unhealthy,Ozone,17,Los Angeles,California,34.1141,-118.4068,12531334.0,3267.0,America/Los_Angeles,1996,8,28
1996-08-29,220,Very Unhealthy,Ozone,17,Los Angeles,California,34.1141,-118.4068,12531334.0,3267.0,America/Los_Angeles,1996,8,29
1996-08-30,215,Very Unhealthy,Ozone,17,Los Angeles,California,34.1141,-118.4068,12531334.0,3267.0,America/Los_Angeles,1996,8,30
1996-08-31,154,Unhealthy,Ozone,17,Los Angeles,California,34.1141,-118.4068,12531334.0,3267.0,America/Los_Angeles,1996,8,31
1996-09-01,119,Unhealthy for Sensitive Groups,Ozone,17,Los Angeles,California,34.1141,-118.4068,12531334.0,3267.0,America/Los_Angeles,1996,9,1
1996-09-02,100,Moderate,Ozone,17,Los Angeles,California,34.1141,-118.4068,12531334.0,3267.0,America/Los_Angeles,1996,9,2
1996-09-03,129,Unhealthy for Sensitive Groups,Ozone,17,Los Angeles,California,34.1141,-118.4068,12531334.0,3267.0,America/Los_Angeles,1996,9,3
1996-09-04,126,Unhealthy for Sensitive Groups,Ozone,17,Los Angeles,California,34.1141,-118.4068,12531334.0,3267.0,America/Los_Angeles,1996,9,4
1996-09-05,74,Moderate,Ozone,17,Los Angeles,California,34.1141,-118.4068,12531334.0,3267.0,America/Los_Angeles,1996,9,5
1996-09-06,101,Unhealthy for Sensitive Groups,NO2,17,Los Angeles,California,34.1141,-118.4068,12531334.0,3267.0,America/Los_Angeles,1996,9,6
1996-09-07,101,Unhealthy for Sensitive Groups,Ozone,17,Los Angeles,California,34.1141,-118.4068,12531334.0,3267.0,America/Los_Angeles,1996,9,7
1996-09-08,67,Moderate,Ozone,17,Los Angeles,California,34.1141,-118.4068,12531334.0,3267.0,America/Los_Angeles,1996,9,8
1996-09-09,103,Unhealthy for Sensitive Groups,NO2,17,Los Angeles,California,34.1141,-118.4068,12531334.0,3267.0,America/Los_Angeles,1996,9,9
1996-09-10,103,Unhealthy for Sensitive Groups,NO2,17,Los Angeles,California,34.1141,-118.4068,12531334.0,3267.0,America/Los_Angeles,1996,9,10
1996-09-11,96,Moderate,NO2,17,Los Angeles,California,34.1141,-118.4068,12531334.0,3267.0,America/Los_Angeles,1996,9,11
1996-09-12,97,Moderate,NO2,17,Los Angeles,California,34.1141,-118.4068,12531334.0,3267.0,America/Los_Angeles,1996,9,12
1996-09-13,40,Good,NO2,17,Los Angeles,California,34.1141,-118.4068,12531334.0,3267.0,America/Los_Angeles,1996,9,13
1996-09-14,74,Moderate,Ozone,17,Los Angeles,California,34.1141,-118.4068,12531334.0,3267.0,America/Los_Angeles,1996,9,14
1996-09-15,74,Moderate,Ozone,17,Los Angeles,California,34.1141,-118.4068,12531334.0,3267.0,America/Los_Angeles,1996,9,15
1996-09-16,61,Moderate,Ozone,17,Los Angeles,California,34.1141,-118.4068,12531334.0,3267.0,America/Los_Angeles,1996,9,16
1996-09-17,89,Moderate,NO2,17,Los Angeles,California,34.1141,-118.4068,12531334.0,3267.0,America/Los_Angeles,1996,9,17
1996-09-18,101,Unhealthy for Sensitive Groups,Ozone,17,Los Angeles,California,34.1141,-118.4068,12531334.0,3267.0,America/Los_Angeles,1996,9,18
1996-09-19,103,Unhealthy for Sensitive Groups,NO2,17,Los Angeles,California,34.1141,-118.4068,12531334.0,3267.0,America/Los_Angeles,1996,9,19
1996-09-20,150,Unhealthy for Sensitive Groups,Ozone,17,Los Angeles,California,34.1141,-118.4068,12531334.0,3267.0,America/Los_Angeles,1996,9,20
1996-09-21,133,Unhealthy for Sensitive Groups,Ozone,17,Los Angeles,California,34.1141,-118.4068,12531334.0,3267.0,America/Los_Angeles,1996,9,21
1996-09-22,108,Unhealthy for Sensitive Groups,Ozone,17,Los Angeles,California,34.1141,-118.4068,12531334.0,3267.0,America/Los_Angeles,1996,9,22
1996-09-23,73,Moderate,NO2,17,Los Angeles,California,34.1141,-118.4068,12531334.0,3267.0,America/Los_Angeles,1996,9,23
1996-09-24,80,Moderate,Ozone,17,Los Angeles,California,34.1141,-118.4068,12531334.0,3267.0,America/Los_Angeles,1996,9,24
1996-09-25,79,Moderate,NO2,17,Los Angeles,California,34.1141,-118.4068,12531334.0,3267.0,America/Los_Angeles,1996,9,25
1996-09-26,54,Moderate,Ozone,17,Los Angeles,California,34.1141,-118.4068,12531334.0,3267.0,America/Los_Angeles,1996,9,26
1996-09-27,81,Moderate,NO2,17,Los Angeles,California,34.1141,-118.4068,12531334.0,3267.0,America/Los_Angeles,1996,9,27
1996-09-28,119,Unhealthy for Sensitive Groups,Ozone,17,Los Angeles,California,34.1141,-118.4068,12531334.0,3267.0,America/Los_Angeles,1996,9,28
1996-09-29,169,Unhealthy,Ozone,17,Los Angeles,California,34.1141,-118.4068,12531334.0,3267.0,America/Los_Angeles,1996,9,29
1996-09-30,126,Unhealthy for Sensitive Groups,Ozone,17,Los Angeles,California,34.1141,-118.4068,12531334.0,3267.0,America/Los_Angeles,1996,9,30
1996-10-01,55,Moderate,NO2,17,Los Angeles,California,34.1141,-118.4068,12531334.0,3267.0,America/Los_Angeles,1996,10,1
1996-10-02,69,Moderate,NO2,17,Los Angeles,California,34.1141,-118.4068,12531334.0,3267.0,America/Los_Angeles,1996,10,2
1996-10-03,108,Unhealthy for Sensitive Groups,Ozone,17,Los Angeles,California,34.1141,-118.4068,12531334.0,3267.0,America/Los_Angeles,1996,10,3
1996-10-04,113,Unhealthy for Sensitive Groups,NO2,17,Los Angeles,California,34.1141,-118.4068,12531334.0,3267.0,America/Los_Angeles,1996,10,4
1996-10-05,192,Unhealthy,Ozone,17,Los Angeles,California,34.1141,-118.4068,12531334.0,3267.0,America/Los_Angeles,1996,10,5
1996-10-06,222,Very Unhealthy,Ozone,17,Los Angeles,California,34.1141,-118.4068,12531334.0,3267.0,America/Los_Angeles,1996,10,6
1996-10-07,117,Unhealthy for Sensitive Groups,NO2,17,Los Angeles,California,34.1141,-118.4068,12531334.0,3267.0,America/Los_Angeles,1996,10,7
1996-10-08,111,Unhealthy for Sensitive Groups,NO2,17,Los Angeles,California,34.1141,-118.4068,12531334.0,3267.0,America/Los_Angeles,1996,10,8
1996-10-09,113,Unhealthy for Sensitive Groups,NO2,17,Los Angeles,California,34.1141,-118.4068,12531334.0,3267.0,America/Los_Angeles,1996,10,9
1996-10-10,125,Unhealthy for Sensitive Groups,Ozone,17,Los Angeles,California,34.1141,-118.4068,12531334.0,3267.0,America/Los_Angeles,1996,10,10
1996-10-11,109,Unhealthy for Sensitive Groups,NO2,17,Los Angeles,California,34.1141,-118.4068,12531334.0,3267.0,America/Los_Angeles,1996,10,11
1996-10-12,105,Unhealthy for Sensitive Groups,NO2,18,Los Angeles,California,34.1141,-118.4068,12531334.0,3267.0,America/Los_Angeles,1996,10,12
1996-10-13,87,Moderate,Ozone,17,Los Angeles,California,34.1141,-118.4068,12531334.0,3267.0,America/Los_Angeles,1996,10,13
1996-10-14,93,Moderate,Ozone,17,Los Angeles,California,34.1141,-118.4068,12531334.0,3267.0,America/Los_Angeles,1996,10,14
1996-10-15,106,Unhealthy for Sensitive Groups,NO2,17,Los Angeles,California,34.1141,-118.4068,12531334.0,3267.0,America/Los_Angeles,1996,10,15
1996-10-16,136,Unhealthy for Sensitive Groups,Ozone,17,Los Angeles,California,34.1141,-118.4068,12531334.0,3267.0,America/Los_Angeles,1996,10,16
1996-10-17,126,Unhealthy for Sensitive Groups,Ozone,17,Los Angeles,California,34.1141,-118.4068,12531334.0,3267.0,America/Los_Angeles,1996,10,17
1996-10-18,126,Unhealthy for Sensitive Groups,Ozone,18,Los Angeles,California,34.1141,-118.4068,12531334.0,3267.0,America/Los_Angeles,1996,10,18
1996-10-19,53,Moderate,NO2,17,Los Angeles,California,34.1141,-118.4068,12531334.0,3267.0,America/Los_Angeles,1996,10,19
1996-10-20,100,Moderate,NO2,17,Los Angeles,California,34.1141,-118.4068,12531334.0,3267.0,America/Los_Angeles,1996,10,20
1996-10-21,82,Moderate,NO2,17,Los Angeles,California,34.1141,-118.4068,12531334.0,3267.0,America/Los_Angeles,1996,10,21
1996-10-22,79,Moderate,NO2,17,Los Angeles,California,34.1141,-118.4068,12531334.0,3267.0,America/Los_Angeles,1996,10,22
1996-10-23,91,Moderate,NO2,17,Los Angeles,California,34.1141,-118.4068,12531334.0,3267.0,America/Los_Angeles,1996,10,23
1996-10-24,101,Unhealthy for Sensitive Groups,NO2,18,Los Angeles,California,34.1141,-118.4068,12531334.0,3267.0,America/Los_Angeles,1996,10,24
1996-10-25,49,Good,NO2,17,Los Angeles,California,34.1141,-118.4068,12531334.0,3267.0,America/Los_Angeles,1996,10,25
1996-10-26,42,Good,NO2,17,Los Angeles,California,34.1141,-118.4068,12531334.0,3267.0,America/Los_Angeles,1996,10,26
1996-10-27,48,Good,NO2,17,Los Angeles,California,34.1141,-118.4068,12531334.0,3267.0,America/Los_Angeles,1996,10,27
1996-10-28,57,Moderate,NO2,17,Los Angeles,California,34.1141,-118.4068,12531334.0,3267.0,America/Los_Angeles,1996,10,28
1996-10-29,73,Moderate,NO2,17,Los Angeles,California,34.1141,-118.4068,12531334.0,3267.0,America/Los_Angeles,1996,10,29
1996-10-30,47,Good,NO2,18,Los Angeles,California,34.1141,-118.4068,12531334.0,3267.0,America/Los_Angeles,1996,10,30
1996-10-31,58,Moderate,NO2,17,Los Angeles,California,34.1141,-118.4068,12531334.0,3267.0,America/Los_Angeles,1996,10,31
1996-11-01,99,Moderate,CO,17,Los Angeles,California,34.1141,-118.4068,12531334.0,3267.0,America/Los_Angeles,1996,11,1
1996-11-02,185,Unhealthy,CO,17,Los Angeles,California,34.1141,-118.4068,12531334.0,3267.0,America/Los_Angeles,1996,11,2
1996-11-03,50,Good,NO2,17,Los Angeles,California,34.1141,-118.4068,12531334.0,3267.0,America/Los_Angeles,1996,11,3
1996-11-04,70,Moderate,NO2,17,Los Angeles,California,34.1141,-118.4068,12531334.0,3267.0,America/Los_Angeles,1996,11,4
1996-11-05,63,Moderate,NO2,18,Los Angeles,California,34.1141,-118.4068,12531334.0,3267.0,America/Los_Angeles,1996,11,5
1996-11-06,98,Moderate,NO2,18,Los Angeles,California,34.1141,-118.4068,12531334.0,3267.0,America/Los_Angeles,1996,11,6
1996-11-07,101,Unhealthy for Sensitive Groups,NO2,18,Los Angeles,California,34.1141,-118.4068,12531334.0,3267.0,America/Los_Angeles,1996,11,7
1996-11-08,101,Unhealthy for Sensitive Groups,NO2,18,Los Angeles,California,34.1141,-118.4068,12531334.0,3267.0,America/Los_Angeles,1996,11,8
1996-11-09,98,Moderate,CO,18,Los Angeles,California,34.1141,-118.4068,12531334.0,3267.0,America/Los_Angeles,1996,11,9
1996-11-10,99,Moderate,CO,18,Los Angeles,California,34.1141,-118.4068,12531334.0,3267.0,America/Los_Angeles,1996,11,10
1996-11-11,130,Unhealthy for Sensitive Groups,CO,18,Los Angeles,California,34.1141,-118.4068,12531334.0,3267.0,America/Los_Angeles,1996,11,11
1996-11-12,131,Unhealthy for Sensitive Groups,CO,18,Los Angeles,California,34.1141,-118.4068,12531334.0,3267.0,America/Los_Angeles,1996,11,12
1996-11-13,120,Unhealthy for Sensitive Groups,NO2,18,Los Angeles,California,34.1141,-118.4068,12531334.0,3267.0,America/Los_Angeles,1996,11,13
1996-11-14,102,Unhealthy for Sensitive Groups,NO2,18,Los Angeles,California,34.1141,-118.4068,12531334.0,3267.0,America/Los_Angeles,1996,11,14
1996-11-15,60,Moderate,CO,18,Los Angeles,California,34.1141,-118.4068,12531334.0,3267.0,America/Los_Angeles,1996,11,15
1996-11-16,61,Moderate,CO,18,Los Angeles,California,34.1141,-118.4068,12531334.0,3267.0,America/Los_Angeles,1996,11,16
1996-11-17,69,Moderate,CO,18,Los Angeles,California,34.1141,-118.4068,12531334.0,3267.0,America/Los_Angeles,1996,11,17
1996-11-18,72,Moderate,NO2,18,Los Angeles,California,34.1141,-118.4068,12531334.0,3267.0,America/Los_Angeles,1996,11,18
1996-11-19,103,Unhealthy for Sensitive Groups,NO2,18,Los Angeles,California,34.1141,-118.4068,12531334.0,3267.0,America/Los_Angeles,1996,11,19
1996-11-20,81,Moderate,NO2,18,Los Angeles,California,34.1141,-118.4068,12531334.0,3267.0,America/Los_Angeles,1996,11,20
1996-11-21,50,Good,NO2,18,Los Angeles,California,34.1141,-118.4068,12531334.0,3267.0,America/Los_Angeles,1996,11,21
1996-11-22,42,Good,NO2,18,Los Angeles,California,34.1141,-118.4068,12531334.0,3267.0,America/Los_Angeles,1996,11,22
1996-11-23,73,Moderate,CO,18,Los Angeles,California,34.1141,-118.4068,12531334.0,3267.0,America/Los_Angeles,1996,11,23
1996-11-24,103,Unhealthy for Sensitive Groups,CO,18,Los Angeles,California,34.1141,-118.4068,12531334.0,3267.0,America/Los_Angeles,1996,11,24
1996-11-25,109,Unhealthy for Sensitive Groups,NO2,18,Los Angeles,California,34.1141,-118.4068,12531334.0,3267.0,America/Los_Angeles,1996,11,25
1996-11-26,107,Unhealthy for Sensitive Groups,NO2,18,Los Angeles,California,34.1141,-118.4068,12531334.0,3267.0,America/Los_Angeles,1996,11,26
1996-11-27,97,Moderate,CO,18,Los Angeles,California,34.1141,-118.4068,12531334.0,3267.0,America/Los_Angeles,1996,11,27
1996-11-28,116,Unhealthy for Sensitive Groups,CO,18,Los Angeles,California,34.1141,-118.4068,12531334.0,3267.0,America/Los_Angeles,1996,11,28
1996-11-29,69,Moderate,PM10,18,Los Angeles,California,34.1141,-118.4068,12531334.0,3267.0,America/Los_Angeles,1996,11,29
1996-11-30,66,Moderate,CO,18,Los Angeles,California,34.1141,-118.4068,12531334.0,3267.0,America/Los_Angeles,1996,11,30
1996-12-01,90,Moderate,CO,18,Los Angeles,California,34.1141,-118.4068,12531334.0,3267.0,America/Los_Angeles,1996,12,1
1996-12-02,76,Moderate,NO2,18,Los Angeles,California,34.1141,-118.4068,12531334.0,3267.0,America/Los_Angeles,1996,12,2
1996-12-03,90,Moderate,NO2,18,Los Angeles,California,34.1141,-118.4068,12531334.0,3267.0,America/Los_Angeles,1996,12,3
1996-12-04,104,Unhealthy for Sensitive Groups,NO2,18,Los Angeles,California,34.1141,-118.4068,12531334.0,3267.0,America/Los_Angeles,1996,12,4
1996-12-05,98,Moderate,NO2,18,Los Angeles,California,34.1141,-118.4068,12531334.0,3267.0,America/Los_Angeles,1996,12,5
1996-12-06,44,Good,NO2,18,Los Angeles,California,34.1141,-118.4068,12531334.0,3267.0,America/Los_Angeles,1996,12,6
1996-12-07,74,Moderate,NO2,18,Los Angeles,California,34.1141,-118.4068,12531334.0,3267.0,America/Los_Angeles,1996,12,7
1996-12-08,85,Moderate,NO2,18,Los Angeles,California,34.1141,-118.4068,12531334.0,3267.0,America/Los_Angeles,1996,12,8
1996-12-09,69,Moderate,NO2,18,Los Angeles,California,34.1141,-118.4068,12531334.0,3267.0,America/Los_Angeles,1996,12,9
1996-12-10,41,Good,NO2,18,Los Angeles,California,34.1141,-118.4068,12531334.0,3267.0,America/Los_Angeles,1996,12,10
1996-12-11,45,Good,NO2,18,Los Angeles,California,34.1141,-118.4068,12531334.0,3267.0,America/Los_Angeles,1996,12,11
1996-12-12,46,Good,NO2,18,Los Angeles,California,34.1141,-118.4068,12531334.0,3267.0,America/Los_Angeles,1996,12,12
1996-12-13,81,Moderate,NO2,18,Los Angeles,California,34.1141,-118.4068,12531334.0,3267.0,America/Los_Angeles,1996,12,13
1996-12-14,102,Unhealthy for Sensitive Groups,NO2,18,Los Angeles,California,34.1141,-118.4068,12531334.0,3267.0,America/Los_Angeles,1996,12,14
1996-12-15,123,Unhealthy for Sensitive Groups,CO,18,Los Angeles,California,34.1141,-118.4068,12531334.0,3267.0,America/Los_Angeles,1996,12,15
1996-12-16,94,Moderate,CO,18,Los Angeles,California,34.1141,-118.4068,12531334.0,3267.0,America/Los_Angeles,1996,12,16
1996-12-17,180,Unhealthy,CO,18,Los Angeles,California,34.1141,-118.4068,12531334.0,3267.0,America/Los_Angeles,1996,12,17
1996-12-18,135,Unhealthy for Sensitive Groups,CO,18,Los Angeles,California,34.1141,-118.4068,12531334.0,3267.0,America/Los_Angeles,1996,12,18
1996-12-19,81,Moderate,CO,18,Los Angeles,California,34.1141,-118.4068,12531334.0,3267.0,America/Los_Angeles,1996,12,19
1996-12-20,106,Unhealthy for Sensitive Groups,NO2,18,Los Angeles,California,34.1141,-118.4068,12531334.0,3267.0,America/Los_Angeles,1996,12,20
1996-12-21,73,Moderate,CO,18,Los Angeles,California,34.1141,-118.4068,12531334.0,3267.0,America/Los_Angeles,1996,12,21
1996-12-22,47,Good,NO2,18,Los Angeles,California,34.1141,-118.4068,12531334.0,3267.0,America/Los_Angeles,1996,12,22
1996-12-23,73,Moderate,NO2,18,Los Angeles,California,34.1141,-118.4068,12531334.0,3267.0,America/Los_Angeles,1996,12,23
1996-12-24,85,Moderate,NO2,18,Los Angeles,California,34.1141,-118.4068,12531334.0,3267.0,America/Los_Angeles,1996,12,24
1996-12-25,103,Unhealthy for Sensitive Groups,NO2,18,Los Angeles,California,34.1141,-118.4068,12531334.0,3267.0,America/Los_Angeles,1996,12,25
1996-12-26,63,Moderate,CO,18,Los Angeles,California,34.1141,-118.4068,12531334.0,3267.0,America/Los_Angeles,1996,12,26
1996-12-27,42,Good,NO2,18,Los Angeles,California,34.1141,-118.4068,12531334.0,3267.0,America/Los_Angeles,1996,12,27
1996-12-28,52,Moderate,CO,18,Los Angeles,California,34.1141,-118.4068,12531334.0,3267.0,America/Los_Angeles,1996,12,28
1996-12-29,51,Moderate,CO,18,Los Angeles,California,34.1141,-118.4068,12531334.0,3267.0,America/Los_Angeles,1996,12,29
1996-12-30,84,Moderate,NO2,18,Los Angeles,California,34.1141,-118.4068,12531334.0,3267.0,America/Los_Angeles,1996,12,30
1996-12-31,89,Moderate,NO2,18,Los Angeles,California,34.1141,-118.4068,12531334.0,3267.0,America/Los_Angeles,1996,12,31
1997-01-01,95,Moderate,NO2,18,Los Angeles,California,34.1141,-118.4068,12531334.0,3267.0,America/Los_Angeles,1997,1,1
1997-01-02,56,Moderate,NO2,18,Los Angeles,California,34.1141,-118.4068,12531334.0,3267.0,America/Los_Angeles,1997,1,2
1997-01-03,45,Good,NO2,18,Los Angeles,California,34.1141,-118.4068,12531334.0,3267.0,America/Los_Angeles,1997,1,3
1997-01-04,41,Good,NO2,18,Los Angeles,California,34.1141,-118.4068,12531334.0,3267.0,America/Los_Angeles,1997,1,4
1997-01-05,38,Good,NO2,18,Los Angeles,California,34.1141,-118.4068,12531334.0,3267.0,America/Los_Angeles,1997,1,5
1997-01-06,50,Good,NO2,18,Los Angeles,California,34.1141,-118.4068,12531334.0,3267.0,America/Los_Angeles,1997,1,6
1997-01-07,100,Moderate,NO2,18,Los Angeles,California,34.1141,-118.4068,12531334.0,3267.0,America/Los_Angeles,1997,1,7
1997-01-08,79,Moderate,NO2,18,Los Angeles,California,34.1141,-118.4068,12531334.0,3267.0,America/Los_Angeles,1997,1,8
1997-01-09,82,Moderate,NO2,18,Los Angeles,California,34.1141,-118.4068,12531334.0,3267.0,America/Los_Angeles,1997,1,9
1997-01-10,105,Unhealthy for Sensitive Groups,NO2,18,Los Angeles,California,34.1141,-118.4068,12531334.0,3267.0,America/Los_Angeles,1997,1,10
1997-01-11,71,Moderate,NO2,18,Los Angeles,California,34.1141,-118.4068,12531334.0,3267.0,America/Los_Angeles,1997,1,11
1997-01-12,56,Moderate,CO,18,Los Angeles,California,34.1141,-118.4068,12531334.0,3267.0,America/Los_Angeles,1997,1,12
1997-01-13,44,Good,NO2,18,Los Angeles,California,34.1141,-118.4068,12531334.0,3267.0,America/Los_Angeles,1997,1,13
1997-01-14,49,Good,NO2,18,Los Angeles,California,34.1141,-118.4068,12531334.0,3267.0,America/Los_Angeles,1997,1,14
1997-01-15,47,Good,NO2,18,Los Angeles,California,34.1141,-118.4068,12531334.0,3267.0,America/Los_Angeles,1997,1,15
1997-01-16,71,Moderate,CO,18,Los Angeles,California,34.1141,-118.4068,12531334.0,3267.0,America/Los_Angeles,1997,1,16
1997-01-17,89,Moderate,NO2,18,Los Angeles,California,34.1141,-118.4068,12531334.0,3267.0,America/Los_Angeles,1997,1,17
1997-01-18,84,Moderate,CO,18,Los Angeles,California,34.1141,-118.4068,12531334.0,3267.0,America/Los_Angeles,1997,1,18
1997-01-19,72,Moderate,CO,18,Los Angeles,California,34.1141,-118.4068,12531334.0,3267.0,America/Los_Angeles,1997,1,19
1997-01-20,58,Moderate,CO,18,Los Angeles,California,34.1141,-118.4068,12531334.0,3267.0,America/Los_Angeles,1997,1,20
1997-01-21,72,Moderate,CO,18,Los Angeles,California,34.1141,-118.4068,12531334.0,3267.0,America/Los_Angeles,1997,1,21
1997-01-22,100,Moderate,NO2,18,Los Angeles,California,34.1141,-118.4068,12531334.0,3267.0,America/Los_Angeles,1997,1,22
1997-01-23,58,Moderate,NO2,18,Los Angeles,California,34.1141,-118.4068,12531334.0,3267.0,America/Los_Angeles,1997,1,23
1997-01-24,55,Moderate,NO2,18,Los Angeles,California,34.1141,-118.4068,12531334.0,3267.0,America/Los_Angeles,1997,1,24
1997-01-25,44,Good,NO2,18,Los Angeles,California,34.1141,-118.4068,12531334.0,3267.0,America/Los_Angeles,1997,1,25
1997-01-26,35,Good,Ozone,18,Los Angeles,California,34.1141,-118.4068,12531334.0,3267.0,America/Los_Angeles,1997,1,26
1997-01-27,102,Unhealthy for Sensitive Groups,NO2,18,Los Angeles,California,34.1141,-118.4068,12531334.0,3267.0,America/Los_Angeles,1997,1,27
1997-01-28,87,Moderate,NO2,18,Los Angeles,California,34.1141,-118.4068,12531334.0,3267.0,America/Los_Angeles,1997,1,28
1997-01-29,90,Moderate,NO2,18,Los Angeles,California,34.1141,-118.4068,12531334.0,3267.0,America/Los_Angeles,1997,1,29
1997-01-30,94,Moderate,NO2,18,Los Angeles,California,34.1141,-118.4068,12531334.0,3267.0,America/Los_Angeles,1997,1,30
1997-01-31,88,Moderate,NO2,18,Los Angeles,California,34.1141,-118.4068,12531334.0,3267.0,America/Los_Angeles,1997,1,31
1997-02-01,104,Unhealthy for Sensitive Groups,NO2,18,Los Angeles,California,34.1141,-118.4068,12531334.0,3267.0,America/Los_Angeles,1997,2,1
1997-02-02,61,Moderate,NO2,18,Los Angeles,California,34.1141,-118.4068,12531334.0,3267.0,America/Los_Angeles,1997,2,2
1997-02-03,97,Moderate,NO2,18,Los Angeles,California,34.1141,-118.4068,12531334.0,3267.0,America/Los_Angeles,1997,2,3
1997-02-04,83,Moderate,NO2,18,Los Angeles,California,34.1141,-118.4068,12531334.0,3267.0,America/Los_Angeles,1997,2,4
1997-02-05,65,Moderate,NO2,18,Los Angeles,California,34.1141,-118.4068,12531334.0,3267.0,America/Los_Angeles,1997,2,5
1997-02-06,81,Moderate,NO2,18,Los Angeles,California,34.1141,-118.4068,12531334.0,3267.0,America/Los_Angeles,1997,2,6
1997-02-07,74,Moderate,NO2,18,Los Angeles,California,34.1141,-118.4068,12531334.0,3267.0,America/Los_Angeles,1997,2,7
1997-02-08,80,Moderate,NO2,18,Los Angeles,California,34.1141,-118.4068,12531334.0,3267.0,America/Los_Angeles,1997,2,8
1997-02-09,75,Moderate,CO,18,Los Angeles,California,34.1141,-118.4068,12531334.0,3267.0,America/Los_Angeles,1997,2,9
1997-02-10,66,Moderate,NO2,18,Los Angeles,California,34.1141,-118.4068,12531334.0,3267.0,America/Los_Angeles,1997,2,10
1997-02-11,73,Moderate,NO2,18,Los Angeles,California,34.1141,-118.4068,12531334.0,3267.0,America/Los_Angeles,1997,2,11
1997-02-12,68,Moderate,NO2,18,Los Angeles,California,34.1141,-118.4068,12531334.0,3267.0,America/Los_Angeles,1997,2,12
1997-02-13,79,Moderate,NO2,18,Los Angeles,California,34.1141,-118.4068,12531334.0,3267.0,America/Los_Angeles,1997,2,13
1997-02-14,78,Moderate,CO,18,Los Angeles,California,34.1141,-118.4068,12531334.0,3267.0,America/Los_Angeles,1997,2,14
1997-02-15,88,Moderate,CO,18,Los Angeles,California,34.1141,-118.4068,12531334.0,3267.0,America/Los_Angeles,1997,2,15
1997-02-16,88,Moderate,CO,18,Los Angeles,California,34.1141,-118.4068,12531334.0,3267.0,America/Los_Angeles,1997,2,16
1997-02-17,72,Moderate,CO,18,Los Angeles,California,34.1141,-118.4068,12531334.0,3267.0,America/Los_Angeles,1997,2,17
1997-02-18,73,Moderate,NO2,18,Los Angeles,California,34.1141,-118.4068,12531334.0,3267.0,America/Los_Angeles,1997,2,18
1997-02-19,106,Unhealthy for Sensitive Groups,NO2,18,Los Angeles,California,34.1141,-118.4068,12531334.0,3267.0,America/Los_Angeles,1997,2,19
1997-02-20,71,Moderate,NO2,18,Los Angeles,California,34.1141,-118.4068,12531334.0,3267.0,America/Los_Angeles,1997,2,20
1997-02-21,103,Unhealthy for Sensitive Groups,NO2,18,Los Angeles,California,34.1141,-118.4068,12531334.0,3267.0,America/Los_Angeles,1997,2,21
1997-02-22,84,Moderate,NO2,18,Los Angeles,California,34.1141,-118.4068,12531334.0,3267.0,America/Los_Angeles,1997,2,22
1997-02-23,61,Moderate,NO2,18,Los Angeles,California,34.1141,-118.4068,12531334.0,3267.0,America/Los_Angeles,1997,2,23
1997-02-24,51,Moderate,NO2,18,Los Angeles,California,34.1141,-118.4068,12531334.0,3267.0,America/Los_Angeles,1997,2,24
1997-02-25,54,Moderate,NO2,17,Los Angeles,California,34.1141,-118.4068,12531334.0,3267.0,America/Los_Angeles,1997,2,25
1997-02-26,50,Good,NO2,18,Los Angeles,California,34.1141,-118.4068,12531334.0,3267.0,America/Los_Angeles,1997,2,26
1997-02-27,50,Good,PM10,18,Los Angeles,California,34.1141,-118.4068,12531334.0,3267.0,America/Los_Angeles,1997,2,27
1997-02-28,44,Good,NO2,18,Los Angeles,California,34.1141,-118.4068,12531334.0,3267.0,America/Los_Angeles,1997,2,28
1997-03-01,57,Moderate,NO2,18,Los Angeles,California,34.1141,-118.4068,12531334.0,3267.0,America/Los_Angeles,1997,3,1
1997-03-02,55,Moderate,CO,18,Los Angeles,California,34.1141,-118.4068,12531334.0,3267.0,America/Los_Angeles,1997,3,2
1997-03-03,66,Moderate,NO2,18,Los Angeles,California,34.1141,-118.4068,12531334.0,3267.0,America/Los_Angeles,1997,3,3
1997-03-04,86,Moderate,NO2,18,Los Angeles,California,34.1141,-118.4068,12531334.0,3267.0,America/Los_Angeles,1997,3,4
1997-03-05,67,Moderate,NO2,18,Los Angeles,California,34.1141,-118.4068,12531334.0,3267.0,America/Los_Angeles,1997,3,5
1997-03-06,100,Moderate,NO2,18,Los Angeles,California,34.1141,-118.4068,12531334.0,3267.0,America/Los_Angeles,1997,3,6
1997-03-07,120,Unhealthy for Sensitive Groups,NO2,18,Los Angeles,California,34.1141,-118.4068,12531334.0,3267.0,America/Los_Angeles,1997,3,7
1997-03-08,105,Unhealthy for Sensitive Groups,Ozone,18,Los Angeles,California,34.1141,-118.4068,12531334.0,3267.0,America/Los_Angeles,1997,3,8
1997-03-09,126,Unhealthy for Sensitive Groups,Ozone,18,Los Angeles,California,34.1141,-118.4068,12531334.0,3267.0,America/Los_Angeles,1997,3,9
1997-03-10,100,Moderate,NO2,18,Los Angeles,California,34.1141,-118.4068,12531334.0,3267.0,America/Los_Angeles,1997,3,10
1997-03-11,96,Moderate,NO2,18,Los Angeles,California,34.1141,-118.4068,12531334.0,3267.0,America/Los_Angeles,1997,3,11
1997-03-12,103,Unhealthy for Sensitive Groups,NO2,18,Los Angeles,California,34.1141,-118.4068,12531334.0,3267.0,America/Los_Angeles,1997,3,12
1997-03-13,106,Unhealthy for Sensitive Groups,NO2,18,Los Angeles,California,34.1141,-118.4068,12531334.0,3267.0,America/Los_Angeles,1997,3,13
1997-03-14,108,Unhealthy for Sensitive Groups,NO2,18,Los Angeles,California,34.1141,-118.4068,12531334.0,3267.0,America/Los_Angeles,1997,3,14
1997-03-15,154,Unhealthy,Ozone,18,Los Angeles,California,34.1141,-118.4068,12531334.0,3267.0,America/Los_Angeles,1997,3,15
1997-03-16,67,Moderate,Ozone,18,Los Angeles,California,34.1141,-118.4068,12531334.0,3267.0,America/Los_Angeles,1997,3,16
1997-03-17,84,Moderate,Ozone,18,Los Angeles,California,34.1141,-118.4068,12531334.0,3267.0,America/Los_Angeles,1997,3,17
1997-03-18,102,Unhealthy for Sensitive Groups,NO2,18,Los Angeles,California,34.1141,-118.4068,12531334.0,3267.0,America/Los_Angeles,1997,3,18
1997-03-19,106,Unhealthy for Sensitive Groups,NO2,18,Los Angeles,California,34.1141,-118.4068,12531334.0,3267.0,America/Los_Angeles,1997,3,19
1997-03-20,107,Unhealthy for Sensitive Groups,NO2,18,Los Angeles,California,34.1141,-118.4068,12531334.0,3267.0,America/Los_Angeles,1997,3,20
1997-03-21,107,Unhealthy for Sensitive Groups,NO2,18,Los Angeles,California,34.1141,-118.4068,12531334.0,3267.0,America/Los_Angeles,1997,3,21
1997-03-22,86,Moderate,NO2,18,Los Angeles,California,34.1141,-118.4068,12531334.0,3267.0,America/Los_Angeles,1997,3,22
1997-03-23,43,Good,Ozone,18,Los Angeles,California,34.1141,-118.4068,12531334.0,3267.0,America/Los_Angeles,1997,3,23
1997-03-24,60,Moderate,NO2,18,Los Angeles,California,34.1141,-118.4068,12531334.0,3267.0,America/Los_Angeles,1997,3,24
1997-03-25,102,Unhealthy for Sensitive Groups,NO2,18,Los Angeles,California,34.1141,-118.4068,12531334.0,3267.0,America/Los_Angeles,1997,3,25
1997-03-26,90,Moderate,Ozone,18,Los Angeles,California,34.1141,-118.4068,12531334.0,3267.0,America/Los_Angeles,1997,3,26
1997-03-27,71,Moderate,Ozone,18,Los Angeles,California,34.1141,-118.4068,12531334.0,3267.0,America/Los_Angeles,1997,3,27
1997-03-28,54,Moderate,Ozone,18,Los Angeles,California,34.1141,-118.4068,12531334.0,3267.0,America/Los_Angeles,1997,3,28
1997-03-29,71,Moderate,Ozone,18,Los Angeles,California,34.1141,-118.4068,12531334.0,3267.0,America/Los_Angeles,1997,3,29
1997-03-30,74,Moderate,Ozone,18,Los Angeles,California,34.1141,-118.4068,12531334.0,3267.0,America/Los_Angeles,1997,3,30
1997-03-31,49,Good,NO2,18,Los Angeles,California,34.1141,-118.4068,12531334.0,3267.0,America/Los_Angeles,1997,3,31
1997-04-01,48,Good,NO2,18,Los Angeles,California,34.1141,-118.4068,12531334.0,3267.0,America/Los_Angeles,1997,4,1
1997-04-02,48,Good,NO2,18,Los Angeles,California,34.1141,-118.4068,12531334.0,3267.0,America/Los_Angeles,1997,4,2
1997-04-03,68,Moderate,NO2,18,Los Angeles,California,34.1141,-118.4068,12531334.0,3267.0,America/Los_Angeles,1997,4,3
1997-04-04,54,Moderate,Ozone,18,Los Angeles,California,34.1141,-118.4068,12531334.0,3267.0,America/Los_Angeles,1997,4,4
1997-04-05,49,Good,Ozone,18,Los Angeles,California,34.1141,-118.4068,12531334.0,3267.0,America/Los_Angeles,1997,4,5
1997-04-06,57,Moderate,NO2,18,Los Angeles,California,34.1141,-118.4068,12531334.0,3267.0,America/Los_Angeles,1997,4,6
1997-04-07,56,Moderate,NO2,18,Los Angeles,California,34.1141,-118.4068,12531334.0,3267.0,America/Los_Angeles,1997,4,7
1997-04-08,74,Moderate,Ozone,18,Los Angeles,California,34.1141,-118.4068,12531334.0,3267.0,America/Los_Angeles,1997,4,8
1997-04-09,55,Moderate,NO2,18,Los Angeles,California,34.1141,-118.4068,12531334.0,3267.0,America/Los_Angeles,1997,4,9
1997-04-10,55,Moderate,NO2,18,Los Angeles,California,34.1141,-118.4068,12531334.0,3267.0,America/Los_Angeles,1997,4,10
1997-04-11,54,Moderate,Ozone,18,Los Angeles,California,34.1141,-118.4068,12531334.0,3267.0,America/Los_Angeles,1997,4,11
1997-04-12,64,Moderate,Ozone,18,Los Angeles,California,34.1141,-118.4068,12531334.0,3267.0,America/Los_Angeles,1997,4,12
1997-04-13,101,Unhealthy for Sensitive Groups,Ozone,18,Los Angeles,California,34.1141,-118.4068,12531334.0,3267.0,America/Los_Angeles,1997,4,13
1997-04-14,72,Moderate,NO2,18,Los Angeles,California,34.1141,-118.4068,12531334.0,3267.0,America/Los_Angeles,1997,4,14
1997-04-15,87,Moderate,Ozone,18,Los Angeles,California,34.1141,-118.4068,12531334.0,3267.0,America/Los_Angeles,1997,4,15
1997-04-16,91,Moderate,NO2,18,Los Angeles,California,34.1141,-118.4068,12531334.0,3267.0,America/Los_Angeles,1997,4,16
1997-04-17,84,Moderate,NO2,18,Los Angeles,California,34.1141,-118.4068,12531334.0,3267.0,America/Los_Angeles,1997,4,17
1997-04-18,58,Moderate,Ozone,18,Los Angeles,California,34.1141,-118.4068,12531334.0,3267.0,America/Los_Angeles,1997,4,18
1997-04-19,40,Good,Ozone,18,Los Angeles,California,34.1141,-118.4068,12531334.0,3267.0,America/Los_Angeles,1997,4,19
1997-04-20,93,Moderate,Ozone,18,Los Angeles,California,34.1141,-118.4068,12531334.0,3267.0,America/Los_Angeles,1997,4,20
1997-04-21,63,Moderate,NO2,18,Los Angeles,California,34.1141,-118.4068,12531334.0,3267.0,America/Los_Angeles,1997,4,21
1997-04-22,61,Moderate,PM10,18,Los Angeles,California,34.1141,-118.4068,12531334.0,3267.0,America/Los_Angeles,1997,4,22
1997-04-23,51,Moderate,Ozone,18,Los Angeles,California,34.1141,-118.4068,12531334.0,3267.0,America/Los_Angeles,1997,4,23
1997-04-24,61,Moderate,Ozone,18,Los Angeles,California,34.1141,-118.4068,12531334.0,3267.0,America/Los_Angeles,1997,4,24
1997-04-25,86,Moderate,NO2,18,Los Angeles,California,34.1141,-118.4068,12531334.0,3267.0,America/Los_Angeles,1997,4,25
1997-04-26,143,Unhealthy for Sensitive Groups,Ozone,18,Los Angeles,California,34.1141,-118.4068,12531334.0,3267.0,America/Los_Angeles,1997,4,26
1997-04-27,115,Unhealthy for Sensitive Groups,Ozone,18,Los Angeles,California,34.1141,-118.4068,12531334.0,3267.0,America/Los_Angeles,1997,4,27
1997-04-28,67,Moderate,Ozone,18,Los Angeles,California,34.1141,-118.4068,12531334.0,3267.0,America/Los_Angeles,1997,4,28
1997-04-29,64,Moderate,NO2,18,Los Angeles,California,34.1141,-118.4068,12531334.0,3267.0,America/Los_Angeles,1997,4,29
1997-04-30,74,Moderate,Ozone,18,Los Angeles,California,34.1141,-118.4068,12531334.0,3267.0,America/Los_Angeles,1997,4,30
1997-05-01,71,Moderate,Ozone,18,Los Angeles,California,34.1141,-118.4068,12531334.0,3267.0,America/Los_Angeles,1997,5,1
1997-05-02,129,Unhealthy for Sensitive Groups,Ozone,18,Los Angeles,California,34.1141,-118.4068,12531334.0,3267.0,America/Los_Angeles,1997,5,2
1997-05-03,190,Unhealthy,Ozone,18,Los Angeles,California,34.1141,-118.4068,12531334.0,3267.0,America/Los_Angeles,1997,5,3
1997-05-04,210,Very Unhealthy,Ozone,18,Los Angeles,California,34.1141,-118.4068,12531334.0,3267.0,America/Los_Angeles,1997,5,4
1997-05-05,136,Unhealthy for Sensitive Groups,Ozone,17,Los Angeles,California,34.1141,-118.4068,12531334.0,3267.0,America/Los_Angeles,1997,5,5
1997-05-06,126,Unhealthy for Sensitive Groups,Ozone,18,Los Angeles,California,34.1141,-118.4068,12531334.0,3267.0,America/Los_Angeles,1997,5,6
1997-05-07,126,Unhealthy for Sensitive Groups,Ozone,18,Los Angeles,California,34.1141,-118.4068,12531334.0,3267.0,America/Los_Angeles,1997,5,7
1997-05-08,143,Unhealthy for Sensitive Groups,Ozone,18,Los Angeles,California,34.1141,-118.4068,12531334.0,3267.0,America/Los_Angeles,1997,5,8
1997-05-09,172,Unhealthy,Ozone,18,Los Angeles,California,34.1141,-118.4068,12531334.0,3267.0,America/Los_Angeles,1997,5,9
1997-05-10,177,Unhealthy,Ozone,18,Los Angeles,California,34.1141,-118.4068,12531334.0,3267.0,America/Los_Angeles,1997,5,10
1997-05-11,122,Unhealthy for Sensitive Groups,Ozone,18,Los Angeles,California,34.1141,-118.4068,12531334.0,3267.0,America/Los_Angeles,1997,5,11
1997-05-12,159,Unhealthy,Ozone,18,Los Angeles,California,34.1141,-118.4068,12531334.0,3267.0,America/Los_Angeles,1997,5,12
1997-05-13,185,Unhealthy,Ozone,18,Los Angeles,California,34.1141,-118.4068,12531334.0,3267.0,America/Los_Angeles,1997,5,13
1997-05-14,207,Very Unhealthy,Ozone,18,Los Angeles,California,34.1141,-118.4068,12531334.0,3267.0,America/Los_Angeles,1997,5,14
1997-05-15,216,Very Unhealthy,Ozone,18,Los Angeles,California,34.1141,-118.4068,12531334.0,3267.0,America/Los_Angeles,1997,5,15
1997-05-16,129,Unhealthy for Sensitive Groups,Ozone,18,Los Angeles,California,34.1141,-118.4068,12531334.0,3267.0,America/Los_Angeles,1997,5,16
1997-05-17,74,Moderate,Ozone,18,Los Angeles,California,34.1141,-118.4068,12531334.0,3267.0,America/Los_Angeles,1997,5,17
1997-05-18,97,Moderate,Ozone,18,Los Angeles,California,34.1141,-118.4068,12531334.0,3267.0,America/Los_Angeles,1997,5,18
1997-05-19,71,Moderate,Ozone,18,Los Angeles,California,34.1141,-118.4068,12531334.0,3267.0,America/Los_Angeles,1997,5,19
1997-05-20,64,Moderate,Ozone,18,Los Angeles,California,34.1141,-118.4068,12531334.0,3267.0,America/Los_Angeles,1997,5,20
1997-05-21,77,Moderate,Ozone,18,Los Angeles,California,34.1141,-118.4068,12531334.0,3267.0,America/Los_Angeles,1997,5,21
1997-05-22,97,Moderate,Ozone,18,Los Angeles,California,34.1141,-118.4068,12531334.0,3267.0,America/Los_Angeles,1997,5,22
1997-05-23,77,Moderate,Ozone,18,Los Angeles,California,34.1141,-118.4068,12531334.0,3267.0,America/Los_Angeles,1997,5,23
1997-05-24,45,Good,Ozone,18,Los Angeles,California,34.1141,-118.4068,12531334.0,3267.0,America/Los_Angeles,1997,5,24
1997-05-25,61,Moderate,Ozone,18,Los Angeles,California,34.1141,-118.4068,12531334.0,3267.0,America/Los_Angeles,1997,5,25
1997-05-26,140,Unhealthy for Sensitive Groups,Ozone,18,Los Angeles,California,34.1141,-118.4068,12531334.0,3267.0,America/Los_Angeles,1997,5,26
1997-05-27,108,Unhealthy for Sensitive Groups,Ozone,18,Los Angeles,California,34.1141,-118.4068,12531334.0,3267.0,America/Los_Angeles,1997,5,27
1997-05-28,154,Unhealthy,Ozone,18,Los Angeles,California,34.1141,-118.4068,12531334.0,3267.0,America/Los_Angeles,1997,5,28
1997-05-29,172,Unhealthy,Ozone,18,Los Angeles,California,34.1141,-118.4068,12531334.0,3267.0,America/Los_Angeles,1997,5,29
1997-05-30,151,Unhealthy,Ozone,18,Los Angeles,California,34.1141,-118.4068,12531334.0,3267.0,America/Los_Angeles,1997,5,30
1997-05-31,150,Unhealthy for Sensitive Groups,Ozone,18,Los Angeles,California,34.1141,-118.4068,12531334.0,3267.0,America/Los_Angeles,1997,5,31
1997-06-01,154,Unhealthy,Ozone,18,Los Angeles,California,34.1141,-118.4068,12531334.0,3267.0,America/Los_Angeles,1997,6,1
1997-06-02,100,Moderate,Ozone,18,Los Angeles,California,34.1141,-118.4068,12531334.0,3267.0,America/Los_Angeles,1997,6,2
1997-06-03,119,Unhealthy for Sensitive Groups,Ozone,18,Los Angeles,California,34.1141,-118.4068,12531334.0,3267.0,America/Los_Angeles,1997,6,3
1997-06-04,67,Moderate,Ozone,18,Los Angeles,California,34.1141,-118.4068,12531334.0,3267.0,America/Los_Angeles,1997,6,4
1997-06-05,50,Good,Ozone,18,Los Angeles,California,34.1141,-118.4068,12531334.0,3267.0,America/Los_Angeles,1997,6,5
1997-06-06,74,Moderate,Ozone,18,Los Angeles,California,34.1141,-118.4068,12531334.0,3267.0,America/Los_Angeles,1997,6,6
1997-06-07,101,Unhealthy for Sensitive Groups,Ozone,18,Los Angeles,California,34.1141,-118.4068,12531334.0,3267.0,America/Los_Angeles,1997,6,7
1997-06-08,119,Unhealthy for Sensitive Groups,Ozone,18,Los Angeles,California,34.1141,-118.4068,12531334.0,3267.0,America/Los_Angeles,1997,6,8
1997-06-09,77,Moderate,Ozone,18,Los Angeles,California,34.1141,-118.4068,12531334.0,3267.0,America/Los_Angeles,1997,6,9
1997-06-10,74,Moderate,Ozone,17,Los Angeles,California,34.1141,-118.4068,12531334.0,3267.0,America/Los_Angeles,1997,6,10
1997-06-11,105,Unhealthy for Sensitive Groups,Ozone,17,Los Angeles,California,34.1141,-118.4068,12531334.0,3267.0,America/Los_Angeles,1997,6,11
1997-06-12,48,Good,Ozone,17,Los Angeles,California,34.1141,-118.4068,12531334.0,3267.0,America/Los_Angeles,1997,6,12
1997-06-13,41,Good,Ozone,17,Los Angeles,California,34.1141,-118.4068,12531334.0,3267.0,America/Los_Angeles,1997,6,13
1997-06-14,44,Good,NO2,17,Los Angeles,California,34.1141,-118.4068,12531334.0,3267.0,America/Los_Angeles,1997,6,14
1997-06-15,51,Moderate,Ozone,18,Los Angeles,California,34.1141,-118.4068,12531334.0,3267.0,America/Los_Angeles,1997,6,15
1997-06-16,112,Unhealthy for Sensitive Groups,Ozone,17,Los Angeles,California,34.1141,-118.4068,12531334.0,3267.0,America/Los_Angeles,1997,6,16
1997-06-17,154,Unhealthy,Ozone,17,Los Angeles,California,34.1141,-118.4068,12531334.0,3267.0,America/Los_Angeles,1997,6,17
1997-06-18,212,Very Unhealthy,Ozone,17,Los Angeles,California,34.1141,-118.4068,12531334.0,3267.0,America/Los_Angeles,1997,6,18
1997-06-19,150,Unhealthy for Sensitive Groups,Ozone,17,Los Angeles,California,34.1141,-118.4068,12531334.0,3267.0,America/Los_Angeles,1997,6,19
1997-06-20,122,Unhealthy for Sensitive Groups,Ozone,18,Los Angeles,California,34.1141,-118.4068,12531334.0,3267.0,America/Los_Angeles,1997,6,20
1997-06-21,129,Unhealthy for Sensitive Groups,Ozone,18,Los Angeles,California,34.1141,-118.4068,12531334.0,3267.0,America/Los_Angeles,1997,6,21
1997-06-22,97,Moderate,Ozone,18,Los Angeles,California,34.1141,-118.4068,12531334.0,3267.0,America/Los_Angeles,1997,6,22
1997-06-23,101,Unhealthy for Sensitive Groups,Ozone,18,Los Angeles,California,34.1141,-118.4068,12531334.0,3267.0,America/Los_Angeles,1997,6,23
1997-06-24,172,Unhealthy,Ozone,18,Los Angeles,California,34.1141,-118.4068,12531334.0,3267.0,America/Los_Angeles,1997,6,24
1997-06-25,197,Unhealthy,Ozone,18,Los Angeles,California,34.1141,-118.4068,12531334.0,3267.0,America/Los_Angeles,1997,6,25
1997-06-26,172,Unhealthy,Ozone,18,Los Angeles,California,34.1141,-118.4068,12531334.0,3267.0,America/Los_Angeles,1997,6,26
1997-06-27,172,Unhealthy,Ozone,18,Los Angeles,California,34.1141,-118.4068,12531334.0,3267.0,America/Los_Angeles,1997,6,27
1997-06-28,164,Unhealthy,Ozone,18,Los Angeles,California,34.1141,-118.4068,12531334.0,3267.0,America/Los_Angeles,1997,6,28
1997-06-29,77,Moderate,Ozone,18,Los Angeles,California,34.1141,-118.4068,12531334.0,3267.0,America/Los_Angeles,1997,6,29
1997-06-30,49,Good,Ozone,18,Los Angeles,California,34.1141,-118.4068,12531334.0,3267.0,America/Los_Angeles,1997,6,30
1997-07-01,115,Unhealthy for Sensitive Groups,Ozone,18,Los Angeles,California,34.1141,-118.4068,12531334.0,3267.0,America/Los_Angeles,1997,7,1
1997-07-02,224,Very Unhealthy,Ozone,17,Los Angeles,California,34.1141,-118.4068,12531334.0,3267.0,America/Los_Angeles,1997,7,2
1997-07-03,209,Very Unhealthy,Ozone,17,Los Angeles,California,34.1141,-118.4068,12531334.0,3267.0,America/Los_Angeles,1997,7,3
1997-07-04,226,Very Unhealthy,Ozone,18,Los Angeles,California,34.1141,-118.4068,12531334.0,3267.0,America/Los_Angeles,1997,7,4
1997-07-05,220,Very Unhealthy,Ozone,17,Los Angeles,California,34.1141,-118.4068,12531334.0,3267.0,America/Los_Angeles,1997,7,5
1997-07-06,215,Very Unhealthy,Ozone,17,Los Angeles,California,34.1141,-118.4068,12531334.0,3267.0,America/Los_Angeles,1997,7,6
1997-07-07,105,Unhealthy for Sensitive Groups,Ozone,17,Los Angeles,California,34.1141,-118.4068,12531334.0,3267.0,America/Los_Angeles,1997,7,7
1997-07-08,100,Moderate,Ozone,17,Los Angeles,California,34.1141,-118.4068,12531334.0,3267.0,America/Los_Angeles,1997,7,8
1997-07-09,112,Unhealthy for Sensitive Groups,Ozone,17,Los Angeles,California,34.1141,-118.4068,12531334.0,3267.0,America/Los_Angeles,1997,7,9
1997-07-10,115,Unhealthy for Sensitive Groups,Ozone,18,Los Angeles,California,34.1141,-118.4068,12531334.0,3267.0,America/Los_Angeles,1997,7,10
1997-07-11,42,Good,Ozone,17,Los Angeles,California,34.1141,-118.4068,12531334.0,3267.0,America/Los_Angeles,1997,7,11
1997-07-12,74,Moderate,Ozone,17,Los Angeles,California,34.1141,-118.4068,12531334.0,3267.0,America/Los_Angeles,1997,7,12
1997-07-13,136,Unhealthy for Sensitive Groups,Ozone,17,Los Angeles,California,34.1141,-118.4068,12531334.0,3267.0,America/Los_Angeles,1997,7,13
1997-07-14,84,Moderate,Ozone,17,Los Angeles,California,34.1141,-118.4068,12531334.0,3267.0,America/Los_Angeles,1997,7,14
1997-07-15,100,Moderate,Ozone,18,Los Angeles,California,34.1141,-118.4068,12531334.0,3267.0,America/Los_Angeles,1997,7,15
1997-07-16,190,Unhealthy,Ozone,17,Los Angeles,California,34.1141,-118.4068,12531334.0,3267.0,America/Los_Angeles,1997,7,16
1997-07-17,154,Unhealthy,Ozone,17,Los Angeles,California,34.1141,-118.4068,12531334.0,3267.0,America/Los_Angeles,1997,7,17
1997-07-18,119,Unhealthy for Sensitive Groups,Ozone,18,Los Angeles,California,34.1141,-118.4068,12531334.0,3267.0,America/Los_Angeles,1997,7,18
1997-07-19,150,Unhealthy for Sensitive Groups,Ozone,18,Los Angeles,California,34.1141,-118.4068,12531334.0,3267.0,America/Los_Angeles,1997,7,19
1997-07-20,140,Unhealthy for Sensitive Groups,Ozone,18,Los Angeles,California,34.1141,-118.4068,12531334.0,3267.0,America/Los_Angeles,1997,7,20
1997-07-21,122,Unhealthy for Sensitive Groups,Ozone,18,Los Angeles,California,34.1141,-118.4068,12531334.0,3267.0,America/Los_Angeles,1997,7,21
1997-07-22,99,Moderate,NO2,18,Los Angeles,California,34.1141,-118.4068,12531334.0,3267.0,America/Los_Angeles,1997,7,22
1997-07-23,122,Unhealthy for Sensitive Groups,Ozone,18,Los Angeles,California,34.1141,-118.4068,12531334.0,3267.0,America/Los_Angeles,1997,7,23
1997-07-24,93,Moderate,Ozone,18,Los Angeles,California,34.1141,-118.4068,12531334.0,3267.0,America/Los_Angeles,1997,7,24
1997-07-25,115,Unhealthy for Sensitive Groups,Ozone,18,Los Angeles,California,34.1141,-118.4068,12531334.0,3267.0,America/Los_Angeles,1997,7,25
1997-07-26,122,Unhealthy for Sensitive Groups,Ozone,18,Los Angeles,California,34.1141,-118.4068,12531334.0,3267.0,America/Los_Angeles,1997,7,26
1997-07-27,105,Unhealthy for Sensitive Groups,Ozone,18,Los Angeles,California,34.1141,-118.4068,12531334.0,3267.0,America/Los_Angeles,1997,7,27
1997-07-28,77,Moderate,Ozone,18,Los Angeles,California,34.1141,-118.4068,12531334.0,3267.0,America/Los_Angeles,1997,7,28
1997-07-29,74,Moderate,Ozone,18,Los Angeles,California,34.1141,-118.4068,12531334.0,3267.0,America/Los_Angeles,1997,7,29
1997-07-30,105,Unhealthy for Sensitive Groups,Ozone,17,Los Angeles,California,34.1141,-118.4068,12531334.0,3267.0,America/Los_Angeles,1997,7,30
1997-07-31,119,Unhealthy for Sensitive Groups,Ozone,18,Los Angeles,California,34.1141,-118.4068,12531334.0,3267.0,America/Los_Angeles,1997,7,31
1997-08-01,106,Unhealthy for Sensitive Groups,NO2,18,Los Angeles,California,34.1141,-118.4068,12531334.0,3267.0,America/Los_Angeles,1997,8,1
1997-08-02,126,Unhealthy for Sensitive Groups,Ozone,18,Los Angeles,California,34.1141,-118.4068,12531334.0,3267.0,America/Los_Angeles,1997,8,2
1997-08-03,177,Unhealthy,Ozone,18,Los Angeles,California,34.1141,-118.4068,12531334.0,3267.0,America/Los_Angeles,1997,8,3
1997-08-04,115,Unhealthy for Sensitive Groups,Ozone,18,Los Angeles,California,34.1141,-118.4068,12531334.0,3267.0,America/Los_Angeles,1997,8,4
1997-08-05,154,Unhealthy,Ozone,18,Los Angeles,California,34.1141,-118.4068,12531334.0,3267.0,America/Los_Angeles,1997,8,5
1997-08-06,203,Very Unhealthy,Ozone,18,Los Angeles,California,34.1141,-118.4068,12531334.0,3267.0,America/Los_Angeles,1997,8,6
1997-08-07,140,Unhealthy for Sensitive Groups,Ozone,18,Los Angeles,California,34.1141,-118.4068,12531334.0,3267.0,America/Los_Angeles,1997,8,7
1997-08-08,122,Unhealthy for Sensitive Groups,Ozone,18,Los Angeles,California,34.1141,-118.4068,12531334.0,3267.0,America/Los_Angeles,1997,8,8
1997-08-09,67,Moderate,Ozone,18,Los Angeles,California,34.1141,-118.4068,12531334.0,3267.0,America/Los_Angeles,1997,8,9
1997-08-10,49,Good,Ozone,18,Los Angeles,California,34.1141,-118.4068,12531334.0,3267.0,America/Los_Angeles,1997,8,10
1997-08-11,49,Good,Ozone,18,Los Angeles,California,34.1141,-118.4068,12531334.0,3267.0,America/Los_Angeles,1997,8,11
1997-08-12,97,Moderate,Ozone,17,Los Angeles,California,34.1141,-118.4068,12531334.0,3267.0,America/Los_Angeles,1997,8,12
1997-08-13,147,Unhealthy for Sensitive Groups,Ozone,17,Los Angeles,California,34.1141,-118.4068,12531334.0,3267.0,America/Los_Angeles,1997,8,13
1997-08-14,156,Unhealthy,Ozone,17,Los Angeles,California,34.1141,-118.4068,12531334.0,3267.0,America/Los_Angeles,1997,8,14
1997-08-15,112,Unhealthy for Sensitive Groups,Ozone,17,Los Angeles,California,34.1141,-118.4068,12531334.0,3267.0,America/Los_Angeles,1997,8,15
1997-08-16,61,Moderate,Ozone,17,Los Angeles,California,34.1141,-118.4068,12531334.0,3267.0,America/Los_Angeles,1997,8,16
1997-08-17,119,Unhealthy for Sensitive Groups,Ozone,17,Los Angeles,California,34.1141,-118.4068,12531334.0,3267.0,America/Los_Angeles,1997,8,17
1997-08-18,83,Moderate,NO2,17,Los Angeles,California,34.1141,-118.4068,12531334.0,3267.0,America/Los_Angeles,1997,8,18
1997-08-19,82,Moderate,NO2,16,Los Angeles,California,34.1141,-118.4068,12531334.0,3267.0,America/Los_Angeles,1997,8,19
1997-08-20,45,Good,NO2,18,Los Angeles,California,34.1141,-118.4068,12531334.0,3267.0,America/Los_Angeles,1997,8,20
1997-08-21,101,Unhealthy for Sensitive Groups,NO2,18,Los Angeles,California,34.1141,-118.4068,12531334.0,3267.0,America/Los_Angeles,1997,8,21
1997-08-22,161,Unhealthy,Ozone,18,Los Angeles,California,34.1141,-118.4068,12531334.0,3267.0,America/Los_Angeles,1997,8,22
1997-08-23,192,Unhealthy,Ozone,18,Los Angeles,California,34.1141,-118.4068,12531334.0,3267.0,America/Los_Angeles,1997,8,23
1997-08-24,177,Unhealthy,Ozone,18,Los Angeles,California,34.1141,-118.4068,12531334.0,3267.0,America/Los_Angeles,1997,8,24
1997-08-25,87,Moderate,Ozone,18,Los Angeles,California,34.1141,-118.4068,12531334.0,3267.0,America/Los_Angeles,1997,8,25
1997-08-26,108,Unhealthy for Sensitive Groups,Ozone,18,Los Angeles,California,34.1141,-118.4068,12531334.0,3267.0,America/Los_Angeles,1997,8,26
1997-08-27,136,Unhealthy for Sensitive Groups,Ozone,18,Los Angeles,California,34.1141,-118.4068,12531334.0,3267.0,America/Los_Angeles,1997,8,27
1997-08-28,140,Unhealthy for Sensitive Groups,Ozone,18,Los Angeles,California,34.1141,-118.4068,12531334.0,3267.0,America/Los_Angeles,1997,8,28
1997-08-29,129,Unhealthy for Sensitive Groups,Ozone,18,Los Angeles,California,34.1141,-118.4068,12531334.0,3267.0,America/Los_Angeles,1997,8,29
1997-08-30,187,Unhealthy,Ozone,18,Los Angeles,California,34.1141,-118.4068,12531334.0,3267.0,America/Los_Angeles,1997,8,30
1997-08-31,220,Very Unhealthy,Ozone,18,Los Angeles,California,34.1141,-118.4068,12531334.0,3267.0,America/Los_Angeles,1997,8,31
1997-09-01,190,Unhealthy,Ozone,18,Los Angeles,California,34.1141,-118.4068,12531334.0,3267.0,America/Los_Angeles,1997,9,1
1997-09-02,102,Unhealthy for Sensitive Groups,NO2,18,Los Angeles,California,34.1141,-118.4068,12531334.0,3267.0,America/Los_Angeles,1997,9,2
1997-09-03,109,Unhealthy for Sensitive Groups,NO2,18,Los Angeles,California,34.1141,-118.4068,12531334.0,3267.0,America/Los_Angeles,1997,9,3
1997-09-04,136,Unhealthy for Sensitive Groups,Ozone,18,Los Angeles,California,34.1141,-118.4068,12531334.0,3267.0,America/Los_Angeles,1997,9,4
1997-09-05,103,Unhealthy for Sensitive Groups,NO2,18,Los Angeles,California,34.1141,-118.4068,12531334.0,3267.0,America/Los_Angeles,1997,9,5
1997-09-06,112,Unhealthy for Sensitive Groups,Ozone,18,Los Angeles,California,34.1141,-118.4068,12531334.0,3267.0,America/Los_Angeles,1997,9,6
1997-09-07,115,Unhealthy for Sensitive Groups,Ozone,18,Los Angeles,California,34.1141,-118.4068,12531334.0,3267.0,America/Los_Angeles,1997,9,7
1997-09-08,98,Moderate,NO2,18,Los Angeles,California,34.1141,-118.4068,12531334.0,3267.0,America/Los_Angeles,1997,9,8
1997-09-09,108,Unhealthy for Sensitive Groups,Ozone,18,Los Angeles,California,34.1141,-118.4068,12531334.0,3267.0,America/Los_Angeles,1997,9,9
1997-09-10,103,Unhealthy for Sensitive Groups,NO2,18,Los Angeles,California,34.1141,-118.4068,12531334.0,3267.0,America/Los_Angeles,1997,9,10
1997-09-11,65,Moderate,NO2,18,Los Angeles,California,34.1141,-118.4068,12531334.0,3267.0,America/Los_Angeles,1997,9,11
1997-09-12,101,Unhealthy for Sensitive Groups,Ozone,18,Los Angeles,California,34.1141,-118.4068,12531334.0,3267.0,America/Los_Angeles,1997,9,12
1997-09-13,105,Unhealthy for Sensitive Groups,Ozone,18,Los Angeles,California,34.1141,-118.4068,12531334.0,3267.0,America/Los_Angeles,1997,9,13
1997-09-14,147,Unhealthy for Sensitive Groups,Ozone,18,Los Angeles,California,34.1141,-118.4068,12531334.0,3267.0,America/Los_Angeles,1997,9,14
1997-09-15,81,Moderate,NO2,18,Los Angeles,California,34.1141,-118.4068,12531334.0,3267.0,America/Los_Angeles,1997,9,15
1997-09-16,103,Unhealthy for Sensitive Groups,NO2,18,Los Angeles,California,34.1141,-118.4068,12531334.0,3267.0,America/Los_Angeles,1997,9,16
1997-09-17,109,Unhealthy for Sensitive Groups,NO2,18,Los Angeles,California,34.1141,-118.4068,12531334.0,3267.0,America/Los_Angeles,1997,9,17
1997-09-18,97,Moderate,NO2,18,Los Angeles,California,34.1141,-118.4068,12531334.0,3267.0,America/Los_Angeles,1997,9,18
1997-09-19,74,Moderate,NO2,18,Los Angeles,California,34.1141,-118.4068,12531334.0,3267.0,America/Los_Angeles,1997,9,19
1997-09-20,63,Moderate,NO2,18,Los Angeles,California,34.1141,-118.4068,12531334.0,3267.0,America/Los_Angeles,1997,9,20
1997-09-21,105,Unhealthy for Sensitive Groups,Ozone,18,Los Angeles,California,34.1141,-118.4068,12531334.0,3267.0,America/Los_Angeles,1997,9,21
1997-09-22,105,Unhealthy for Sensitive Groups,Ozone,18,Los Angeles,California,34.1141,-118.4068,12531334.0,3267.0,America/Los_Angeles,1997,9,22
1997-09-23,154,Unhealthy,Ozone,18,Los Angeles,California,34.1141,-118.4068,12531334.0,3267.0,America/Los_Angeles,1997,9,23
1997-09-24,109,Unhealthy for Sensitive Groups,NO2,18,Los Angeles,California,34.1141,-118.4068,12531334.0,3267.0,America/Los_Angeles,1997,9,24
1997-09-25,64,Moderate,NO2,18,Los Angeles,California,34.1141,-118.4068,12531334.0,3267.0,America/Los_Angeles,1997,9,25
1997-09-26,57,Moderate,NO2,18,Los Angeles,California,34.1141,-118.4068,12531334.0,3267.0,America/Los_Angeles,1997,9,26
1997-09-27,150,Unhealthy for Sensitive Groups,Ozone,18,Los Angeles,California,34.1141,-118.4068,12531334.0,3267.0,America/Los_Angeles,1997,9,27
1997-09-28,201,Very Unhealthy,Ozone,18,Los Angeles,California,34.1141,-118.4068,12531334.0,3267.0,America/Los_Angeles,1997,9,28
1997-09-29,151,Unhealthy,Ozone,18,Los Angeles,California,34.1141,-118.4068,12531334.0,3267.0,America/Los_Angeles,1997,9,29
1997-09-30,108,Unhealthy for Sensitive Groups,Ozone,18,Los Angeles,California,34.1141,-118.4068,12531334.0,3267.0,America/Los_Angeles,1997,9,30
1997-10-01,182,Unhealthy,Ozone,18,Los Angeles,California,34.1141,-118.4068,12531334.0,3267.0,America/Los_Angeles,1997,10,1
1997-10-02,74,Moderate,Ozone,18,Los Angeles,California,34.1141,-118.4068,12531334.0,3267.0,America/Los_Angeles,1997,10,2
1997-10-03,71,Moderate,Ozone,18,Los Angeles,California,34.1141,-118.4068,12531334.0,3267.0,America/Los_Angeles,1997,10,3
1997-10-04,112,Unhealthy for Sensitive Groups,Ozone,18,Los Angeles,California,34.1141,-118.4068,12531334.0,3267.0,America/Los_Angeles,1997,10,4
1997-10-05,143,Unhealthy for Sensitive Groups,Ozone,18,Los Angeles,California,34.1141,-118.4068,12531334.0,3267.0,America/Los_Angeles,1997,10,5
1997-10-06,49,Good,NO2,18,Los Angeles,California,34.1141,-118.4068,12531334.0,3267.0,America/Los_Angeles,1997,10,6
1997-10-07,56,Moderate,PM10,18,Los Angeles,California,34.1141,-118.4068,12531334.0,3267.0,America/Los_Angeles,1997,10,7
1997-10-08,100,Moderate,NO2,18,Los Angeles,California,34.1141,-118.4068,12531334.0,3267.0,America/Los_Angeles,1997,10,8
1997-10-09,108,Unhealthy for Sensitive Groups,NO2,18,Los Angeles,California,34.1141,-118.4068,12531334.0,3267.0,America/Los_Angeles,1997,10,9
1997-10-10,55,Moderate,NO2,18,Los Angeles,California,34.1141,-118.4068,12531334.0,3267.0,America/Los_Angeles,1997,10,10
1997-10-11,42,Good,NO2,18,Los Angeles,California,34.1141,-118.4068,12531334.0,3267.0,America/Los_Angeles,1997,10,11
1997-10-12,60,Moderate,NO2,18,Los Angeles,California,34.1141,-118.4068,12531334.0,3267.0,America/Los_Angeles,1997,10,12
1997-10-13,97,Moderate,NO2,18,Los Angeles,California,34.1141,-118.4068,12531334.0,3267.0,America/Los_Angeles,1997,10,13
1997-10-14,110,Unhealthy for Sensitive Groups,NO2,18,Los Angeles,California,34.1141,-118.4068,12531334.0,3267.0,America/Los_Angeles,1997,10,14
1997-10-15,120,Unhealthy for Sensitive Groups,NO2,18,Los Angeles,California,34.1141,-118.4068,12531334.0,3267.0,America/Los_Angeles,1997,10,15
1997-10-16,104,Unhealthy for Sensitive Groups,NO2,18,Los Angeles,California,34.1141,-118.4068,12531334.0,3267.0,America/Los_Angeles,1997,10,16
1997-10-17,110,Unhealthy for Sensitive Groups,NO2,18,Los Angeles,California,34.1141,-118.4068,12531334.0,3267.0,America/Los_Angeles,1997,10,17
1997-10-18,116,Unhealthy for Sensitive Groups,NO2,18,Los Angeles,California,34.1141,-118.4068,12531334.0,3267.0,America/Los_Angeles,1997,10,18
1997-10-19,77,Moderate,Ozone,18,Los Angeles,California,34.1141,-118.4068,12531334.0,3267.0,America/Los_Angeles,1997,10,19
1997-10-20,52,Moderate,NO2,18,Los Angeles,California,34.1141,-118.4068,12531334.0,3267.0,America/Los_Angeles,1997,10,20
1997-10-21,62,Moderate,NO2,18,Los Angeles,California,34.1141,-118.4068,12531334.0,3267.0,America/Los_Angeles,1997,10,21
1997-10-22,87,Moderate,NO2,18,Los Angeles,California,34.1141,-118.4068,12531334.0,3267.0,America/Los_Angeles,1997,10,22
1997-10-23,57,Moderate,NO2,18,Los Angeles,California,34.1141,-118.4068,12531334.0,3267.0,America/Los_Angeles,1997,10,23
1997-10-24,60,Moderate,NO2,18,Los Angeles,California,34.1141,-118.4068,12531334.0,3267.0,America/Los_Angeles,1997,10,24
1997-10-25,77,Moderate,NO2,18,Los Angeles,California,34.1141,-118.4068,12531334.0,3267.0,America/Los_Angeles,1997,10,25
1997-10-26,67,Moderate,NO2,18,Los Angeles,California,34.1141,-118.4068,12531334.0,3267.0,America/Los_Angeles,1997,10,26
1997-10-27,100,Moderate,NO2,18,Los Angeles,California,34.1141,-118.4068,12531334.0,3267.0,America/Los_Angeles,1997,10,27
1997-10-28,107,Unhealthy for Sensitive Groups,NO2,18,Los Angeles,California,34.1141,-118.4068,12531334.0,3267.0,America/Los_Angeles,1997,10,28
1997-10-29,101,Unhealthy for Sensitive Groups,NO2,18,Los Angeles,California,34.1141,-118.4068,12531334.0,3267.0,America/Los_Angeles,1997,10,29
1997-10-30,107,Unhealthy for Sensitive Groups,NO2,18,Los Angeles,California,34.1141,-118.4068,12531334.0,3267.0,America/Los_Angeles,1997,10,30
1997-10-31,119,Unhealthy for Sensitive Groups,NO2,18,Los Angeles,California,34.1141,-118.4068,12531334.0,3267.0,America/Los_Angeles,1997,10,31
1997-11-01,212,Very Unhealthy,CO,18,Los Angeles,California,34.1141,-118.4068,12531334.0,3267.0,America/Los_Angeles,1997,11,1
1997-11-02,161,Unhealthy,CO,18,Los Angeles,California,34.1141,-118.4068,12531334.0,3267.0,America/Los_Angeles,1997,11,2
1997-11-03,101,Unhealthy for Sensitive Groups,NO2,18,Los Angeles,California,34.1141,-118.4068,12531334.0,3267.0,America/Los_Angeles,1997,11,3
1997-11-04,108,Unhealthy for Sensitive Groups,NO2,18,Los Angeles,California,34.1141,-118.4068,12531334.0,3267.0,America/Los_Angeles,1997,11,4
1997-11-05,110,Unhealthy for Sensitive Groups,NO2,18,Los Angeles,California,34.1141,-118.4068,12531334.0,3267.0,America/Los_Angeles,1997,11,5
1997-11-06,114,Unhealthy for Sensitive Groups,NO2,18,Los Angeles,California,34.1141,-118.4068,12531334.0,3267.0,America/Los_Angeles,1997,11,6
1997-11-07,74,Moderate,NO2,18,Los Angeles,California,34.1141,-118.4068,12531334.0,3267.0,America/Los_Angeles,1997,11,7
1997-11-08,58,Moderate,NO2,18,Los Angeles,California,34.1141,-118.4068,12531334.0,3267.0,America/Los_Angeles,1997,11,8
1997-11-09,71,Moderate,CO,18,Los Angeles,California,34.1141,-118.4068,12531334.0,3267.0,America/Los_Angeles,1997,11,9
1997-11-10,47,Good,NO2,18,Los Angeles,California,34.1141,-118.4068,12531334.0,3267.0,America/Los_Angeles,1997,11,10
1997-11-11,52,Moderate,NO2,18,Los Angeles,California,34.1141,-118.4068,12531334.0,3267.0,America/Los_Angeles,1997,11,11
1997-11-12,61,Moderate,NO2,18,Los Angeles,California,34.1141,-118.4068,12531334.0,3267.0,America/Los_Angeles,1997,11,12
1997-11-13,52,Moderate,NO2,18,Los Angeles,California,34.1141,-118.4068,12531334.0,3267.0,America/Los_Angeles,1997,11,13
1997-11-14,70,Moderate,NO2,18,Los Angeles,California,34.1141,-118.4068,12531334.0,3267.0,America/Los_Angeles,1997,11,14
1997-11-15,59,Moderate,CO,18,Los Angeles,California,34.1141,-118.4068,12531334.0,3267.0,America/Los_Angeles,1997,11,15
1997-11-16,65,Moderate,CO,18,Los Angeles,California,34.1141,-118.4068,12531334.0,3267.0,America/Los_Angeles,1997,11,16
1997-11-17,68,Moderate,CO,18,Los Angeles,California,34.1141,-118.4068,12531334.0,3267.0,America/Los_Angeles,1997,11,17
1997-11-18,79,Moderate,NO2,18,Los Angeles,California,34.1141,-118.4068,12531334.0,3267.0,America/Los_Angeles,1997,11,18
1997-11-19,90,Moderate,NO2,18,Los Angeles,California,34.1141,-118.4068,12531334.0,3267.0,America/Los_Angeles,1997,11,19
1997-11-20,62,Moderate,NO2,18,Los Angeles,California,34.1141,-118.4068,12531334.0,3267.0,America/Los_Angeles,1997,11,20
1997-11-21,102,Unhealthy for Sensitive Groups,NO2,18,Los Angeles,California,34.1141,-118.4068,12531334.0,3267.0,America/Los_Angeles,1997,11,21
1997-11-22,135,Unhealthy for Sensitive Groups,CO,17,Los Angeles,California,34.1141,-118.4068,12531334.0,3267.0,America/Los_Angeles,1997,11,22
1997-11-23,193,Unhealthy,CO,17,Los Angeles,California,34.1141,-118.4068,12531334.0,3267.0,America/Los_Angeles,1997,11,23
1997-11-24,102,Unhealthy for Sensitive Groups,NO2,17,Los Angeles,California,34.1141,-118.4068,12531334.0,3267.0,America/Los_Angeles,1997,11,24
1997-11-25,107,Unhealthy for Sensitive Groups,NO2,17,Los Angeles,California,34.1141,-118.4068,12531334.0,3267.0,America/Los_Angeles,1997,11,25
1997-11-26,101,Unhealthy for Sensitive Groups,CO,17,Los Angeles,California,34.1141,-118.4068,12531334.0,3267.0,America/Los_Angeles,1997,11,26
1997-11-27,67,Moderate,CO,17,Los Angeles,California,34.1141,-118.4068,12531334.0,3267.0,America/Los_Angeles,1997,11,27
1997-11-28,78,Moderate,CO,17,Los Angeles,California,34.1141,-118.4068,12531334.0,3267.0,America/Los_Angeles,1997,11,28
1997-11-29,84,Moderate,CO,18,Los Angeles,California,34.1141,-118.4068,12531334.0,3267.0,America/Los_Angeles,1997,11,29
1997-11-30,55,Moderate,NO2,18,Los Angeles,California,34.1141,-118.4068,12531334.0,3267.0,America/Los_Angeles,1997,11,30
1997-12-01,89,Moderate,NO2,18,Los Angeles,California,34.1141,-118.4068,12531334.0,3267.0,America/Los_Angeles,1997,12,1
1997-12-02,81,Moderate,CO,18,Los Angeles,California,34.1141,-118.4068,12531334.0,3267.0,America/Los_Angeles,1997,12,2
1997-12-03,73,Moderate,NO2,18,Los Angeles,California,34.1141,-118.4068,12531334.0,3267.0,America/Los_Angeles,1997,12,3
1997-12-04,74,Moderate,CO,18,Los Angeles,California,34.1141,-118.4068,12531334.0,3267.0,America/Los_Angeles,1997,12,4
1997-12-05,61,Moderate,CO,18,Los Angeles,California,34.1141,-118.4068,12531334.0,3267.0,America/Los_Angeles,1997,12,5
1997-12-06,43,Good,NO2,18,Los Angeles,California,34.1141,-118.4068,12531334.0,3267.0,America/Los_Angeles,1997,12,6
1997-12-07,43,Good,NO2,18,Los Angeles,California,34.1141,-118.4068,12531334.0,3267.0,America/Los_Angeles,1997,12,7
1997-12-08,60,Moderate,NO2,18,Los Angeles,California,34.1141,-118.4068,12531334.0,3267.0,America/Los_Angeles,1997,12,8
1997-12-09,72,Moderate,NO2,18,Los Angeles,California,34.1141,-118.4068,12531334.0,3267.0,America/Los_Angeles,1997,12,9
1997-12-10,96,Moderate,NO2,18,Los Angeles,California,34.1141,-118.4068,12531334.0,3267.0,America/Los_Angeles,1997,12,10
1997-12-11,80,Moderate,NO2,18,Los Angeles,California,34.1141,-118.4068,12531334.0,3267.0,America/Los_Angeles,1997,12,11
1997-12-12,104,Unhealthy for Sensitive Groups,NO2,18,Los Angeles,California,34.1141,-118.4068,12531334.0,3267.0,America/Los_Angeles,1997,12,12
1997-12-13,99,Moderate,CO,18,Los Angeles,California,34.1141,-118.4068,12531334.0,3267.0,America/Los_Angeles,1997,12,13
1997-12-14,109,Unhealthy for Sensitive Groups,CO,18,Los Angeles,California,34.1141,-118.4068,12531334.0,3267.0,America/Los_Angeles,1997,12,14
1997-12-15,85,Moderate,NO2,18,Los Angeles,California,34.1141,-118.4068,12531334.0,3267.0,America/Los_Angeles,1997,12,15
1997-12-16,103,Unhealthy for Sensitive Groups,CO,18,Los Angeles,California,34.1141,-118.4068,12531334.0,3267.0,America/Los_Angeles,1997,12,16
1997-12-17,104,Unhealthy for Sensitive Groups,CO,18,Los Angeles,California,34.1141,-118.4068,12531334.0,3267.0,America/Los_Angeles,1997,12,17
1997-12-18,70,Moderate,CO,18,Los Angeles,California,34.1141,-118.4068,12531334.0,3267.0,America/Los_Angeles,1997,12,18
1997-12-19,142,Unhealthy for Sensitive Groups,CO,18,Los Angeles,California,34.1141,-118.4068,12531334.0,3267.0,America/Los_Angeles,1997,12,19
1997-12-20,131,Unhealthy for Sensitive Groups,CO,18,Los Angeles,California,34.1141,-118.4068,12531334.0,3267.0,America/Los_Angeles,1997,12,20
1997-12-21,76,Moderate,CO,18,Los Angeles,California,34.1141,-118.4068,12531334.0,3267.0,America/Los_Angeles,1997,12,21
1997-12-22,74,Moderate,NO2,18,Los Angeles,California,34.1141,-118.4068,12531334.0,3267.0,America/Los_Angeles,1997,12,22
1997-12-23,140,Unhealthy for Sensitive Groups,CO,18,Los Angeles,California,34.1141,-118.4068,12531334.0,3267.0,America/Los_Angeles,1997,12,23
1997-12-24,163,Unhealthy,CO,18,Los Angeles,California,34.1141,-118.4068,12531334.0,3267.0,America/Los_Angeles,1997,12,24
1997-12-25,106,Unhealthy for Sensitive Groups,CO,18,Los Angeles,California,34.1141,-118.4068,12531334.0,3267.0,America/Los_Angeles,1997,12,25
1997-12-26,88,Moderate,CO,18,Los Angeles,California,34.1141,-118.4068,12531334.0,3267.0,America/Los_Angeles,1997,12,26
1997-12-27,97,Moderate,CO,18,Los Angeles,California,34.1141,-118.4068,12531334.0,3267.0,America/Los_Angeles,1997,12,27
1997-12-28,118,Unhealthy for Sensitive Groups,CO,18,Los Angeles,California,34.1141,-118.4068,12531334.0,3267.0,America/Los_Angeles,1997,12,28
1997-12-29,102,Unhealthy for Sensitive Groups,NO2,18,Los Angeles,California,34.1141,-118.4068,12531334.0,3267.0,America/Los_Angeles,1997,12,29
1997-12-30,102,Unhealthy for Sensitive Groups,NO2,18,Los Angeles,California,34.1141,-118.4068,12531334.0,3267.0,America/Los_Angeles,1997,12,30
1997-12-31,103,Unhealthy for Sensitive Groups,NO2,18,Los Angeles,California,34.1141,-118.4068,12531334.0,3267.0,America/Los_Angeles,1997,12,31
1998-01-01,123,Unhealthy for Sensitive Groups,CO,18,Los Angeles,California,34.1141,-118.4068,12531334.0,3267.0,America/Los_Angeles,1998,1,1
1998-01-02,56,Moderate,NO2,18,Los Angeles,California,34.1141,-118.4068,12531334.0,3267.0,America/Los_Angeles,1998,1,2
1998-01-03,50,Good,CO,18,Los Angeles,California,34.1141,-118.4068,12531334.0,3267.0,America/Los_Angeles,1998,1,3
1998-01-04,78,Moderate,CO,18,Los Angeles,California,34.1141,-118.4068,12531334.0,3267.0,America/Los_Angeles,1998,1,4
1998-01-05,67,Moderate,NO2,18,Los Angeles,California,34.1141,-118.4068,12531334.0,3267.0,America/Los_Angeles,1998,1,5
1998-01-06,72,Moderate,CO,18,Los Angeles,California,34.1141,-118.4068,12531334.0,3267.0,America/Los_Angeles,1998,1,6
1998-01-07,89,Moderate,NO2,18,Los Angeles,California,34.1141,-118.4068,12531334.0,3267.0,America/Los_Angeles,1998,1,7
1998-01-08,71,Moderate,NO2,18,Los Angeles,California,34.1141,-118.4068,12531334.0,3267.0,America/Los_Angeles,1998,1,8
1998-01-09,50,Good,NO2,18,Los Angeles,California,34.1141,-118.4068,12531334.0,3267.0,America/Los_Angeles,1998,1,9
1998-01-10,67,Moderate,CO,18,Los Angeles,California,34.1141,-118.4068,12531334.0,3267.0,America/Los_Angeles,1998,1,10
1998-01-11,81,Moderate,CO,18,Los Angeles,California,34.1141,-118.4068,12531334.0,3267.0,America/Los_Angeles,1998,1,11
1998-01-12,69,Moderate,CO,18,Los Angeles,California,34.1141,-118.4068,12531334.0,3267.0,America/Los_Angeles,1998,1,12
1998-01-13,55,Moderate,CO,18,Los Angeles,California,34.1141,-118.4068,12531334.0,3267.0,America/Los_Angeles,1998,1,13
1998-01-14,89,Moderate,CO,18,Los Angeles,California,34.1141,-118.4068,12531334.0,3267.0,America/Los_Angeles,1998,1,14
1998-01-15,57,Moderate,NO2,18,Los Angeles,California,34.1141,-118.4068,12531334.0,3267.0,America/Los_Angeles,1998,1,15
1998-01-16,79,Moderate,NO2,18,Los Angeles,California,34.1141,-118.4068,12531334.0,3267.0,America/Los_Angeles,1998,1,16
1998-01-17,101,Unhealthy for Sensitive Groups,NO2,18,Los Angeles,California,34.1141,-118.4068,12531334.0,3267.0,America/Los_Angeles,1998,1,17
1998-01-18,67,Moderate,NO2,18,Los Angeles,California,34.1141,-118.4068,12531334.0,3267.0,America/Los_Angeles,1998,1,18
1998-01-19,61,Moderate,NO2,18,Los Angeles,California,34.1141,-118.4068,12531334.0,3267.0,America/Los_Angeles,1998,1,19
1998-01-20,50,Good,CO,18,Los Angeles,California,34.1141,-118.4068,12531334.0,3267.0,America/Los_Angeles,1998,1,20
1998-01-21,60,Moderate,NO2,17,Los Angeles,California,34.1141,-118.4068,12531334.0,3267.0,America/Los_Angeles,1998,1,21
1998-01-22,72,Moderate,NO2,18,Los Angeles,California,34.1141,-118.4068,12531334.0,3267.0,America/Los_Angeles,1998,1,22
1998-01-23,91,Moderate,NO2,18,Los Angeles,California,34.1141,-118.4068,12531334.0,3267.0,America/Los_Angeles,1998,1,23
1998-01-24,97,Moderate,NO2,18,Los Angeles,California,34.1141,-118.4068,12531334.0,3267.0,America/Los_Angeles,1998,1,24
1998-01-25,120,Unhealthy for Sensitive Groups,CO,18,Los Angeles,California,34.1141,-118.4068,12531334.0,3267.0,America/Los_Angeles,1998,1,25
1998-01-26,108,Unhealthy for Sensitive Groups,NO2,18,Los Angeles,California,34.1141,-118.4068,12531334.0,3267.0,America/Los_Angeles,1998,1,26
1998-01-27,105,Unhealthy for Sensitive Groups,NO2,18,Los Angeles,California,34.1141,-118.4068,12531334.0,3267.0,America/Los_Angeles,1998,1,27
1998-01-28,89,Moderate,NO2,18,Los Angeles,California,34.1141,-118.4068,12531334.0,3267.0,America/Los_Angeles,1998,1,28
1998-01-29,68,Moderate,NO2,18,Los Angeles,California,34.1141,-118.4068,12531334.0,3267.0,America/Los_Angeles,1998,1,29
1998-01-30,72,Moderate,NO2,18,Los Angeles,California,34.1141,-118.4068,12531334.0,3267.0,America/Los_Angeles,1998,1,30
1998-01-31,71,Moderate,CO,18,Los Angeles,California,34.1141,-118.4068,12531334.0,3267.0,America/Los_Angeles,1998,1,31
1998-02-01,74,Moderate,CO,18,Los Angeles,California,34.1141,-118.4068,12531334.0,3267.0,America/Los_Angeles,1998,2,1
1998-02-02,49,Good,NO2,18,Los Angeles,California,34.1141,-118.4068,12531334.0,3267.0,America/Los_Angeles,1998,2,2
1998-02-03,53,Moderate,NO2,18,Los Angeles,California,34.1141,-118.4068,12531334.0,3267.0,America/Los_Angeles,1998,2,3
1998-02-04,49,Good,NO2,17,Los Angeles,California,34.1141,-118.4068,12531334.0,3267.0,America/Los_Angeles,1998,2,4
1998-02-05,54,Moderate,NO2,18,Los Angeles,California,34.1141,-118.4068,12531334.0,3267.0,America/Los_Angeles,1998,2,5
1998-02-06,54,Moderate,NO2,18,Los Angeles,California,34.1141,-118.4068,12531334.0,3267.0,America/Los_Angeles,1998,2,6
1998-02-07,52,Moderate,NO2,18,Los Angeles,California,34.1141,-118.4068,12531334.0,3267.0,America/Los_Angeles,1998,2,7
1998-02-08,45,Good,NO2,18,Los Angeles,California,34.1141,-118.4068,12531334.0,3267.0,America/Los_Angeles,1998,2,8
1998-02-09,52,Moderate,NO2,18,Los Angeles,California,34.1141,-118.4068,12531334.0,3267.0,America/Los_Angeles,1998,2,9
1998-02-10,60,Moderate,NO2,18,Los Angeles,California,34.1141,-118.4068,12531334.0,3267.0,America/Los_Angeles,1998,2,10
1998-02-11,65,Moderate,NO2,18,Los Angeles,California,34.1141,-118.4068,12531334.0,3267.0,America/Los_Angeles,1998,2,11
1998-02-12,73,Moderate,NO2,18,Los Angeles,California,34.1141,-118.4068,12531334.0,3267.0,America/Los_Angeles,1998,2,12
1998-02-13,69,Moderate,NO2,18,Los Angeles,California,34.1141,-118.4068,12531334.0,3267.0,America/Los_Angeles,1998,2,13
1998-02-14,50,Good,NO2,18,Los Angeles,California,34.1141,-118.4068,12531334.0,3267.0,America/Los_Angeles,1998,2,14
1998-02-15,51,Moderate,NO2,18,Los Angeles,California,34.1141,-118.4068,12531334.0,3267.0,America/Los_Angeles,1998,2,15
1998-02-16,52,Moderate,NO2,18,Los Angeles,California,34.1141,-118.4068,12531334.0,3267.0,America/Los_Angeles,1998,2,16
1998-02-17,47,Good,NO2,18,Los Angeles,California,34.1141,-118.4068,12531334.0,3267.0,America/Los_Angeles,1998,2,17
1998-02-18,63,Moderate,NO2,18,Los Angeles,California,34.1141,-118.4068,12531334.0,3267.0,America/Los_Angeles,1998,2,18
1998-02-19,58,Moderate,NO2,18,Los Angeles,California,34.1141,-118.4068,12531334.0,3267.0,America/Los_Angeles,1998,2,19
1998-02-20,53,Moderate,NO2,18,Los Angeles,California,34.1141,-118.4068,12531334.0,3267.0,America/Los_Angeles,1998,2,20
1998-02-21,51,Moderate,CO,18,Los Angeles,California,34.1141,-118.4068,12531334.0,3267.0,America/Los_Angeles,1998,2,21
1998-02-22,42,Good,NO2,18,Los Angeles,California,34.1141,-118.4068,12531334.0,3267.0,America/Los_Angeles,1998,2,22
1998-02-23,45,Good,NO2,18,Los Angeles,California,34.1141,-118.4068,12531334.0,3267.0,America/Los_Angeles,1998,2,23
1998-02-24,53,Moderate,NO2,18,Los Angeles,California,34.1141,-118.4068,12531334.0,3267.0,America/Los_Angeles,1998,2,24
1998-02-25,54,Moderate,CO,18,Los Angeles,California,34.1141,-118.4068,12531334.0,3267.0,America/Los_Angeles,1998,2,25
1998-02-26,60,Moderate,NO2,18,Los Angeles,California,34.1141,-118.4068,12531334.0,3267.0,America/Los_Angeles,1998,2,26
1998-02-27,62,Moderate,NO2,18,Los Angeles,California,34.1141,-118.4068,12531334.0,3267.0,America/Los_Angeles,1998,2,27
1998-02-28,71,Moderate,NO2,18,Los Angeles,California,34.1141,-118.4068,12531334.0,3267.0,America/Los_Angeles,1998,2,28
1998-03-01,80,Moderate,NO2,18,Los Angeles,California,34.1141,-118.4068,12531334.0,3267.0,America/Los_Angeles,1998,3,1
1998-03-02,67,Moderate,NO2,18,Los Angeles,California,34.1141,-118.4068,12531334.0,3267.0,America/Los_Angeles,1998,3,2
1998-03-03,57,Moderate,NO2,18,Los Angeles,California,34.1141,-118.4068,12531334.0,3267.0,America/Los_Angeles,1998,3,3
1998-03-04,67,Moderate,NO2,18,Los Angeles,California,34.1141,-118.4068,12531334.0,3267.0,America/Los_Angeles,1998,3,4
1998-03-05,49,Good,NO2,18,Los Angeles,California,34.1141,-118.4068,12531334.0,3267.0,America/Los_Angeles,1998,3,5
1998-03-06,45,Good,NO2,18,Los Angeles,California,34.1141,-118.4068,12531334.0,3267.0,America/Los_Angeles,1998,3,6
1998-03-07,54,Moderate,NO2,18,Los Angeles,California,34.1141,-118.4068,12531334.0,3267.0,America/Los_Angeles,1998,3,7
1998-03-08,57,Moderate,NO2,18,Los Angeles,California,34.1141,-118.4068,12531334.0,3267.0,America/Los_Angeles,1998,3,8
1998-03-09,90,Moderate,NO2,18,Los Angeles,California,34.1141,-118.4068,12531334.0,3267.0,America/Los_Angeles,1998,3,9
1998-03-10,100,Moderate,NO2,18,Los Angeles,California,34.1141,-118.4068,12531334.0,3267.0,America/Los_Angeles,1998,3,10
1998-03-11,79,Moderate,NO2,18,Los Angeles,California,34.1141,-118.4068,12531334.0,3267.0,America/Los_Angeles,1998,3,11
1998-03-12,100,Moderate,NO2,18,Los Angeles,California,34.1141,-118.4068,12531334.0,3267.0,America/Los_Angeles,1998,3,12
1998-03-13,56,Moderate,NO2,18,Los Angeles,California,34.1141,-118.4068,12531334.0,3267.0,America/Los_Angeles,1998,3,13
1998-03-14,60,Moderate,NO2,18,Los Angeles,California,34.1141,-118.4068,12531334.0,3267.0,America/Los_Angeles,1998,3,14
1998-03-15,54,Moderate,NO2,18,Los Angeles,California,34.1141,-118.4068,12531334.0,3267.0,America/Los_Angeles,1998,3,15
1998-03-16,51,Moderate,NO2,18,Los Angeles,California,34.1141,-118.4068,12531334.0,3267.0,America/Los_Angeles,1998,3,16
1998-03-17,54,Moderate,NO2,18,Los Angeles,California,34.1141,-118.4068,12531334.0,3267.0,America/Los_Angeles,1998,3,17
1998-03-18,74,Moderate,NO2,18,Los Angeles,California,34.1141,-118.4068,12531334.0,3267.0,America/Los_Angeles,1998,3,18
1998-03-19,80,Moderate,NO2,18,Los Angeles,California,34.1141,-118.4068,12531334.0,3267.0,America/Los_Angeles,1998,3,19
1998-03-20,74,Moderate,NO2,18,Los Angeles,California,34.1141,-118.4068,12531334.0,3267.0,America/Los_Angeles,1998,3,20
1998-03-21,55,Moderate,NO2,18,Los Angeles,California,34.1141,-118.4068,12531334.0,3267.0,America/Los_Angeles,1998,3,21
1998-03-22,87,Moderate,Ozone,18,Los Angeles,California,34.1141,-118.4068,12531334.0,3267.0,America/Los_Angeles,1998,3,22
1998-03-23,102,Unhealthy for Sensitive Groups,NO2,18,Los Angeles,California,34.1141,-118.4068,12531334.0,3267.0,America/Los_Angeles,1998,3,23
1998-03-24,69,Moderate,NO2,18,Los Angeles,California,34.1141,-118.4068,12531334.0,3267.0,America/Los_Angeles,1998,3,24
1998-03-25,60,Moderate,NO2,18,Los Angeles,California,34.1141,-118.4068,12531334.0,3267.0,America/Los_Angeles,1998,3,25
1998-03-26,56,Moderate,NO2,18,Los Angeles,California,34.1141,-118.4068,12531334.0,3267.0,America/Los_Angeles,1998,3,26
1998-03-27,50,Good,Ozone,18,Los Angeles,California,34.1141,-118.4068,12531334.0,3267.0,America/Los_Angeles,1998,3,27
1998-03-28,51,Moderate,Ozone,18,Los Angeles,California,34.1141,-118.4068,12531334.0,3267.0,America/Los_Angeles,1998,3,28
1998-03-29,64,Moderate,Ozone,18,Los Angeles,California,34.1141,-118.4068,12531334.0,3267.0,America/Los_Angeles,1998,3,29
1998-03-30,62,Moderate,NO2,18,Los Angeles,California,34.1141,-118.4068,12531334.0,3267.0,America/Los_Angeles,1998,3,30
1998-03-31,61,Moderate,NO2,18,Los Angeles,California,34.1141,-118.4068,12531334.0,3267.0,America/Los_Angeles,1998,3,31
1998-04-01,53,Moderate,NO2,18,Los Angeles,California,34.1141,-118.4068,12531334.0,3267.0,America/Los_Angeles,1998,4,1
1998-04-02,65,Moderate,NO2,18,Los Angeles,California,34.1141,-118.4068,12531334.0,3267.0,America/Los_Angeles,1998,4,2
1998-04-03,67,Moderate,NO2,18,Los Angeles,California,34.1141,-118.4068,12531334.0,3267.0,America/Los_Angeles,1998,4,3
1998-04-04,48,Good,NO2,18,Los Angeles,California,34.1141,-118.4068,12531334.0,3267.0,America/Los_Angeles,1998,4,4
1998-04-05,47,Good,NO2,18,Los Angeles,California,34.1141,-118.4068,12531334.0,3267.0,America/Los_Angeles,1998,4,5
1998-04-06,61,Moderate,Ozone,18,Los Angeles,California,34.1141,-118.4068,12531334.0,3267.0,America/Los_Angeles,1998,4,6
1998-04-07,51,Moderate,NO2,18,Los Angeles,California,34.1141,-118.4068,12531334.0,3267.0,America/Los_Angeles,1998,4,7
1998-04-08,58,Moderate,NO2,18,Los Angeles,California,34.1141,-118.4068,12531334.0,3267.0,America/Los_Angeles,1998,4,8
1998-04-09,64,Moderate,NO2,18,Los Angeles,California,34.1141,-118.4068,12531334.0,3267.0,America/Los_Angeles,1998,4,9
1998-04-10,72,Moderate,NO2,18,Los Angeles,California,34.1141,-118.4068,12531334.0,3267.0,America/Los_Angeles,1998,4,10
1998-04-11,52,Moderate,NO2,18,Los Angeles,California,34.1141,-118.4068,12531334.0,3267.0,America/Los_Angeles,1998,4,11
1998-04-12,54,Moderate,Ozone,18,Los Angeles,California,34.1141,-118.4068,12531334.0,3267.0,America/Los_Angeles,1998,4,12
1998-04-13,51,Moderate,NO2,18,Los Angeles,California,34.1141,-118.4068,12531334.0,3267.0,America/Los_Angeles,1998,4,13
1998-04-14,53,Moderate,NO2,18,Los Angeles,California,34.1141,-118.4068,12531334.0,3267.0,America/Los_Angeles,1998,4,14
1998-04-15,65,Moderate,NO2,18,Los Angeles,California,34.1141,-118.4068,12531334.0,3267.0,America/Los_Angeles,1998,4,15
1998-04-16,62,Moderate,NO2,18,Los Angeles,California,34.1141,-118.4068,12531334.0,3267.0,America/Los_Angeles,1998,4,16
1998-04-17,74,Moderate,NO2,18,Los Angeles,California,34.1141,-118.4068,12531334.0,3267.0,America/Los_Angeles,1998,4,17
1998-04-18,87,Moderate,Ozone,18,Los Angeles,California,34.1141,-118.4068,12531334.0,3267.0,America/Los_Angeles,1998,4,18
1998-04-19,122,Unhealthy for Sensitive Groups,Ozone,18,Los Angeles,California,34.1141,-118.4068,12531334.0,3267.0,America/Los_Angeles,1998,4,19
1998-04-20,133,Unhealthy for Sensitive Groups,Ozone,18,Los Angeles,California,34.1141,-118.4068,12531334.0,3267.0,America/Los_Angeles,1998,4,20
1998-04-21,105,Unhealthy for Sensitive Groups,NO2,18,Los Angeles,California,34.1141,-118.4068,12531334.0,3267.0,America/Los_Angeles,1998,4,21
1998-04-22,102,Unhealthy for Sensitive Groups,NO2,18,Los Angeles,California,34.1141,-118.4068,12531334.0,3267.0,America/Los_Angeles,1998,4,22
1998-04-23,71,Moderate,NO2,18,Los Angeles,California,34.1141,-118.4068,12531334.0,3267.0,America/Los_Angeles,1998,4,23
1998-04-24,71,Moderate,NO2,18,Los Angeles,California,34.1141,-118.4068,12531334.0,3267.0,America/Los_Angeles,1998,4,24
1998-04-25,64,Moderate,Ozone,18,Los Angeles,California,34.1141,-118.4068,12531334.0,3267.0,America/Los_Angeles,1998,4,25
1998-04-26,66,Moderate,NO2,18,Los Angeles,California,34.1141,-118.4068,12531334.0,3267.0,America/Los_Angeles,1998,4,26
1998-04-27,97,Moderate,Ozone,18,Los Angeles,California,34.1141,-118.4068,12531334.0,3267.0,America/Los_Angeles,1998,4,27
1998-04-28,100,Moderate,NO2,18,Los Angeles,California,34.1141,-118.4068,12531334.0,3267.0,America/Los_Angeles,1998,4,28
1998-04-29,150,Unhealthy for Sensitive Groups,Ozone,18,Los Angeles,California,34.1141,-118.4068,12531334.0,3267.0,America/Los_Angeles,1998,4,29
1998-04-30,87,Moderate,Ozone,18,Los Angeles,California,34.1141,-118.4068,12531334.0,3267.0,America/Los_Angeles,1998,4,30
1998-05-01,45,Good,Ozone,18,Los Angeles,California,34.1141,-118.4068,12531334.0,3267.0,America/Los_Angeles,1998,5,1
1998-05-02,37,Good,NO2,18,Los Angeles,California,34.1141,-118.4068,12531334.0,3267.0,America/Los_Angeles,1998,5,2
1998-05-03,36,Good,Ozone,18,Los Angeles,California,34.1141,-118.4068,12531334.0,3267.0,America/Los_Angeles,1998,5,3
1998-05-04,39,Good,NO2,18,Los Angeles,California,34.1141,-118.4068,12531334.0,3267.0,America/Los_Angeles,1998,5,4
1998-05-05,38,Good,NO2,18,Los Angeles,California,34.1141,-118.4068,12531334.0,3267.0,America/Los_Angeles,1998,5,5
1998-05-06,42,Good,NO2,18,Los Angeles,California,34.1141,-118.4068,12531334.0,3267.0,America/Los_Angeles,1998,5,6
1998-05-07,39,Good,NO2,18,Los Angeles,California,34.1141,-118.4068,12531334.0,3267.0,America/Los_Angeles,1998,5,7
1998-05-08,37,Good,Ozone,18,Los Angeles,California,34.1141,-118.4068,12531334.0,3267.0,America/Los_Angeles,1998,5,8
1998-05-09,41,Good,Ozone,18,Los Angeles,California,34.1141,-118.4068,12531334.0,3267.0,America/Los_Angeles,1998,5,9
1998-05-10,48,Good,Ozone,18,Los Angeles,California,34.1141,-118.4068,12531334.0,3267.0,America/Los_Angeles,1998,5,10
1998-05-11,48,Good,Ozone,18,Los Angeles,California,34.1141,-118.4068,12531334.0,3267.0,America/Los_Angeles,1998,5,11
1998-05-12,47,Good,NO2,18,Los Angeles,California,34.1141,-118.4068,12531334.0,3267.0,America/Los_Angeles,1998,5,12
1998-05-13,42,Good,NO2,18,Los Angeles,California,34.1141,-118.4068,12531334.0,3267.0,America/Los_Angeles,1998,5,13
1998-05-14,48,Good,NO2,18,Los Angeles,California,34.1141,-118.4068,12531334.0,3267.0,America/Los_Angeles,1998,5,14
1998-05-15,51,Moderate,NO2,18,Los Angeles,California,34.1141,-118.4068,12531334.0,3267.0,America/Los_Angeles,1998,5,15
1998-05-16,51,Moderate,Ozone,18,Los Angeles,California,34.1141,-118.4068,12531334.0,3267.0,America/Los_Angeles,1998,5,16
1998-05-17,67,Moderate,Ozone,18,Los Angeles,California,34.1141,-118.4068,12531334.0,3267.0,America/Los_Angeles,1998,5,17
1998-05-18,84,Moderate,NO2,18,Los Angeles,California,34.1141,-118.4068,12531334.0,3267.0,America/Los_Angeles,1998,5,18
1998-05-19,69,Moderate,NO2,18,Los Angeles,California,34.1141,-118.4068,12531334.0,3267.0,America/Los_Angeles,1998,5,19
1998-05-20,71,Moderate,Ozone,18,Los Angeles,California,34.1141,-118.4068,12531334.0,3267.0,America/Los_Angeles,1998,5,20
1998-05-21,51,Moderate,Ozone,18,Los Angeles,California,34.1141,-118.4068,12531334.0,3267.0,America/Los_Angeles,1998,5,21
1998-05-22,52,Moderate,NO2,18,Los Angeles,California,34.1141,-118.4068,12531334.0,3267.0,America/Los_Angeles,1998,5,22
1998-05-23,77,Moderate,Ozone,18,Los Angeles,California,34.1141,-118.4068,12531334.0,3267.0,America/Los_Angeles,1998,5,23
1998-05-24,93,Moderate,Ozone,18,Los Angeles,California,34.1141,-118.4068,12531334.0,3267.0,America/Los_Angeles,1998,5,24
1998-05-25,47,Good,NO2,18,Los Angeles,California,34.1141,-118.4068,12531334.0,3267.0,America/Los_Angeles,1998,5,25
1998-05-26,42,Good,NO2,18,Los Angeles,California,34.1141,-118.4068,12531334.0,3267.0,America/Los_Angeles,1998,5,26
1998-05-27,46,Good,NO2,18,Los Angeles,California,34.1141,-118.4068,12531334.0,3267.0,America/Los_Angeles,1998,5,27
1998-05-28,56,Moderate,NO2,18,Los Angeles,California,34.1141,-118.4068,12531334.0,3267.0,America/Los_Angeles,1998,5,28
1998-05-29,45,Good,NO2,18,Los Angeles,California,34.1141,-118.4068,12531334.0,3267.0,America/Los_Angeles,1998,5,29
1998-05-30,87,Moderate,Ozone,18,Los Angeles,California,34.1141,-118.4068,12531334.0,3267.0,America/Los_Angeles,1998,5,30
1998-05-31,87,Moderate,Ozone,18,Los Angeles,California,34.1141,-118.4068,12531334.0,3267.0,America/Los_Angeles,1998,5,31
1998-06-01,90,Moderate,Ozone,18,Los Angeles,California,34.1141,-118.4068,12531334.0,3267.0,America/Los_Angeles,1998,6,1
1998-06-02,54,Moderate,Ozone,18,Los Angeles,California,34.1141,-118.4068,12531334.0,3267.0,America/Los_Angeles,1998,6,2
1998-06-03,34,Good,NO2,18,Los Angeles,California,34.1141,-118.4068,12531334.0,3267.0,America/Los_Angeles,1998,6,3
1998-06-04,48,Good,NO2,18,Los Angeles,California,34.1141,-118.4068,12531334.0,3267.0,America/Los_Angeles,1998,6,4
1998-06-05,80,Moderate,Ozone,18,Los Angeles,California,34.1141,-118.4068,12531334.0,3267.0,America/Los_Angeles,1998,6,5
1998-06-06,61,Moderate,Ozone,18,Los Angeles,California,34.1141,-118.4068,12531334.0,3267.0,America/Los_Angeles,1998,6,6
1998-06-07,44,Good,Ozone,18,Los Angeles,California,34.1141,-118.4068,12531334.0,3267.0,America/Los_Angeles,1998,6,7
1998-06-08,36,Good,NO2,18,Los Angeles,California,34.1141,-118.4068,12531334.0,3267.0,America/Los_Angeles,1998,6,8
1998-06-09,44,Good,NO2,18,Los Angeles,California,34.1141,-118.4068,12531334.0,3267.0,America/Los_Angeles,1998,6,9
1998-06-10,49,Good,NO2,18,Los Angeles,California,34.1141,-118.4068,12531334.0,3267.0,America/Los_Angeles,1998,6,10
1998-06-11,48,Good,Ozone,18,Los Angeles,California,34.1141,-118.4068,12531334.0,3267.0,America/Los_Angeles,1998,6,11
1998-06-12,44,Good,Ozone,18,Los Angeles,California,34.1141,-118.4068,12531334.0,3267.0,America/Los_Angeles,1998,6,12
1998-06-13,61,Moderate,Ozone,18,Los Angeles,California,34.1141,-118.4068,12531334.0,3267.0,America/Los_Angeles,1998,6,13
1998-06-14,108,Unhealthy for Sensitive Groups,Ozone,18,Los Angeles,California,34.1141,-118.4068,12531334.0,3267.0,America/Los_Angeles,1998,6,14
1998-06-15,122,Unhealthy for Sensitive Groups,Ozone,18,Los Angeles,California,34.1141,-118.4068,12531334.0,3267.0,America/Los_Angeles,1998,6,15
1998-06-16,71,Moderate,Ozone,18,Los Angeles,California,34.1141,-118.4068,12531334.0,3267.0,America/Los_Angeles,1998,6,16
1998-06-17,58,Moderate,Ozone,17,Los Angeles,California,34.1141,-118.4068,12531334.0,3267.0,America/Los_Angeles,1998,6,17
1998-06-18,119,Unhealthy for Sensitive Groups,Ozone,18,Los Angeles,California,34.1141,-118.4068,12531334.0,3267.0,America/Los_Angeles,1998,6,18
1998-06-19,115,Unhealthy for Sensitive Groups,Ozone,18,Los Angeles,California,34.1141,-118.4068,12531334.0,3267.0,America/Los_Angeles,1998,6,19
1998-06-20,143,Unhealthy for Sensitive Groups,Ozone,17,Los Angeles,California,34.1141,-118.4068,12531334.0,3267.0,America/Los_Angeles,1998,6,20
1998-06-21,164,Unhealthy,Ozone,17,Los Angeles,California,34.1141,-118.4068,12531334.0,3267.0,America/Los_Angeles,1998,6,21
1998-06-22,68,Moderate,NO2,18,Los Angeles,California,34.1141,-118.4068,12531334.0,3267.0,America/Los_Angeles,1998,6,22
1998-06-23,93,Moderate,Ozone,17,Los Angeles,California,34.1141,-118.4068,12531334.0,3267.0,America/Los_Angeles,1998,6,23
1998-06-24,108,Unhealthy for Sensitive Groups,Ozone,18,Los Angeles,California,34.1141,-118.4068,12531334.0,3267.0,America/Los_Angeles,1998,6,24
1998-06-25,126,Unhealthy for Sensitive Groups,Ozone,18,Los Angeles,California,34.1141,-118.4068,12531334.0,3267.0,America/Los_Angeles,1998,6,25
1998-06-26,112,Unhealthy for Sensitive Groups,Ozone,18,Los Angeles,California,34.1141,-118.4068,12531334.0,3267.0,America/Los_Angeles,1998,6,26
1998-06-27,201,Very Unhealthy,Ozone,18,Los Angeles,California,34.1141,-118.4068,12531334.0,3267.0,America/Los_Angeles,1998,6,27
1998-06-28,218,Very Unhealthy,Ozone,18,Los Angeles,California,34.1141,-118.4068,12531334.0,3267.0,America/Los_Angeles,1998,6,28
1998-06-29,219,Very Unhealthy,Ozone,18,Los Angeles,California,34.1141,-118.4068,12531334.0,3267.0,America/Los_Angeles,1998,6,29
1998-06-30,172,Unhealthy,Ozone,18,Los Angeles,California,34.1141,-118.4068,12531334.0,3267.0,America/Los_Angeles,1998,6,30
1998-07-01,179,Unhealthy,Ozone,18,Los Angeles,California,34.1141,-118.4068,12531334.0,3267.0,America/Los_Angeles,1998,7,1
1998-07-02,136,Unhealthy for Sensitive Groups,Ozone,18,Los Angeles,California,34.1141,-118.4068,12531334.0,3267.0,America/Los_Angeles,1998,7,2
1998-07-03,101,Unhealthy for Sensitive Groups,Ozone,18,Los Angeles,California,34.1141,-118.4068,12531334.0,3267.0,America/Los_Angeles,1998,7,3
1998-07-04,151,Unhealthy,Ozone,18,Los Angeles,California,34.1141,-118.4068,12531334.0,3267.0,America/Los_Angeles,1998,7,4
1998-07-05,190,Unhealthy,Ozone,18,Los Angeles,California,34.1141,-118.4068,12531334.0,3267.0,America/Los_Angeles,1998,7,5
1998-07-06,119,Unhealthy for Sensitive Groups,Ozone,18,Los Angeles,California,34.1141,-118.4068,12531334.0,3267.0,America/Los_Angeles,1998,7,6
1998-07-07,84,Moderate,NO2,18,Los Angeles,California,34.1141,-118.4068,12531334.0,3267.0,America/Los_Angeles,1998,7,7
1998-07-08,115,Unhealthy for Sensitive Groups,Ozone,18,Los Angeles,California,34.1141,-118.4068,12531334.0,3267.0,America/Los_Angeles,1998,7,8
1998-07-09,100,Moderate,Ozone,18,Los Angeles,California,34.1141,-118.4068,12531334.0,3267.0,America/Los_Angeles,1998,7,9
1998-07-10,108,Unhealthy for Sensitive Groups,Ozone,18,Los Angeles,California,34.1141,-118.4068,12531334.0,3267.0,America/Los_Angeles,1998,7,10
1998-07-11,201,Very Unhealthy,Ozone,18,Los Angeles,California,34.1141,-118.4068,12531334.0,3267.0,America/Los_Angeles,1998,7,11
1998-07-12,208,Very Unhealthy,Ozone,18,Los Angeles,California,34.1141,-118.4068,12531334.0,3267.0,America/Los_Angeles,1998,7,12
1998-07-13,169,Unhealthy,Ozone,18,Los Angeles,California,34.1141,-118.4068,12531334.0,3267.0,America/Los_Angeles,1998,7,13
1998-07-14,224,Very Unhealthy,Ozone,18,Los Angeles,California,34.1141,-118.4068,12531334.0,3267.0,America/Los_Angeles,1998,7,14
1998-07-15,244,Very Unhealthy,Ozone,18,Los Angeles,California,34.1141,-118.4068,12531334.0,3267.0,America/Los_Angeles,1998,7,15
1998-07-16,269,Very Unhealthy,Ozone,18,Los Angeles,California,34.1141,-118.4068,12531334.0,3267.0,America/Los_Angeles,1998,7,16
1998-07-17,214,Very Unhealthy,Ozone,18,Los Angeles,California,34.1141,-118.4068,12531334.0,3267.0,America/Los_Angeles,1998,7,17
1998-07-18,236,Very Unhealthy,Ozone,17,Los Angeles,California,34.1141,-118.4068,12531334.0,3267.0,America/Los_Angeles,1998,7,18
1998-07-19,147,Unhealthy for Sensitive Groups,Ozone,17,Los Angeles,California,34.1141,-118.4068,12531334.0,3267.0,America/Los_Angeles,1998,7,19
1998-07-20,119,Unhealthy for Sensitive Groups,Ozone,17,Los Angeles,California,34.1141,-118.4068,12531334.0,3267.0,America/Los_Angeles,1998,7,20
1998-07-21,93,Moderate,Ozone,17,Los Angeles,California,34.1141,-118.4068,12531334.0,3267.0,America/Los_Angeles,1998,7,21
1998-07-22,71,Moderate,Ozone,18,Los Angeles,California,34.1141,-118.4068,12531334.0,3267.0,America/Los_Angeles,1998,7,22
1998-07-23,49,Good,NO2,17,Los Angeles,California,34.1141,-118.4068,12531334.0,3267.0,America/Los_Angeles,1998,7,23
1998-07-24,60,Moderate,NO2,17,Los Angeles,California,34.1141,-118.4068,12531334.0,3267.0,America/Los_Angeles,1998,7,24
1998-07-25,187,Unhealthy,Ozone,17,Los Angeles,California,34.1141,-118.4068,12531334.0,3267.0,America/Los_Angeles,1998,7,25
1998-07-26,215,Very Unhealthy,Ozone,17,Los Angeles,California,34.1141,-118.4068,12531334.0,3267.0,America/Los_Angeles,1998,7,26
1998-07-27,169,Unhealthy,Ozone,17,Los Angeles,California,34.1141,-118.4068,12531334.0,3267.0,America/Los_Angeles,1998,7,27
1998-07-28,200,Unhealthy,Ozone,18,Los Angeles,California,34.1141,-118.4068,12531334.0,3267.0,America/Los_Angeles,1998,7,28
1998-07-29,112,Unhealthy for Sensitive Groups,Ozone,17,Los Angeles,California,34.1141,-118.4068,12531334.0,3267.0,America/Los_Angeles,1998,7,29
1998-07-30,90,Moderate,Ozone,18,Los Angeles,California,34.1141,-118.4068,12531334.0,3267.0,America/Los_Angeles,1998,7,30
1998-07-31,90,Moderate,Ozone,18,Los Angeles,California,34.1141,-118.4068,12531334.0,3267.0,America/Los_Angeles,1998,7,31
1998-08-01,192,Unhealthy,Ozone,18,Los Angeles,California,34.1141,-118.4068,12531334.0,3267.0,America/Los_Angeles,1998,8,1
1998-08-02,237,Very Unhealthy,Ozone,18,Los Angeles,California,34.1141,-118.4068,12531334.0,3267.0,America/Los_Angeles,1998,8,2
1998-08-03,203,Very Unhealthy,Ozone,18,Los Angeles,California,34.1141,-118.4068,12531334.0,3267.0,America/Los_Angeles,1998,8,3
1998-08-04,203,Very Unhealthy,Ozone,18,Los Angeles,California,34.1141,-118.4068,12531334.0,3267.0,America/Los_Angeles,1998,8,4
1998-08-05,225,Very Unhealthy,Ozone,18,Los Angeles,California,34.1141,-118.4068,12531334.0,3267.0,America/Los_Angeles,1998,8,5
1998-08-06,219,Very Unhealthy,Ozone,18,Los Angeles,California,34.1141,-118.4068,12531334.0,3267.0,America/Los_Angeles,1998,8,6
1998-08-07,217,Very Unhealthy,Ozone,18,Los Angeles,California,34.1141,-118.4068,12531334.0,3267.0,America/Los_Angeles,1998,8,7
1998-08-08,208,Very Unhealthy,Ozone,18,Los Angeles,California,34.1141,-118.4068,12531334.0,3267.0,America/Los_Angeles,1998,8,8
1998-08-09,161,Unhealthy,Ozone,18,Los Angeles,California,34.1141,-118.4068,12531334.0,3267.0,America/Los_Angeles,1998,8,9
1998-08-10,105,Unhealthy for Sensitive Groups,Ozone,18,Los Angeles,California,34.1141,-118.4068,12531334.0,3267.0,America/Los_Angeles,1998,8,10
1998-08-11,203,Very Unhealthy,Ozone,18,Los Angeles,California,34.1141,-118.4068,12531334.0,3267.0,America/Los_Angeles,1998,8,11
1998-08-12,187,Unhealthy,Ozone,18,Los Angeles,California,34.1141,-118.4068,12531334.0,3267.0,America/Los_Angeles,1998,8,12
1998-08-13,190,Unhealthy,Ozone,18,Los Angeles,California,34.1141,-118.4068,12531334.0,3267.0,America/Los_Angeles,1998,8,13
1998-08-14,190,Unhealthy,Ozone,18,Los Angeles,California,34.1141,-118.4068,12531334.0,3267.0,America/Los_Angeles,1998,8,14
1998-08-15,140,Unhealthy for Sensitive Groups,Ozone,18,Los Angeles,California,34.1141,-118.4068,12531334.0,3267.0,America/Los_Angeles,1998,8,15
1998-08-16,140,Unhealthy for Sensitive Groups,Ozone,18,Los Angeles,California,34.1141,-118.4068,12531334.0,3267.0,America/Los_Angeles,1998,8,16
1998-08-17,105,Unhealthy for Sensitive Groups,Ozone,18,Los Angeles,California,34.1141,-118.4068,12531334.0,3267.0,America/Los_Angeles,1998,8,17
1998-08-18,101,Unhealthy for Sensitive Groups,Ozone,18,Los Angeles,California,34.1141,-118.4068,12531334.0,3267.0,America/Los_Angeles,1998,8,18
1998-08-19,91,Moderate,NO2,18,Los Angeles,California,34.1141,-118.4068,12531334.0,3267.0,America/Los_Angeles,1998,8,19
1998-08-20,93,Moderate,NO2,18,Los Angeles,California,34.1141,-118.4068,12531334.0,3267.0,America/Los_Angeles,1998,8,20
1998-08-21,129,Unhealthy for Sensitive Groups,Ozone,18,Los Angeles,California,34.1141,-118.4068,12531334.0,3267.0,America/Los_Angeles,1998,8,21
1998-08-22,174,Unhealthy,Ozone,18,Los Angeles,California,34.1141,-118.4068,12531334.0,3267.0,America/Los_Angeles,1998,8,22
1998-08-23,213,Very Unhealthy,Ozone,18,Los Angeles,California,34.1141,-118.4068,12531334.0,3267.0,America/Los_Angeles,1998,8,23
1998-08-24,115,Unhealthy for Sensitive Groups,Ozone,18,Los Angeles,California,34.1141,-118.4068,12531334.0,3267.0,America/Los_Angeles,1998,8,24
1998-08-25,112,Unhealthy for Sensitive Groups,Ozone,18,Los Angeles,California,34.1141,-118.4068,12531334.0,3267.0,America/Los_Angeles,1998,8,25
1998-08-26,108,Unhealthy for Sensitive Groups,Ozone,18,Los Angeles,California,34.1141,-118.4068,12531334.0,3267.0,America/Los_Angeles,1998,8,26
1998-08-27,119,Unhealthy for Sensitive Groups,Ozone,18,Los Angeles,California,34.1141,-118.4068,12531334.0,3267.0,America/Los_Angeles,1998,8,27
1998-08-28,192,Unhealthy,Ozone,18,Los Angeles,California,34.1141,-118.4068,12531334.0,3267.0,America/Los_Angeles,1998,8,28
1998-08-29,248,Very Unhealthy,Ozone,18,Los Angeles,California,34.1141,-118.4068,12531334.0,3267.0,America/Los_Angeles,1998,8,29
1998-08-30,240,Very Unhealthy,Ozone,18,Los Angeles,California,34.1141,-118.4068,12531334.0,3267.0,America/Los_Angeles,1998,8,30
1998-08-31,166,Unhealthy,Ozone,18,Los Angeles,California,34.1141,-118.4068,12531334.0,3267.0,America/Los_Angeles,1998,8,31
1998-09-01,129,Unhealthy for Sensitive Groups,Ozone,18,Los Angeles,California,34.1141,-118.4068,12531334.0,3267.0,America/Los_Angeles,1998,9,1
1998-09-02,97,Moderate,NO2,18,Los Angeles,California,34.1141,-118.4068,12531334.0,3267.0,America/Los_Angeles,1998,9,2
1998-09-03,100,Moderate,Ozone,18,Los Angeles,California,34.1141,-118.4068,12531334.0,3267.0,America/Los_Angeles,1998,9,3
1998-09-04,64,Moderate,NO2,17,Los Angeles,California,34.1141,-118.4068,12531334.0,3267.0,America/Los_Angeles,1998,9,4
1998-09-05,58,Moderate,NO2,17,Los Angeles,California,34.1141,-118.4068,12531334.0,3267.0,America/Los_Angeles,1998,9,5
1998-09-06,129,Unhealthy for Sensitive Groups,Ozone,17,Los Angeles,California,34.1141,-118.4068,12531334.0,3267.0,America/Los_Angeles,1998,9,6
1998-09-07,169,Unhealthy,Ozone,17,Los Angeles,California,34.1141,-118.4068,12531334.0,3267.0,America/Los_Angeles,1998,9,7
1998-09-08,122,Unhealthy for Sensitive Groups,Ozone,18,Los Angeles,California,34.1141,-118.4068,12531334.0,3267.0,America/Los_Angeles,1998,9,8
1998-09-09,77,Moderate,Ozone,18,Los Angeles,California,34.1141,-118.4068,12531334.0,3267.0,America/Los_Angeles,1998,9,9
1998-09-10,67,Moderate,Ozone,18,Los Angeles,California,34.1141,-118.4068,12531334.0,3267.0,America/Los_Angeles,1998,9,10
1998-09-11,94,Moderate,NO2,18,Los Angeles,California,34.1141,-118.4068,12531334.0,3267.0,America/Los_Angeles,1998,9,11
1998-09-12,179,Unhealthy,Ozone,18,Los Angeles,California,34.1141,-118.4068,12531334.0,3267.0,America/Los_Angeles,1998,9,12
1998-09-13,209,Very Unhealthy,Ozone,18,Los Angeles,California,34.1141,-118.4068,12531334.0,3267.0,America/Los_Angeles,1998,9,13
1998-09-14,150,Unhealthy for Sensitive Groups,Ozone,18,Los Angeles,California,34.1141,-118.4068,12531334.0,3267.0,America/Los_Angeles,1998,9,14
1998-09-15,112,Unhealthy for Sensitive Groups,Ozone,18,Los Angeles,California,34.1141,-118.4068,12531334.0,3267.0,America/Los_Angeles,1998,9,15
1998-09-16,122,Unhealthy for Sensitive Groups,Ozone,18,Los Angeles,California,34.1141,-118.4068,12531334.0,3267.0,America/Los_Angeles,1998,9,16
1998-09-17,101,Unhealthy for Sensitive Groups,Ozone,18,Los Angeles,California,34.1141,-118.4068,12531334.0,3267.0,America/Los_Angeles,1998,9,17
1998-09-18,115,Unhealthy for Sensitive Groups,Ozone,18,Los Angeles,California,34.1141,-118.4068,12531334.0,3267.0,America/Los_Angeles,1998,9,18
1998-09-19,203,Very Unhealthy,Ozone,18,Los Angeles,California,34.1141,-118.4068,12531334.0,3267.0,America/Los_Angeles,1998,9,19
1998-09-20,69,Moderate,NO2,18,Los Angeles,California,34.1141,-118.4068,12531334.0,3267.0,America/Los_Angeles,1998,9,20
1998-09-21,52,Moderate,NO2,18,Los Angeles,California,34.1141,-118.4068,12531334.0,3267.0,America/Los_Angeles,1998,9,21
1998-09-22,51,Moderate,NO2,18,Los Angeles,California,34.1141,-118.4068,12531334.0,3267.0,America/Los_Angeles,1998,9,22
1998-09-23,57,Moderate,NO2,18,Los Angeles,California,34.1141,-118.4068,12531334.0,3267.0,America/Los_Angeles,1998,9,23
1998-09-24,79,Moderate,NO2,18,Los Angeles,California,34.1141,-118.4068,12531334.0,3267.0,America/Los_Angeles,1998,9,24
1998-09-25,52,Moderate,NO2,18,Los Angeles,California,34.1141,-118.4068,12531334.0,3267.0,America/Los_Angeles,1998,9,25
1998-09-26,43,Good,Ozone,18,Los Angeles,California,34.1141,-118.4068,12531334.0,3267.0,America/Los_Angeles,1998,9,26
1998-09-27,41,Good,NO2,18,Los Angeles,California,34.1141,-118.4068,12531334.0,3267.0,America/Los_Angeles,1998,9,27
1998-09-28,56,Moderate,NO2,18,Los Angeles,California,34.1141,-118.4068,12531334.0,3267.0,America/Los_Angeles,1998,9,28
1998-09-29,56,Moderate,NO2,18,Los Angeles,California,34.1141,-118.4068,12531334.0,3267.0,America/Los_Angeles,1998,9,29
1998-09-30,57,Moderate,NO2,18,Los Angeles,California,34.1141,-118.4068,12531334.0,3267.0,America/Los_Angeles,1998,9,30
1998-10-01,77,Moderate,Ozone,18,Los Angeles,California,34.1141,-118.4068,12531334.0,3267.0,America/Los_Angeles,1998,10,1
1998-10-02,97,Moderate,PM2.5,18,Los Angeles,California,34.1141,-118.4068,12531334.0,3267.0,America/Los_Angeles,1998,10,2
1998-10-03,49,Good,Ozone,18,Los Angeles,California,34.1141,-118.4068,12531334.0,3267.0,America/Los_Angeles,1998,10,3
1998-10-04,71,Moderate,Ozone,18,Los Angeles,California,34.1141,-118.4068,12531334.0,3267.0,America/Los_Angeles,1998,10,4
1998-10-05,90,Moderate,NO2,18,Los Angeles,California,34.1141,-118.4068,12531334.0,3267.0,America/Los_Angeles,1998,10,5
1998-10-06,86,Moderate,NO2,18,Los Angeles,California,34.1141,-118.4068,12531334.0,3267.0,America/Los_Angeles,1998,10,6
1998-10-07,103,Unhealthy for Sensitive Groups,NO2,18,Los Angeles,California,34.1141,-118.4068,12531334.0,3267.0,America/Los_Angeles,1998,10,7
1998-10-08,103,Unhealthy for Sensitive Groups,NO2,18,Los Angeles,California,34.1141,-118.4068,12531334.0,3267.0,America/Los_Angeles,1998,10,8
1998-10-09,104,Unhealthy for Sensitive Groups,NO2,18,Los Angeles,California,34.1141,-118.4068,12531334.0,3267.0,America/Los_Angeles,1998,10,9
1998-10-10,80,Moderate,Ozone,18,Los Angeles,California,34.1141,-118.4068,12531334.0,3267.0,America/Los_Angeles,1998,10,10
1998-10-11,177,Unhealthy,Ozone,18,Los Angeles,California,34.1141,-118.4068,12531334.0,3267.0,America/Los_Angeles,1998,10,11
1998-10-12,106,Unhealthy for Sensitive Groups,NO2,18,Los Angeles,California,34.1141,-118.4068,12531334.0,3267.0,America/Los_Angeles,1998,10,12
1998-10-13,112,Unhealthy for Sensitive Groups,Ozone,18,Los Angeles,California,34.1141,-118.4068,12531334.0,3267.0,America/Los_Angeles,1998,10,13
1998-10-14,93,Moderate,PM2.5,18,Los Angeles,California,34.1141,-118.4068,12531334.0,3267.0,America/Los_Angeles,1998,10,14
1998-10-15,60,Moderate,NO2,18,Los Angeles,California,34.1141,-118.4068,12531334.0,3267.0,America/Los_Angeles,1998,10,15
1998-10-16,70,Moderate,NO2,18,Los Angeles,California,34.1141,-118.4068,12531334.0,3267.0,America/Los_Angeles,1998,10,16
1998-10-17,72,Moderate,CO,18,Los Angeles,California,34.1141,-118.4068,12531334.0,3267.0,America/Los_Angeles,1998,10,17
1998-10-18,80,Moderate,CO,18,Los Angeles,California,34.1141,-118.4068,12531334.0,3267.0,America/Los_Angeles,1998,10,18
1998-10-19,97,Moderate,NO2,18,Los Angeles,California,34.1141,-118.4068,12531334.0,3267.0,America/Los_Angeles,1998,10,19
1998-10-20,105,Unhealthy for Sensitive Groups,NO2,18,Los Angeles,California,34.1141,-118.4068,12531334.0,3267.0,America/Los_Angeles,1998,10,20
1998-10-21,77,Moderate,NO2,18,Los Angeles,California,34.1141,-118.4068,12531334.0,3267.0,America/Los_Angeles,1998,10,21
1998-10-22,105,Unhealthy for Sensitive Groups,NO2,18,Los Angeles,California,34.1141,-118.4068,12531334.0,3267.0,America/Los_Angeles,1998,10,22
1998-10-23,105,Unhealthy for Sensitive Groups,NO2,18,Los Angeles,California,34.1141,-118.4068,12531334.0,3267.0,America/Los_Angeles,1998,10,23
1998-10-24,113,Unhealthy for Sensitive Groups,NO2,18,Los Angeles,California,34.1141,-118.4068,12531334.0,3267.0,America/Los_Angeles,1998,10,24
1998-10-25,43,Good,NO2,18,Los Angeles,California,34.1141,-118.4068,12531334.0,3267.0,America/Los_Angeles,1998,10,25
1998-10-26,58,Moderate,NO2,18,Los Angeles,California,34.1141,-118.4068,12531334.0,3267.0,America/Los_Angeles,1998,10,26
1998-10-27,71,Moderate,NO2,18,Los Angeles,California,34.1141,-118.4068,12531334.0,3267.0,America/Los_Angeles,1998,10,27
1998-10-28,81,Moderate,NO2,18,Los Angeles,California,34.1141,-118.4068,12531334.0,3267.0,America/Los_Angeles,1998,10,28
1998-10-29,53,Moderate,NO2,18,Los Angeles,California,34.1141,-118.4068,12531334.0,3267.0,America/Los_Angeles,1998,10,29
1998-10-30,62,Moderate,NO2,18,Los Angeles,California,34.1141,-118.4068,12531334.0,3267.0,America/Los_Angeles,1998,10,30
1998-10-31,63,Moderate,NO2,18,Los Angeles,California,34.1141,-118.4068,12531334.0,3267.0,America/Los_Angeles,1998,10,31
1998-11-01,70,Moderate,PM2.5,18,Los Angeles,California,34.1141,-118.4068,12531334.0,3267.0,America/Los_Angeles,1998,11,1
1998-11-02,85,Moderate,NO2,18,Los Angeles,California,34.1141,-118.4068,12531334.0,3267.0,America/Los_Angeles,1998,11,2
1998-11-03,103,Unhealthy for Sensitive Groups,NO2,18,Los Angeles,California,34.1141,-118.4068,12531334.0,3267.0,America/Los_Angeles,1998,11,3
1998-11-04,103,Unhealthy for Sensitive Groups,NO2,18,Los Angeles,California,34.1141,-118.4068,12531334.0,3267.0,America/Los_Angeles,1998,11,4
1998-11-05,77,Moderate,NO2,18,Los Angeles,California,34.1141,-118.4068,12531334.0,3267.0,America/Los_Angeles,1998,11,5
1998-11-06,67,Moderate,NO2,18,Los Angeles,California,34.1141,-118.4068,12531334.0,3267.0,America/Los_Angeles,1998,11,6
1998-11-07,58,Moderate,CO,18,Los Angeles,California,34.1141,-118.4068,12531334.0,3267.0,America/Los_Angeles,1998,11,7
1998-11-08,39,Good,NO2,18,Los Angeles,California,34.1141,-118.4068,12531334.0,3267.0,America/Los_Angeles,1998,11,8
1998-11-09,60,Moderate,NO2,18,Los Angeles,California,34.1141,-118.4068,12531334.0,3267.0,America/Los_Angeles,1998,11,9
1998-11-10,78,Moderate,NO2,18,Los Angeles,California,34.1141,-118.4068,12531334.0,3267.0,America/Los_Angeles,1998,11,10
1998-11-11,61,Moderate,CO,18,Los Angeles,California,34.1141,-118.4068,12531334.0,3267.0,America/Los_Angeles,1998,11,11
1998-11-12,87,Moderate,NO2,18,Los Angeles,California,34.1141,-118.4068,12531334.0,3267.0,America/Los_Angeles,1998,11,12
1998-11-13,87,Moderate,CO,18,Los Angeles,California,34.1141,-118.4068,12531334.0,3267.0,America/Los_Angeles,1998,11,13
1998-11-14,108,Unhealthy for Sensitive Groups,CO,18,Los Angeles,California,34.1141,-118.4068,12531334.0,3267.0,America/Los_Angeles,1998,11,14
1998-11-15,103,Unhealthy for Sensitive Groups,NO2,18,Los Angeles,California,34.1141,-118.4068,12531334.0,3267.0,America/Los_Angeles,1998,11,15
1998-11-16,106,Unhealthy for Sensitive Groups,NO2,18,Los Angeles,California,34.1141,-118.4068,12531334.0,3267.0,America/Los_Angeles,1998,11,16
1998-11-17,48,Good,NO2,18,Los Angeles,California,34.1141,-118.4068,12531334.0,3267.0,America/Los_Angeles,1998,11,17
1998-11-18,76,Moderate,NO2,18,Los Angeles,California,34.1141,-118.4068,12531334.0,3267.0,America/Los_Angeles,1998,11,18
1998-11-19,88,Moderate,CO,18,Los Angeles,California,34.1141,-118.4068,12531334.0,3267.0,America/Los_Angeles,1998,11,19
1998-11-20,91,Moderate,CO,18,Los Angeles,California,34.1141,-118.4068,12531334.0,3267.0,America/Los_Angeles,1998,11,20
1998-11-21,102,Unhealthy for Sensitive Groups,NO2,18,Los Angeles,California,34.1141,-118.4068,12531334.0,3267.0,America/Los_Angeles,1998,11,21
1998-11-22,98,Moderate,NO2,18,Los Angeles,California,34.1141,-118.4068,12531334.0,3267.0,America/Los_Angeles,1998,11,22
1998-11-23,113,Unhealthy for Sensitive Groups,NO2,18,Los Angeles,California,34.1141,-118.4068,12531334.0,3267.0,America/Los_Angeles,1998,11,23
1998-11-24,86,Moderate,NO2,17,Los Angeles,California,34.1141,-118.4068,12531334.0,3267.0,America/Los_Angeles,1998,11,24
1998-11-25,105,Unhealthy for Sensitive Groups,PM2.5,17,Los Angeles,California,34.1141,-118.4068,12531334.0,3267.0,America/Los_Angeles,1998,11,25
1998-11-26,106,Unhealthy for Sensitive Groups,NO2,16,Los Angeles,California,34.1141,-118.4068,12531334.0,3267.0,America/Los_Angeles,1998,11,26
1998-11-27,100,Moderate,NO2,16,Los Angeles,California,34.1141,-118.4068,12531334.0,3267.0,America/Los_Angeles,1998,11,27
1998-11-28,43,Good,NO2,16,Los Angeles,California,34.1141,-118.4068,12531334.0,3267.0,America/Los_Angeles,1998,11,28
1998-11-29,51,Moderate,NO2,16,Los Angeles,California,34.1141,-118.4068,12531334.0,3267.0,America/Los_Angeles,1998,11,29
1998-11-30,87,Moderate,NO2,16,Los Angeles,California,34.1141,-118.4068,12531334.0,3267.0,America/Los_Angeles,1998,11,30
1998-12-01,69,Moderate,NO2,18,Los Angeles,California,34.1141,-118.4068,12531334.0,3267.0,America/Los_Angeles,1998,12,1
1998-12-02,81,Moderate,NO2,18,Los Angeles,California,34.1141,-118.4068,12531334.0,3267.0,America/Los_Angeles,1998,12,2
1998-12-03,80,Moderate,NO2,18,Los Angeles,California,34.1141,-118.4068,12531334.0,3267.0,America/Los_Angeles,1998,12,3
1998-12-04,50,Good,NO2,18,Los Angeles,California,34.1141,-118.4068,12531334.0,3267.0,America/Los_Angeles,1998,12,4
1998-12-05,72,Moderate,NO2,18,Los Angeles,California,34.1141,-118.4068,12531334.0,3267.0,America/Los_Angeles,1998,12,5
1998-12-06,47,Good,NO2,18,Los Angeles,California,34.1141,-118.4068,12531334.0,3267.0,America/Los_Angeles,1998,12,6
1998-12-07,73,Moderate,NO2,18,Los Angeles,California,34.1141,-118.4068,12531334.0,3267.0,America/Los_Angeles,1998,12,7
1998-12-08,89,Moderate,NO2,18,Los Angeles,California,34.1141,-118.4068,12531334.0,3267.0,America/Los_Angeles,1998,12,8
1998-12-09,112,Unhealthy for Sensitive Groups,NO2,18,Los Angeles,California,34.1141,-118.4068,12531334.0,3267.0,America/Los_Angeles,1998,12,9
1998-12-10,104,Unhealthy for Sensitive Groups,NO2,18,Los Angeles,California,34.1141,-118.4068,12531334.0,3267.0,America/Los_Angeles,1998,12,10
1998-12-11,93,Moderate,NO2,18,Los Angeles,California,34.1141,-118.4068,12531334.0,3267.0,America/Los_Angeles,1998,12,11
1998-12-12,109,Unhealthy for Sensitive Groups,NO2,18,Los Angeles,California,34.1141,-118.4068,12531334.0,3267.0,America/Los_Angeles,1998,12,12
1998-12-13,77,Moderate,CO,18,Los Angeles,California,34.1141,-118.4068,12531334.0,3267.0,America/Los_Angeles,1998,12,13
1998-12-14,55,Moderate,NO2,18,Los Angeles,California,34.1141,-118.4068,12531334.0,3267.0,America/Los_Angeles,1998,12,14
1998-12-15,104,Unhealthy for Sensitive Groups,CO,18,Los Angeles,California,34.1141,-118.4068,12531334.0,3267.0,America/Los_Angeles,1998,12,15
1998-12-16,116,Unhealthy for Sensitive Groups,CO,18,Los Angeles,California,34.1141,-118.4068,12531334.0,3267.0,America/Los_Angeles,1998,12,16
1998-12-17,128,Unhealthy for Sensitive Groups,CO,18,Los Angeles,California,34.1141,-118.4068,12531334.0,3267.0,America/Los_Angeles,1998,12,17
1998-12-18,59,Moderate,CO,18,Los Angeles,California,34.1141,-118.4068,12531334.0,3267.0,America/Los_Angeles,1998,12,18
1998-12-19,38,Good,NO2,18,Los Angeles,California,34.1141,-118.4068,12531334.0,3267.0,America/Los_Angeles,1998,12,19
1998-12-20,38,Good,NO2,18,Los Angeles,California,34.1141,-118.4068,12531334.0,3267.0,America/Los_Angeles,1998,12,20
1998-12-21,85,Moderate,NO2,18,Los Angeles,California,34.1141,-118.4068,12531334.0,3267.0,America/Los_Angeles,1998,12,21
1998-12-22,89,Moderate,NO2,18,Los Angeles,California,34.1141,-118.4068,12531334.0,3267.0,America/Los_Angeles,1998,12,22
1998-12-23,89,Moderate,NO2,18,Los Angeles,California,34.1141,-118.4068,12531334.0,3267.0,America/Los_Angeles,1998,12,23
1998-12-24,90,Moderate,NO2,18,Los Angeles,California,34.1141,-118.4068,12531334.0,3267.0,America/Los_Angeles,1998,12,24
1998-12-25,107,Unhealthy for Sensitive Groups,PM2.5,18,Los Angeles,California,34.1141,-118.4068,12531334.0,3267.0,America/Los_Angeles,1998,12,25
1998-12-26,104,Unhealthy for Sensitive Groups,NO2,18,Los Angeles,California,34.1141,-118.4068,12531334.0,3267.0,America/Los_Angeles,1998,12,26
1998-12-27,135,Unhealthy for Sensitive Groups,CO,18,Los Angeles,California,34.1141,-118.4068,12531334.0,3267.0,America/Los_Angeles,1998,12,27
1998-12-28,125,Unhealthy for Sensitive Groups,CO,18,Los Angeles,California,34.1141,-118.4068,12531334.0,3267.0,America/Los_Angeles,1998,12,28
1998-12-29,165,Unhealthy,CO,18,Los Angeles,California,34.1141,-118.4068,12531334.0,3267.0,America/Los_Angeles,1998,12,29
1998-12-30,114,Unhealthy for Sensitive Groups,NO2,18,Los Angeles,California,34.1141,-118.4068,12531334.0,3267.0,America/Los_Angeles,1998,12,30
1998-12-31,153,Unhealthy,PM2.5,18,Los Angeles,California,34.1141,-118.4068,12531334.0,3267.0,America/Los_Angeles,1998,12,31
1999-01-01,101,Unhealthy for Sensitive Groups,NO2,18,Los Angeles,California,34.1141,-118.4068,12531334.0,3267.0,America/Los_Angeles,1999,1,1
1999-01-02,104,Unhealthy for Sensitive Groups,NO2,18,Los Angeles,California,34.1141,-118.4068,12531334.0,3267.0,America/Los_Angeles,1999,1,2
1999-01-03,117,Unhealthy for Sensitive Groups,PM2.5,18,Los Angeles,California,34.1141,-118.4068,12531334.0,3267.0,America/Los_Angeles,1999,1,3
1999-01-04,106,Unhealthy for Sensitive Groups,NO2,18,Los Angeles,California,34.1141,-118.4068,12531334.0,3267.0,America/Los_Angeles,1999,1,4
1999-01-05,107,Unhealthy for Sensitive Groups,NO2,18,Los Angeles,California,34.1141,-118.4068,12531334.0,3267.0,America/Los_Angeles,1999,1,5
1999-01-06,157,Unhealthy,PM2.5,18,Los Angeles,California,34.1141,-118.4068,12531334.0,3267.0,America/Los_Angeles,1999,1,6
1999-01-07,157,Unhealthy,PM2.5,18,Los Angeles,California,34.1141,-118.4068,12531334.0,3267.0,America/Los_Angeles,1999,1,7
1999-01-08,128,Unhealthy for Sensitive Groups,PM2.5,18,Los Angeles,California,34.1141,-118.4068,12531334.0,3267.0,America/Los_Angeles,1999,1,8
1999-01-09,81,Moderate,NO2,18,Los Angeles,California,34.1141,-118.4068,12531334.0,3267.0,America/Los_Angeles,1999,1,9
1999-01-10,110,Unhealthy for Sensitive Groups,PM2.5,18,Los Angeles,California,34.1141,-118.4068,12531334.0,3267.0,America/Los_Angeles,1999,1,10
1999-01-11,99,Moderate,NO2,18,Los Angeles,California,34.1141,-118.4068,12531334.0,3267.0,America/Los_Angeles,1999,1,11
1999-01-12,117,Unhealthy for Sensitive Groups,PM2.5,18,Los Angeles,California,34.1141,-118.4068,12531334.0,3267.0,America/Los_Angeles,1999,1,12
1999-01-13,157,Unhealthy,PM2.5,18,Los Angeles,California,34.1141,-118.4068,12531334.0,3267.0,America/Los_Angeles,1999,1,13
1999-01-14,123,Unhealthy for Sensitive Groups,PM2.5,18,Los Angeles,California,34.1141,-118.4068,12531334.0,3267.0,America/Los_Angeles,1999,1,14
1999-01-15,121,Unhealthy for Sensitive Groups,CO,18,Los Angeles,California,34.1141,-118.4068,12531334.0,3267.0,America/Los_Angeles,1999,1,15
1999-01-16,132,Unhealthy for Sensitive Groups,PM2.5,18,Los Angeles,California,34.1141,-118.4068,12531334.0,3267.0,America/Los_Angeles,1999,1,16
1999-01-17,155,Unhealthy,PM2.5,18,Los Angeles,California,34.1141,-118.4068,12531334.0,3267.0,America/Los_Angeles,1999,1,17
1999-01-18,164,Unhealthy,PM2.5,18,Los Angeles,California,34.1141,-118.4068,12531334.0,3267.0,America/Los_Angeles,1999,1,18
1999-01-19,87,Moderate,PM2.5,18,Los Angeles,California,34.1141,-118.4068,12531334.0,3267.0,America/Los_Angeles,1999,1,19
1999-01-20,75,Moderate,PM2.5,18,Los Angeles,California,34.1141,-118.4068,12531334.0,3267.0,America/Los_Angeles,1999,1,20
1999-01-21,58,Moderate,PM2.5,18,Los Angeles,California,34.1141,-118.4068,12531334.0,3267.0,America/Los_Angeles,1999,1,21
1999-01-22,83,Moderate,PM2.5,18,Los Angeles,California,34.1141,-118.4068,12531334.0,3267.0,America/Los_Angeles,1999,1,22
1999-01-23,102,Unhealthy for Sensitive Groups,NO2,18,Los Angeles,California,34.1141,-118.4068,12531334.0,3267.0,America/Los_Angeles,1999,1,23
1999-01-24,88,Moderate,PM2.5,18,Los Angeles,California,34.1141,-118.4068,12531334.0,3267.0,America/Los_Angeles,1999,1,24
1999-01-25,54,Moderate,CO,18,Los Angeles,California,34.1141,-118.4068,12531334.0,3267.0,America/Los_Angeles,1999,1,25
1999-01-26,54,Moderate,CO,18,Los Angeles,California,34.1141,-118.4068,12531334.0,3267.0,America/Los_Angeles,1999,1,26
1999-01-27,66,Moderate,PM2.5,18,Los Angeles,California,34.1141,-118.4068,12531334.0,3267.0,America/Los_Angeles,1999,1,27
1999-01-28,83,Moderate,PM2.5,18,Los Angeles,California,34.1141,-118.4068,12531334.0,3267.0,America/Los_Angeles,1999,1,28
1999-01-29,102,Unhealthy for Sensitive Groups,PM2.5,18,Los Angeles,California,34.1141,-118.4068,12531334.0,3267.0,America/Los_Angeles,1999,1,29
1999-01-30,133,Unhealthy for Sensitive Groups,PM2.5,18,Los Angeles,California,34.1141,-118.4068,12531334.0,3267.0,America/Los_Angeles,1999,1,30
1999-01-31,69,Moderate,PM2.5,18,Los Angeles,California,34.1141,-118.4068,12531334.0,3267.0,America/Los_Angeles,1999,1,31
1999-02-01,90,Moderate,PM2.5,18,Los Angeles,California,34.1141,-118.4068,12531334.0,3267.0,America/Los_Angeles,1999,2,1
1999-02-02,80,Moderate,PM2.5,18,Los Angeles,California,34.1141,-118.4068,12531334.0,3267.0,America/Los_Angeles,1999,2,2
1999-02-03,115,Unhealthy for Sensitive Groups,PM2.5,18,Los Angeles,California,34.1141,-118.4068,12531334.0,3267.0,America/Los_Angeles,1999,2,3
1999-02-04,96,Moderate,NO2,18,Los Angeles,California,34.1141,-118.4068,12531334.0,3267.0,America/Los_Angeles,1999,2,4
1999-02-05,75,Moderate,PM2.5,18,Los Angeles,California,34.1141,-118.4068,12531334.0,3267.0,America/Los_Angeles,1999,2,5
1999-02-06,66,Moderate,PM2.5,18,Los Angeles,California,34.1141,-118.4068,12531334.0,3267.0,America/Los_Angeles,1999,2,6
1999-02-07,78,Moderate,PM2.5,18,Los Angeles,California,34.1141,-118.4068,12531334.0,3267.0,America/Los_Angeles,1999,2,7
1999-02-08,74,Moderate,PM2.5,18,Los Angeles,California,34.1141,-118.4068,12531334.0,3267.0,America/Los_Angeles,1999,2,8
1999-02-09,66,Moderate,PM2.5,18,Los Angeles,California,34.1141,-118.4068,12531334.0,3267.0,America/Los_Angeles,1999,2,9
1999-02-10,50,Good,NO2,18,Los Angeles,California,34.1141,-118.4068,12531334.0,3267.0,America/Los_Angeles,1999,2,10
1999-02-11,86,Moderate,PM2.5,18,Los Angeles,California,34.1141,-118.4068,12531334.0,3267.0,America/Los_Angeles,1999,2,11
1999-02-12,88,Moderate,NO2,18,Los Angeles,California,34.1141,-118.4068,12531334.0,3267.0,America/Los_Angeles,1999,2,12
1999-02-13,100,Moderate,PM2.5,18,Los Angeles,California,34.1141,-118.4068,12531334.0,3267.0,America/Los_Angeles,1999,2,13
1999-02-14,98,Moderate,PM2.5,18,Los Angeles,California,34.1141,-118.4068,12531334.0,3267.0,America/Los_Angeles,1999,2,14
1999-02-15,79,Moderate,PM2.5,18,Los Angeles,California,34.1141,-118.4068,12531334.0,3267.0,America/Los_Angeles,1999,2,15
1999-02-16,114,Unhealthy for Sensitive Groups,PM2.5,18,Los Angeles,California,34.1141,-118.4068,12531334.0,3267.0,America/Los_Angeles,1999,2,16
1999-02-17,154,Unhealthy,PM2.5,18,Los Angeles,California,34.1141,-118.4068,12531334.0,3267.0,America/Los_Angeles,1999,2,17
1999-02-18,155,Unhealthy,PM2.5,18,Los Angeles,California,34.1141,-118.4068,12531334.0,3267.0,America/Los_Angeles,1999,2,18
1999-02-19,119,Unhealthy for Sensitive Groups,PM2.5,18,Los Angeles,California,34.1141,-118.4068,12531334.0,3267.0,America/Los_Angeles,1999,2,19
1999-02-20,109,Unhealthy for Sensitive Groups,PM2.5,18,Los Angeles,California,34.1141,-118.4068,12531334.0,3267.0,America/Los_Angeles,1999,2,20
1999-02-21,61,Moderate,PM2.5,18,Los Angeles,California,34.1141,-118.4068,12531334.0,3267.0,America/Los_Angeles,1999,2,21
1999-02-22,64,Moderate,NO2,18,Los Angeles,California,34.1141,-118.4068,12531334.0,3267.0,America/Los_Angeles,1999,2,22
1999-02-23,87,Moderate,NO2,18,Los Angeles,California,34.1141,-118.4068,12531334.0,3267.0,America/Los_Angeles,1999,2,23
1999-02-24,103,Unhealthy for Sensitive Groups,NO2,18,Los Angeles,California,34.1141,-118.4068,12531334.0,3267.0,America/Los_Angeles,1999,2,24
1999-02-25,79,Moderate,PM2.5,18,Los Angeles,California,34.1141,-118.4068,12531334.0,3267.0,America/Los_Angeles,1999,2,25
1999-02-26,73,Moderate,PM2.5,18,Los Angeles,California,34.1141,-118.4068,12531334.0,3267.0,America/Los_Angeles,1999,2,26
1999-02-27,106,Unhealthy for Sensitive Groups,PM2.5,18,Los Angeles,California,34.1141,-118.4068,12531334.0,3267.0,America/Los_Angeles,1999,2,27
1999-02-28,111,Unhealthy for Sensitive Groups,PM2.5,18,Los Angeles,California,34.1141,-118.4068,12531334.0,3267.0,America/Los_Angeles,1999,2,28
1999-03-01,117,Unhealthy for Sensitive Groups,PM2.5,18,Los Angeles,California,34.1141,-118.4068,12531334.0,3267.0,America/Los_Angeles,1999,3,1
1999-03-02,124,Unhealthy for Sensitive Groups,PM2.5,18,Los Angeles,California,34.1141,-118.4068,12531334.0,3267.0,America/Los_Angeles,1999,3,2
1999-03-03,95,Moderate,PM2.5,18,Los Angeles,California,34.1141,-118.4068,12531334.0,3267.0,America/Los_Angeles,1999,3,3
1999-03-04,60,Moderate,PM2.5,18,Los Angeles,California,34.1141,-118.4068,12531334.0,3267.0,America/Los_Angeles,1999,3,4
1999-03-05,65,Moderate,NO2,18,Los Angeles,California,34.1141,-118.4068,12531334.0,3267.0,America/Los_Angeles,1999,3,5
1999-03-06,57,Moderate,PM2.5,18,Los Angeles,California,34.1141,-118.4068,12531334.0,3267.0,America/Los_Angeles,1999,3,6
1999-03-07,56,Moderate,PM2.5,18,Los Angeles,California,34.1141,-118.4068,12531334.0,3267.0,America/Los_Angeles,1999,3,7
1999-03-08,61,Moderate,NO2,18,Los Angeles,California,34.1141,-118.4068,12531334.0,3267.0,America/Los_Angeles,1999,3,8
1999-03-09,52,Moderate,NO2,18,Los Angeles,California,34.1141,-118.4068,12531334.0,3267.0,America/Los_Angeles,1999,3,9
1999-03-10,56,Moderate,PM2.5,18,Los Angeles,California,34.1141,-118.4068,12531334.0,3267.0,America/Los_Angeles,1999,3,10
1999-03-11,55,Moderate,NO2,18,Los Angeles,California,34.1141,-118.4068,12531334.0,3267.0,America/Los_Angeles,1999,3,11
1999-03-12,77,Moderate,NO2,18,Los Angeles,California,34.1141,-118.4068,12531334.0,3267.0,America/Los_Angeles,1999,3,12
1999-03-13,103,Unhealthy for Sensitive Groups,PM2.5,18,Los Angeles,California,34.1141,-118.4068,12531334.0,3267.0,America/Los_Angeles,1999,3,13
1999-03-14,74,Moderate,Ozone,18,Los Angeles,California,34.1141,-118.4068,12531334.0,3267.0,America/Los_Angeles,1999,3,14
1999-03-15,51,Moderate,NO2,18,Los Angeles,California,34.1141,-118.4068,12531334.0,3267.0,America/Los_Angeles,1999,3,15
1999-03-16,68,Moderate,PM2.5,18,Los Angeles,California,34.1141,-118.4068,12531334.0,3267.0,America/Los_Angeles,1999,3,16
1999-03-17,50,Good,NO2,18,Los Angeles,California,34.1141,-118.4068,12531334.0,3267.0,America/Los_Angeles,1999,3,17
1999-03-18,55,Moderate,NO2,18,Los Angeles,California,34.1141,-118.4068,12531334.0,3267.0,America/Los_Angeles,1999,3,18
1999-03-19,76,Moderate,PM2.5,18,Los Angeles,California,34.1141,-118.4068,12531334.0,3267.0,America/Los_Angeles,1999,3,19
1999-03-20,58,Moderate,NO2,18,Los Angeles,California,34.1141,-118.4068,12531334.0,3267.0,America/Los_Angeles,1999,3,20
1999-03-21,58,Moderate,NO2,18,Los Angeles,California,34.1141,-118.4068,12531334.0,3267.0,America/Los_Angeles,1999,3,21
1999-03-22,66,Moderate,PM2.5,18,Los Angeles,California,34.1141,-118.4068,12531334.0,3267.0,America/Los_Angeles,1999,3,22
1999-03-23,58,Moderate,NO2,18,Los Angeles,California,34.1141,-118.4068,12531334.0,3267.0,America/Los_Angeles,1999,3,23
1999-03-24,58,Moderate,NO2,18,Los Angeles,California,34.1141,-118.4068,12531334.0,3267.0,America/Los_Angeles,1999,3,24
1999-03-25,100,Moderate,PM2.5,18,Los Angeles,California,34.1141,-118.4068,12531334.0,3267.0,America/Los_Angeles,1999,3,25
1999-03-26,64,Moderate,NO2,18,Los Angeles,California,34.1141,-118.4068,12531334.0,3267.0,America/Los_Angeles,1999,3,26
1999-03-27,54,Moderate,NO2,18,Los Angeles,California,34.1141,-118.4068,12531334.0,3267.0,America/Los_Angeles,1999,3,27
1999-03-28,94,Moderate,PM2.5,18,Los Angeles,California,34.1141,-118.4068,12531334.0,3267.0,America/Los_Angeles,1999,3,28
1999-03-29,98,Moderate,NO2,18,Los Angeles,California,34.1141,-118.4068,12531334.0,3267.0,America/Los_Angeles,1999,3,29
1999-03-30,56,Moderate,NO2,18,Los Angeles,California,34.1141,-118.4068,12531334.0,3267.0,America/Los_Angeles,1999,3,30
1999-03-31,51,Moderate,PM2.5,18,Los Angeles,California,34.1141,-118.4068,12531334.0,3267.0,America/Los_Angeles,1999,3,31
1999-04-01,55,Moderate,NO2,18,Los Angeles,California,34.1141,-118.4068,12531334.0,3267.0,America/Los_Angeles,1999,4,1
1999-04-02,61,Moderate,NO2,18,Los Angeles,California,34.1141,-118.4068,12531334.0,3267.0,America/Los_Angeles,1999,4,2
1999-04-03,54,Moderate,PM2.5,18,Los Angeles,California,34.1141,-118.4068,12531334.0,3267.0,America/Los_Angeles,1999,4,3
1999-04-04,48,Good,NO2,18,Los Angeles,California,34.1141,-118.4068,12531334.0,3267.0,America/Los_Angeles,1999,4,4
1999-04-05,50,Good,NO2,18,Los Angeles,California,34.1141,-118.4068,12531334.0,3267.0,America/Los_Angeles,1999,4,5
1999-04-06,56,Moderate,PM2.5,18,Los Angeles,California,34.1141,-118.4068,12531334.0,3267.0,America/Los_Angeles,1999,4,6
1999-04-07,48,Good,NO2,18,Los Angeles,California,34.1141,-118.4068,12531334.0,3267.0,America/Los_Angeles,1999,4,7
1999-04-08,44,Good,Ozone,18,Los Angeles,California,34.1141,-118.4068,12531334.0,3267.0,America/Los_Angeles,1999,4,8
1999-04-09,46,Good,NO2,18,Los Angeles,California,34.1141,-118.4068,12531334.0,3267.0,America/Los_Angeles,1999,4,9
1999-04-10,61,Moderate,NO2,18,Los Angeles,California,34.1141,-118.4068,12531334.0,3267.0,America/Los_Angeles,1999,4,10
1999-04-11,53,Moderate,NO2,18,Los Angeles,California,34.1141,-118.4068,12531334.0,3267.0,America/Los_Angeles,1999,4,11
1999-04-12,51,Moderate,NO2,18,Los Angeles,California,34.1141,-118.4068,12531334.0,3267.0,America/Los_Angeles,1999,4,12
1999-04-13,64,Moderate,NO2,18,Los Angeles,California,34.1141,-118.4068,12531334.0,3267.0,America/Los_Angeles,1999,4,13
1999-04-14,105,Unhealthy for Sensitive Groups,NO2,18,Los Angeles,California,34.1141,-118.4068,12531334.0,3267.0,America/Los_Angeles,1999,4,14
1999-04-15,155,Unhealthy,PM2.5,18,Los Angeles,California,34.1141,-118.4068,12531334.0,3267.0,America/Los_Angeles,1999,4,15
1999-04-16,95,Moderate,NO2,18,Los Angeles,California,34.1141,-118.4068,12531334.0,3267.0,America/Los_Angeles,1999,4,16
1999-04-17,140,Unhealthy for Sensitive Groups,Ozone,18,Los Angeles,California,34.1141,-118.4068,12531334.0,3267.0,America/Los_Angeles,1999,4,17
1999-04-18,203,Very Unhealthy,Ozone,18,Los Angeles,California,34.1141,-118.4068,12531334.0,3267.0,America/Los_Angeles,1999,4,18
1999-04-19,154,Unhealthy,Ozone,18,Los Angeles,California,34.1141,-118.4068,12531334.0,3267.0,America/Los_Angeles,1999,4,19
1999-04-20,122,Unhealthy for Sensitive Groups,Ozone,18,Los Angeles,California,34.1141,-118.4068,12531334.0,3267.0,America/Los_Angeles,1999,4,20
1999-04-21,73,Moderate,PM2.5,18,Los Angeles,California,34.1141,-118.4068,12531334.0,3267.0,America/Los_Angeles,1999,4,21
1999-04-22,53,Moderate,NO2,18,Los Angeles,California,34.1141,-118.4068,12531334.0,3267.0,America/Los_Angeles,1999,4,22
1999-04-23,52,Moderate,NO2,18,Los Angeles,California,34.1141,-118.4068,12531334.0,3267.0,America/Los_Angeles,1999,4,23
1999-04-24,68,Moderate,PM2.5,18,Los Angeles,California,34.1141,-118.4068,12531334.0,3267.0,America/Los_Angeles,1999,4,24
1999-04-25,54,Moderate,Ozone,18,Los Angeles,California,34.1141,-118.4068,12531334.0,3267.0,America/Los_Angeles,1999,4,25
1999-04-26,65,Moderate,NO2,18,Los Angeles,California,34.1141,-118.4068,12531334.0,3267.0,America/Los_Angeles,1999,4,26
1999-04-27,90,Moderate,PM2.5,18,Los Angeles,California,34.1141,-118.4068,12531334.0,3267.0,America/Los_Angeles,1999,4,27
1999-04-28,58,Moderate,PM10,18,Los Angeles,California,34.1141,-118.4068,12531334.0,3267.0,America/Los_Angeles,1999,4,28
1999-04-29,47,Good,NO2,18,Los Angeles,California,34.1141,-118.4068,12531334.0,3267.0,America/Los_Angeles,1999,4,29
1999-04-30,63,Moderate,PM2.5,18,Los Angeles,California,34.1141,-118.4068,12531334.0,3267.0,America/Los_Angeles,1999,4,30
1999-05-01,52,Moderate,NO2,18,Los Angeles,California,34.1141,-118.4068,12531334.0,3267.0,America/Los_Angeles,1999,5,1
1999-05-02,48,Good,Ozone,18,Los Angeles,California,34.1141,-118.4068,12531334.0,3267.0,America/Los_Angeles,1999,5,2
1999-05-03,60,Moderate,PM2.5,18,Los Angeles,California,34.1141,-118.4068,12531334.0,3267.0,America/Los_Angeles,1999,5,3
1999-05-04,66,Moderate,NO2,18,Los Angeles,California,34.1141,-118.4068,12531334.0,3267.0,America/Los_Angeles,1999,5,4
1999-05-05,81,Moderate,NO2,18,Los Angeles,California,34.1141,-118.4068,12531334.0,3267.0,America/Los_Angeles,1999,5,5
1999-05-06,112,Unhealthy for Sensitive Groups,Ozone,18,Los Angeles,California,34.1141,-118.4068,12531334.0,3267.0,America/Los_Angeles,1999,5,6
1999-05-07,86,Moderate,NO2,18,Los Angeles,California,34.1141,-118.4068,12531334.0,3267.0,America/Los_Angeles,1999,5,7
1999-05-08,140,Unhealthy for Sensitive Groups,Ozone,18,Los Angeles,California,34.1141,-118.4068,12531334.0,3267.0,America/Los_Angeles,1999,5,8
1999-05-09,90,Moderate,Ozone,18,Los Angeles,California,34.1141,-118.4068,12531334.0,3267.0,America/Los_Angeles,1999,5,9
1999-05-10,80,Moderate,Ozone,18,Los Angeles,California,34.1141,-118.4068,12531334.0,3267.0,America/Los_Angeles,1999,5,10
1999-05-11,62,Moderate,NO2,18,Los Angeles,California,34.1141,-118.4068,12531334.0,3267.0,America/Los_Angeles,1999,5,11
1999-05-12,108,Unhealthy for Sensitive Groups,Ozone,18,Los Angeles,California,34.1141,-118.4068,12531334.0,3267.0,America/Los_Angeles,1999,5,12
1999-05-13,74,Moderate,Ozone,18,Los Angeles,California,34.1141,-118.4068,12531334.0,3267.0,America/Los_Angeles,1999,5,13
1999-05-14,67,Moderate,Ozone,18,Los Angeles,California,34.1141,-118.4068,12531334.0,3267.0,America/Los_Angeles,1999,5,14
1999-05-15,84,Moderate,Ozone,18,Los Angeles,California,34.1141,-118.4068,12531334.0,3267.0,America/Los_Angeles,1999,5,15
1999-05-16,84,Moderate,Ozone,18,Los Angeles,California,34.1141,-118.4068,12531334.0,3267.0,America/Los_Angeles,1999,5,16
1999-05-17,122,Unhealthy for Sensitive Groups,Ozone,18,Los Angeles,California,34.1141,-118.4068,12531334.0,3267.0,America/Los_Angeles,1999,5,17
1999-05-18,95,Moderate,NO2,18,Los Angeles,California,34.1141,-118.4068,12531334.0,3267.0,America/Los_Angeles,1999,5,18
1999-05-19,50,Good,NO2,18,Los Angeles,California,34.1141,-118.4068,12531334.0,3267.0,America/Los_Angeles,1999,5,19
1999-05-20,52,Moderate,NO2,18,Los Angeles,California,34.1141,-118.4068,12531334.0,3267.0,America/Los_Angeles,1999,5,20
1999-05-21,60,Moderate,PM2.5,18,Los Angeles,California,34.1141,-118.4068,12531334.0,3267.0,America/Los_Angeles,1999,5,21
1999-05-22,50,Good,Ozone,18,Los Angeles,California,34.1141,-118.4068,12531334.0,3267.0,America/Los_Angeles,1999,5,22
1999-05-23,55,Moderate,NO2,18,Los Angeles,California,34.1141,-118.4068,12531334.0,3267.0,America/Los_Angeles,1999,5,23
1999-05-24,90,Moderate,NO2,18,Los Angeles,California,34.1141,-118.4068,12531334.0,3267.0,America/Los_Angeles,1999,5,24
1999-05-25,77,Moderate,Ozone,18,Los Angeles,California,34.1141,-118.4068,12531334.0,3267.0,America/Los_Angeles,1999,5,25
1999-05-26,115,Unhealthy for Sensitive Groups,Ozone,18,Los Angeles,California,34.1141,-118.4068,12531334.0,3267.0,America/Los_Angeles,1999,5,26
1999-05-27,108,Unhealthy for Sensitive Groups,Ozone,18,Los Angeles,California,34.1141,-118.4068,12531334.0,3267.0,America/Los_Angeles,1999,5,27
1999-05-28,100,Moderate,Ozone,18,Los Angeles,California,34.1141,-118.4068,12531334.0,3267.0,America/Los_Angeles,1999,5,28
1999-05-29,61,Moderate,Ozone,18,Los Angeles,California,34.1141,-118.4068,12531334.0,3267.0,America/Los_Angeles,1999,5,29
1999-05-30,54,Moderate,PM2.5,18,Los Angeles,California,34.1141,-118.4068,12531334.0,3267.0,America/Los_Angeles,1999,5,30
1999-05-31,64,Moderate,Ozone,18,Los Angeles,California,34.1141,-118.4068,12531334.0,3267.0,America/Los_Angeles,1999,5,31
1999-06-01,93,Moderate,NO2,18,Los Angeles,California,34.1141,-118.4068,12531334.0,3267.0,America/Los_Angeles,1999,6,1
1999-06-02,55,Moderate,NO2,18,Los Angeles,California,34.1141,-118.4068,12531334.0,3267.0,America/Los_Angeles,1999,6,2
1999-06-03,38,Good,Ozone,17,Los Angeles,California,34.1141,-118.4068,12531334.0,3267.0,America/Los_Angeles,1999,6,3
1999-06-04,42,Good,NO2,17,Los Angeles,California,34.1141,-118.4068,12531334.0,3267.0,America/Los_Angeles,1999,6,4
1999-06-05,66,Moderate,PM10,17,Los Angeles,California,34.1141,-118.4068,12531334.0,3267.0,America/Los_Angeles,1999,6,5
1999-06-06,129,Unhealthy for Sensitive Groups,Ozone,17,Los Angeles,California,34.1141,-118.4068,12531334.0,3267.0,America/Los_Angeles,1999,6,6
1999-06-07,67,Moderate,Ozone,17,Los Angeles,California,34.1141,-118.4068,12531334.0,3267.0,America/Los_Angeles,1999,6,7
1999-06-08,72,Moderate,PM2.5,17,Los Angeles,California,34.1141,-118.4068,12531334.0,3267.0,America/Los_Angeles,1999,6,8
1999-06-09,74,Moderate,Ozone,17,Los Angeles,California,34.1141,-118.4068,12531334.0,3267.0,America/Los_Angeles,1999,6,9
1999-06-10,74,Moderate,Ozone,17,Los Angeles,California,34.1141,-118.4068,12531334.0,3267.0,America/Los_Angeles,1999,6,10
1999-06-11,84,Moderate,PM2.5,17,Los Angeles,California,34.1141,-118.4068,12531334.0,3267.0,America/Los_Angeles,1999,6,11
1999-06-12,172,Unhealthy,Ozone,17,Los Angeles,California,34.1141,-118.4068,12531334.0,3267.0,America/Los_Angeles,1999,6,12
1999-06-13,172,Unhealthy,Ozone,17,Los Angeles,California,34.1141,-118.4068,12531334.0,3267.0,America/Los_Angeles,1999,6,13
1999-06-14,161,Unhealthy,Ozone,17,Los Angeles,California,34.1141,-118.4068,12531334.0,3267.0,America/Los_Angeles,1999,6,14
1999-06-15,151,Unhealthy,Ozone,17,Los Angeles,California,34.1141,-118.4068,12531334.0,3267.0,America/Los_Angeles,1999,6,15
1999-06-16,115,Unhealthy for Sensitive Groups,Ozone,17,Los Angeles,California,34.1141,-118.4068,12531334.0,3267.0,America/Los_Angeles,1999,6,16
1999-06-17,122,Unhealthy for Sensitive Groups,Ozone,18,Los Angeles,California,34.1141,-118.4068,12531334.0,3267.0,America/Los_Angeles,1999,6,17
1999-06-18,126,Unhealthy for Sensitive Groups,Ozone,17,Los Angeles,California,34.1141,-118.4068,12531334.0,3267.0,America/Los_Angeles,1999,6,18
1999-06-19,156,Unhealthy,Ozone,17,Los Angeles,California,34.1141,-118.4068,12531334.0,3267.0,America/Los_Angeles,1999,6,19
1999-06-20,174,Unhealthy,Ozone,18,Los Angeles,California,34.1141,-118.4068,12531334.0,3267.0,America/Los_Angeles,1999,6,20
1999-06-21,74,Moderate,Ozone,17,Los Angeles,California,34.1141,-118.4068,12531334.0,3267.0,America/Los_Angeles,1999,6,21
1999-06-22,84,Moderate,Ozone,17,Los Angeles,California,34.1141,-118.4068,12531334.0,3267.0,America/Los_Angeles,1999,6,22
1999-06-23,84,Moderate,NO2,18,Los Angeles,California,34.1141,-118.4068,12531334.0,3267.0,America/Los_Angeles,1999,6,23
1999-06-24,99,Moderate,NO2,17,Los Angeles,California,34.1141,-118.4068,12531334.0,3267.0,America/Los_Angeles,1999,6,24
1999-06-25,77,Moderate,Ozone,17,Los Angeles,California,34.1141,-118.4068,12531334.0,3267.0,America/Los_Angeles,1999,6,25
1999-06-26,97,Moderate,Ozone,18,Los Angeles,California,34.1141,-118.4068,12531334.0,3267.0,America/Los_Angeles,1999,6,26
1999-06-27,147,Unhealthy for Sensitive Groups,Ozone,17,Los Angeles,California,34.1141,-118.4068,12531334.0,3267.0,America/Los_Angeles,1999,6,27
1999-06-28,115,Unhealthy for Sensitive Groups,Ozone,17,Los Angeles,California,34.1141,-118.4068,12531334.0,3267.0,America/Los_Angeles,1999,6,28
1999-06-29,164,Unhealthy,Ozone,18,Los Angeles,California,34.1141,-118.4068,12531334.0,3267.0,America/Los_Angeles,1999,6,29
1999-06-30,147,Unhealthy for Sensitive Groups,Ozone,17,Los Angeles,California,34.1141,-118.4068,12531334.0,3267.0,America/Los_Angeles,1999,6,30
1999-07-01,108,Unhealthy for Sensitive Groups,Ozone,17,Los Angeles,California,34.1141,-118.4068,12531334.0,3267.0,America/Los_Angeles,1999,7,1
1999-07-02,61,Moderate,PM2.5,18,Los Angeles,California,34.1141,-118.4068,12531334.0,3267.0,America/Los_Angeles,1999,7,2
1999-07-03,52,Moderate,NO2,17,Los Angeles,California,34.1141,-118.4068,12531334.0,3267.0,America/Los_Angeles,1999,7,3
1999-07-04,140,Unhealthy for Sensitive Groups,Ozone,17,Los Angeles,California,34.1141,-118.4068,12531334.0,3267.0,America/Los_Angeles,1999,7,4
1999-07-05,179,Unhealthy,Ozone,18,Los Angeles,California,34.1141,-118.4068,12531334.0,3267.0,America/Los_Angeles,1999,7,5
1999-07-06,86,Moderate,NO2,17,Los Angeles,California,34.1141,-118.4068,12531334.0,3267.0,America/Los_Angeles,1999,7,6
1999-07-07,74,Moderate,Ozone,17,Los Angeles,California,34.1141,-118.4068,12531334.0,3267.0,America/Los_Angeles,1999,7,7
1999-07-08,79,Moderate,NO2,18,Los Angeles,California,34.1141,-118.4068,12531334.0,3267.0,America/Los_Angeles,1999,7,8
1999-07-09,95,Moderate,NO2,17,Los Angeles,California,34.1141,-118.4068,12531334.0,3267.0,America/Los_Angeles,1999,7,9
1999-07-10,156,Unhealthy,Ozone,17,Los Angeles,California,34.1141,-118.4068,12531334.0,3267.0,America/Los_Angeles,1999,7,10
1999-07-11,195,Unhealthy,Ozone,18,Los Angeles,California,34.1141,-118.4068,12531334.0,3267.0,America/Los_Angeles,1999,7,11
1999-07-12,101,Unhealthy for Sensitive Groups,NO2,17,Los Angeles,California,34.1141,-118.4068,12531334.0,3267.0,America/Los_Angeles,1999,7,12
1999-07-13,133,Unhealthy for Sensitive Groups,Ozone,17,Los Angeles,California,34.1141,-118.4068,12531334.0,3267.0,America/Los_Angeles,1999,7,13
1999-07-14,108,Unhealthy for Sensitive Groups,Ozone,18,Los Angeles,California,34.1141,-118.4068,12531334.0,3267.0,America/Los_Angeles,1999,7,14
1999-07-15,68,Moderate,NO2,17,Los Angeles,California,34.1141,-118.4068,12531334.0,3267.0,America/Los_Angeles,1999,7,15
1999-07-16,70,Moderate,NO2,17,Los Angeles,California,34.1141,-118.4068,12531334.0,3267.0,America/Los_Angeles,1999,7,16
1999-07-17,100,Moderate,Ozone,18,Los Angeles,California,34.1141,-118.4068,12531334.0,3267.0,America/Los_Angeles,1999,7,17
1999-07-18,115,Unhealthy for Sensitive Groups,Ozone,17,Los Angeles,California,34.1141,-118.4068,12531334.0,3267.0,America/Los_Angeles,1999,7,18
1999-07-19,68,Moderate,NO2,17,Los Angeles,California,34.1141,-118.4068,12531334.0,3267.0,America/Los_Angeles,1999,7,19
1999-07-20,78,Moderate,NO2,18,Los Angeles,California,34.1141,-118.4068,12531334.0,3267.0,America/Los_Angeles,1999,7,20
1999-07-21,78,Moderate,NO2,17,Los Angeles,California,34.1141,-118.4068,12531334.0,3267.0,America/Los_Angeles,1999,7,21
1999-07-22,83,Moderate,NO2,17,Los Angeles,California,34.1141,-118.4068,12531334.0,3267.0,America/Los_Angeles,1999,7,22
1999-07-23,103,Unhealthy for Sensitive Groups,NO2,18,Los Angeles,California,34.1141,-118.4068,12531334.0,3267.0,America/Los_Angeles,1999,7,23
1999-07-24,126,Unhealthy for Sensitive Groups,Ozone,17,Los Angeles,California,34.1141,-118.4068,12531334.0,3267.0,America/Los_Angeles,1999,7,24
1999-07-25,119,Unhealthy for Sensitive Groups,Ozone,17,Los Angeles,California,34.1141,-118.4068,12531334.0,3267.0,America/Los_Angeles,1999,7,25
1999-07-26,74,Moderate,Ozone,18,Los Angeles,California,34.1141,-118.4068,12531334.0,3267.0,America/Los_Angeles,1999,7,26
1999-07-27,68,Moderate,NO2,17,Los Angeles,California,34.1141,-118.4068,12531334.0,3267.0,America/Los_Angeles,1999,7,27
1999-07-28,84,Moderate,Ozone,17,Los Angeles,California,34.1141,-118.4068,12531334.0,3267.0,America/Los_Angeles,1999,7,28
1999-07-29,115,Unhealthy for Sensitive Groups,Ozone,18,Los Angeles,California,34.1141,-118.4068,12531334.0,3267.0,America/Los_Angeles,1999,7,29
1999-07-30,119,Unhealthy for Sensitive Groups,Ozone,17,Los Angeles,California,34.1141,-118.4068,12531334.0,3267.0,America/Los_Angeles,1999,7,30
1999-07-31,147,Unhealthy for Sensitive Groups,Ozone,17,Los Angeles,California,34.1141,-118.4068,12531334.0,3267.0,America/Los_Angeles,1999,7,31
1999-08-01,182,Unhealthy,Ozone,18,Los Angeles,California,34.1141,-118.4068,12531334.0,3267.0,America/Los_Angeles,1999,8,1
1999-08-02,136,Unhealthy for Sensitive Groups,Ozone,17,Los Angeles,California,34.1141,-118.4068,12531334.0,3267.0,America/Los_Angeles,1999,8,2
1999-08-03,122,Unhealthy for Sensitive Groups,Ozone,17,Los Angeles,California,34.1141,-118.4068,12531334.0,3267.0,America/Los_Angeles,1999,8,3
1999-08-04,122,Unhealthy for Sensitive Groups,Ozone,18,Los Angeles,California,34.1141,-118.4068,12531334.0,3267.0,America/Los_Angeles,1999,8,4
1999-08-05,79,Moderate,NO2,17,Los Angeles,California,34.1141,-118.4068,12531334.0,3267.0,America/Los_Angeles,1999,8,5
1999-08-06,79,Moderate,NO2,17,Los Angeles,California,34.1141,-118.4068,12531334.0,3267.0,America/Los_Angeles,1999,8,6
1999-08-07,79,Moderate,NO2,18,Los Angeles,California,34.1141,-118.4068,12531334.0,3267.0,America/Los_Angeles,1999,8,7
1999-08-08,79,Moderate,NO2,17,Los Angeles,California,34.1141,-118.4068,12531334.0,3267.0,America/Los_Angeles,1999,8,8
1999-08-09,79,Moderate,NO2,17,Los Angeles,California,34.1141,-118.4068,12531334.0,3267.0,America/Los_Angeles,1999,8,9
1999-08-10,79,Moderate,NO2,18,Los Angeles,California,34.1141,-118.4068,12531334.0,3267.0,America/Los_Angeles,1999,8,10
1999-08-11,79,Moderate,NO2,17,Los Angeles,California,34.1141,-118.4068,12531334.0,3267.0,America/Los_Angeles,1999,8,11
1999-08-12,100,Moderate,Ozone,17,Los Angeles,California,34.1141,-118.4068,12531334.0,3267.0,America/Los_Angeles,1999,8,12
1999-08-13,126,Unhealthy for Sensitive Groups,Ozone,18,Los Angeles,California,34.1141,-118.4068,12531334.0,3267.0,America/Los_Angeles,1999,8,13
1999-08-14,129,Unhealthy for Sensitive Groups,Ozone,17,Los Angeles,California,34.1141,-118.4068,12531334.0,3267.0,America/Los_Angeles,1999,8,14
1999-08-15,151,Unhealthy,Ozone,17,Los Angeles,California,34.1141,-118.4068,12531334.0,3267.0,America/Los_Angeles,1999,8,15
1999-08-16,103,Unhealthy for Sensitive Groups,NO2,18,Los Angeles,California,34.1141,-118.4068,12531334.0,3267.0,America/Los_Angeles,1999,8,16
1999-08-17,108,Unhealthy for Sensitive Groups,NO2,17,Los Angeles,California,34.1141,-118.4068,12531334.0,3267.0,America/Los_Angeles,1999,8,17
1999-08-18,101,Unhealthy for Sensitive Groups,NO2,17,Los Angeles,California,34.1141,-118.4068,12531334.0,3267.0,America/Los_Angeles,1999,8,18
1999-08-19,104,Unhealthy for Sensitive Groups,NO2,18,Los Angeles,California,34.1141,-118.4068,12531334.0,3267.0,America/Los_Angeles,1999,8,19
1999-08-20,102,Unhealthy for Sensitive Groups,NO2,17,Los Angeles,California,34.1141,-118.4068,12531334.0,3267.0,America/Los_Angeles,1999,8,20
1999-08-21,192,Unhealthy,Ozone,17,Los Angeles,California,34.1141,-118.4068,12531334.0,3267.0,America/Los_Angeles,1999,8,21
1999-08-22,195,Unhealthy,Ozone,18,Los Angeles,California,34.1141,-118.4068,12531334.0,3267.0,America/Los_Angeles,1999,8,22
1999-08-23,108,Unhealthy for Sensitive Groups,NO2,17,Los Angeles,California,34.1141,-118.4068,12531334.0,3267.0,America/Los_Angeles,1999,8,23
1999-08-24,106,Unhealthy for Sensitive Groups,NO2,17,Los Angeles,California,34.1141,-118.4068,12531334.0,3267.0,America/Los_Angeles,1999,8,24
1999-08-25,108,Unhealthy for Sensitive Groups,NO2,18,Los Angeles,California,34.1141,-118.4068,12531334.0,3267.0,America/Los_Angeles,1999,8,25
1999-08-26,109,Unhealthy for Sensitive Groups,NO2,17,Los Angeles,California,34.1141,-118.4068,12531334.0,3267.0,America/Los_Angeles,1999,8,26
1999-08-27,119,Unhealthy for Sensitive Groups,Ozone,17,Los Angeles,California,34.1141,-118.4068,12531334.0,3267.0,America/Los_Angeles,1999,8,27
1999-08-28,174,Unhealthy,Ozone,18,Los Angeles,California,34.1141,-118.4068,12531334.0,3267.0,America/Los_Angeles,1999,8,28
1999-08-29,182,Unhealthy,Ozone,17,Los Angeles,California,34.1141,-118.4068,12531334.0,3267.0,America/Los_Angeles,1999,8,29
1999-08-30,136,Unhealthy for Sensitive Groups,Ozone,17,Los Angeles,California,34.1141,-118.4068,12531334.0,3267.0,America/Los_Angeles,1999,8,30
1999-08-31,122,Unhealthy for Sensitive Groups,PM2.5,18,Los Angeles,California,34.1141,-118.4068,12531334.0,3267.0,America/Los_Angeles,1999,8,31
1999-09-01,43,Good,NO2,17,Los Angeles,California,34.1141,-118.4068,12531334.0,3267.0,America/Los_Angeles,1999,9,1
1999-09-02,48,Good,NO2,17,Los Angeles,California,34.1141,-118.4068,12531334.0,3267.0,America/Los_Angeles,1999,9,2
1999-09-03,69,Moderate,PM2.5,18,Los Angeles,California,34.1141,-118.4068,12531334.0,3267.0,America/Los_Angeles,1999,9,3
1999-09-04,80,Moderate,Ozone,17,Los Angeles,California,34.1141,-118.4068,12531334.0,3267.0,America/Los_Angeles,1999,9,4
1999-09-05,105,Unhealthy for Sensitive Groups,Ozone,17,Los Angeles,California,34.1141,-118.4068,12531334.0,3267.0,America/Los_Angeles,1999,9,5
1999-09-06,151,Unhealthy,Ozone,18,Los Angeles,California,34.1141,-118.4068,12531334.0,3267.0,America/Los_Angeles,1999,9,6
1999-09-07,105,Unhealthy for Sensitive Groups,Ozone,17,Los Angeles,California,34.1141,-118.4068,12531334.0,3267.0,America/Los_Angeles,1999,9,7
1999-09-08,105,Unhealthy for Sensitive Groups,NO2,17,Los Angeles,California,34.1141,-118.4068,12531334.0,3267.0,America/Los_Angeles,1999,9,8
1999-09-09,101,Unhealthy for Sensitive Groups,NO2,18,Los Angeles,California,34.1141,-118.4068,12531334.0,3267.0,America/Los_Angeles,1999,9,9
1999-09-10,97,Moderate,NO2,17,Los Angeles,California,34.1141,-118.4068,12531334.0,3267.0,America/Los_Angeles,1999,9,10
1999-09-11,97,Moderate,NO2,17,Los Angeles,California,34.1141,-118.4068,12531334.0,3267.0,America/Los_Angeles,1999,9,11
1999-09-12,97,Moderate,NO2,18,Los Angeles,California,34.1141,-118.4068,12531334.0,3267.0,America/Los_Angeles,1999,9,12
1999-09-13,101,Unhealthy for Sensitive Groups,NO2,17,Los Angeles,California,34.1141,-118.4068,12531334.0,3267.0,America/Los_Angeles,1999,9,13
1999-09-14,102,Unhealthy for Sensitive Groups,NO2,17,Los Angeles,California,34.1141,-118.4068,12531334.0,3267.0,America/Los_Angeles,1999,9,14
1999-09-15,138,Unhealthy for Sensitive Groups,PM2.5,19,Los Angeles,California,34.1141,-118.4068,12531334.0,3267.0,America/Los_Angeles,1999,9,15
1999-09-16,84,Moderate,Ozone,17,Los Angeles,California,34.1141,-118.4068,12531334.0,3267.0,America/Los_Angeles,1999,9,16
1999-09-17,77,Moderate,Ozone,17,Los Angeles,California,34.1141,-118.4068,12531334.0,3267.0,America/Los_Angeles,1999,9,17
1999-09-18,152,Unhealthy,PM2.5,19,Los Angeles,California,34.1141,-118.4068,12531334.0,3267.0,America/Los_Angeles,1999,9,18
1999-09-19,108,Unhealthy for Sensitive Groups,Ozone,17,Los Angeles,California,34.1141,-118.4068,12531334.0,3267.0,America/Los_Angeles,1999,9,19
1999-09-20,103,Unhealthy for Sensitive Groups,NO2,17,Los Angeles,California,34.1141,-118.4068,12531334.0,3267.0,America/Los_Angeles,1999,9,20
1999-09-21,111,Unhealthy for Sensitive Groups,NO2,18,Los Angeles,California,34.1141,-118.4068,12531334.0,3267.0,America/Los_Angeles,1999,9,21
1999-09-22,101,Unhealthy for Sensitive Groups,NO2,17,Los Angeles,California,34.1141,-118.4068,12531334.0,3267.0,America/Los_Angeles,1999,9,22
1999-09-23,71,Moderate,NO2,17,Los Angeles,California,34.1141,-118.4068,12531334.0,3267.0,America/Los_Angeles,1999,9,23
1999-09-24,125,Unhealthy for Sensitive Groups,PM2.5,19,Los Angeles,California,34.1141,-118.4068,12531334.0,3267.0,America/Los_Angeles,1999,9,24
1999-09-25,84,Moderate,NO2,17,Los Angeles,California,34.1141,-118.4068,12531334.0,3267.0,America/Los_Angeles,1999,9,25
1999-09-26,101,Unhealthy for Sensitive Groups,Ozone,17,Los Angeles,California,34.1141,-118.4068,12531334.0,3267.0,America/Los_Angeles,1999,9,26
1999-09-27,119,Unhealthy for Sensitive Groups,PM2.5,19,Los Angeles,California,34.1141,-118.4068,12531334.0,3267.0,America/Los_Angeles,1999,9,27
1999-09-28,105,Unhealthy for Sensitive Groups,NO2,17,Los Angeles,California,34.1141,-118.4068,12531334.0,3267.0,America/Los_Angeles,1999,9,28
1999-09-29,107,Unhealthy for Sensitive Groups,NO2,17,Los Angeles,California,34.1141,-118.4068,12531334.0,3267.0,America/Los_Angeles,1999,9,29
1999-09-30,105,Unhealthy for Sensitive Groups,NO2,19,Los Angeles,California,34.1141,-118.4068,12531334.0,3267.0,America/Los_Angeles,1999,9,30
1999-10-01,102,Unhealthy for Sensitive Groups,NO2,17,Los Angeles,California,34.1141,-118.4068,12531334.0,3267.0,America/Los_Angeles,1999,10,1
1999-10-02,84,Moderate,Ozone,17,Los Angeles,California,34.1141,-118.4068,12531334.0,3267.0,America/Los_Angeles,1999,10,2
1999-10-03,121,Unhealthy for Sensitive Groups,PM2.5,19,Los Angeles,California,34.1141,-118.4068,12531334.0,3267.0,America/Los_Angeles,1999,10,3
1999-10-04,104,Unhealthy for Sensitive Groups,NO2,17,Los Angeles,California,34.1141,-118.4068,12531334.0,3267.0,America/Los_Angeles,1999,10,4
1999-10-05,104,Unhealthy for Sensitive Groups,NO2,17,Los Angeles,California,34.1141,-118.4068,12531334.0,3267.0,America/Los_Angeles,1999,10,5
1999-10-06,83,Moderate,PM10,19,Los Angeles,California,34.1141,-118.4068,12531334.0,3267.0,America/Los_Angeles,1999,10,6
1999-10-07,101,Unhealthy for Sensitive Groups,NO2,17,Los Angeles,California,34.1141,-118.4068,12531334.0,3267.0,America/Los_Angeles,1999,10,7
1999-10-08,103,Unhealthy for Sensitive Groups,NO2,17,Los Angeles,California,34.1141,-118.4068,12531334.0,3267.0,America/Los_Angeles,1999,10,8
1999-10-09,105,Unhealthy for Sensitive Groups,NO2,18,Los Angeles,California,34.1141,-118.4068,12531334.0,3267.0,America/Los_Angeles,1999,10,9
1999-10-10,122,Unhealthy for Sensitive Groups,Ozone,17,Los Angeles,California,34.1141,-118.4068,12531334.0,3267.0,America/Los_Angeles,1999,10,10
1999-10-11,114,Unhealthy for Sensitive Groups,NO2,17,Los Angeles,California,34.1141,-118.4068,12531334.0,3267.0,America/Los_Angeles,1999,10,11
1999-10-12,109,Unhealthy for Sensitive Groups,NO2,19,Los Angeles,California,34.1141,-118.4068,12531334.0,3267.0,America/Los_Angeles,1999,10,12
1999-10-13,122,Unhealthy for Sensitive Groups,NO2,17,Los Angeles,California,34.1141,-118.4068,12531334.0,3267.0,America/Los_Angeles,1999,10,13
1999-10-14,110,Unhealthy for Sensitive Groups,NO2,17,Los Angeles,California,34.1141,-118.4068,12531334.0,3267.0,America/Los_Angeles,1999,10,14
1999-10-15,82,Moderate,PM2.5,19,Los Angeles,California,34.1141,-118.4068,12531334.0,3267.0,America/Los_Angeles,1999,10,15
1999-10-16,67,Moderate,NO2,17,Los Angeles,California,34.1141,-118.4068,12531334.0,3267.0,America/Los_Angeles,1999,10,16
1999-10-17,89,Moderate,NO2,17,Los Angeles,California,34.1141,-118.4068,12531334.0,3267.0,America/Los_Angeles,1999,10,17
1999-10-18,105,Unhealthy for Sensitive Groups,NO2,19,Los Angeles,California,34.1141,-118.4068,12531334.0,3267.0,America/Los_Angeles,1999,10,18
1999-10-19,107,Unhealthy for Sensitive Groups,NO2,17,Los Angeles,California,34.1141,-118.4068,12531334.0,3267.0,America/Los_Angeles,1999,10,19
1999-10-20,111,Unhealthy for Sensitive Groups,NO2,17,Los Angeles,California,34.1141,-118.4068,12531334.0,3267.0,America/Los_Angeles,1999,10,20
1999-10-21,102,Unhealthy for Sensitive Groups,NO2,19,Los Angeles,California,34.1141,-118.4068,12531334.0,3267.0,America/Los_Angeles,1999,10,21
1999-10-22,109,Unhealthy for Sensitive Groups,NO2,17,Los Angeles,California,34.1141,-118.4068,12531334.0,3267.0,America/Los_Angeles,1999,10,22
1999-10-23,116,Unhealthy for Sensitive Groups,NO2,17,Los Angeles,California,34.1141,-118.4068,12531334.0,3267.0,America/Los_Angeles,1999,10,23
1999-10-24,147,Unhealthy for Sensitive Groups,Ozone,19,Los Angeles,California,34.1141,-118.4068,12531334.0,3267.0,America/Los_Angeles,1999,10,24
1999-10-25,106,Unhealthy for Sensitive Groups,NO2,17,Los Angeles,California,34.1141,-118.4068,12531334.0,3267.0,America/Los_Angeles,1999,10,25
1999-10-26,106,Unhealthy for Sensitive Groups,NO2,17,Los Angeles,California,34.1141,-118.4068,12531334.0,3267.0,America/Los_Angeles,1999,10,26
1999-10-27,129,Unhealthy for Sensitive Groups,PM2.5,19,Los Angeles,California,34.1141,-118.4068,12531334.0,3267.0,America/Los_Angeles,1999,10,27
1999-10-28,94,Moderate,NO2,17,Los Angeles,California,34.1141,-118.4068,12531334.0,3267.0,America/Los_Angeles,1999,10,28
1999-10-29,104,Unhealthy for Sensitive Groups,NO2,17,Los Angeles,California,34.1141,-118.4068,12531334.0,3267.0,America/Los_Angeles,1999,10,29
1999-10-30,101,Unhealthy for Sensitive Groups,NO2,19,Los Angeles,California,34.1141,-118.4068,12531334.0,3267.0,America/Los_Angeles,1999,10,30
1999-10-31,84,Moderate,NO2,17,Los Angeles,California,34.1141,-118.4068,12531334.0,3267.0,America/Los_Angeles,1999,10,31
1999-11-01,107,Unhealthy for Sensitive Groups,NO2,17,Los Angeles,California,34.1141,-118.4068,12531334.0,3267.0,America/Los_Angeles,1999,11,1
1999-11-02,147,Unhealthy for Sensitive Groups,PM2.5,19,Los Angeles,California,34.1141,-118.4068,12531334.0,3267.0,America/Los_Angeles,1999,11,2
1999-11-03,113,Unhealthy for Sensitive Groups,NO2,17,Los Angeles,California,34.1141,-118.4068,12531334.0,3267.0,America/Los_Angeles,1999,11,3
1999-11-04,105,Unhealthy for Sensitive Groups,NO2,17,Los Angeles,California,34.1141,-118.4068,12531334.0,3267.0,America/Los_Angeles,1999,11,4
1999-11-05,163,Unhealthy,PM2.5,19,Los Angeles,California,34.1141,-118.4068,12531334.0,3267.0,America/Los_Angeles,1999,11,5
1999-11-06,99,Moderate,NO2,17,Los Angeles,California,34.1141,-118.4068,12531334.0,3267.0,America/Los_Angeles,1999,11,6
1999-11-07,47,Good,NO2,17,Los Angeles,California,34.1141,-118.4068,12531334.0,3267.0,America/Los_Angeles,1999,11,7
1999-11-08,60,Moderate,PM2.5,19,Los Angeles,California,34.1141,-118.4068,12531334.0,3267.0,America/Los_Angeles,1999,11,8
1999-11-09,72,Moderate,NO2,17,Los Angeles,California,34.1141,-118.4068,12531334.0,3267.0,America/Los_Angeles,1999,11,9
1999-11-10,103,Unhealthy for Sensitive Groups,NO2,17,Los Angeles,California,34.1141,-118.4068,12531334.0,3267.0,America/Los_Angeles,1999,11,10
1999-11-11,158,Unhealthy,PM2.5,19,Los Angeles,California,34.1141,-118.4068,12531334.0,3267.0,America/Los_Angeles,1999,11,11
1999-11-12,113,Unhealthy for Sensitive Groups,NO2,17,Los Angeles,California,34.1141,-118.4068,12531334.0,3267.0,America/Los_Angeles,1999,11,12
1999-11-13,108,Unhealthy for Sensitive Groups,NO2,17,Los Angeles,California,34.1141,-118.4068,12531334.0,3267.0,America/Los_Angeles,1999,11,13
1999-11-14,136,Unhealthy for Sensitive Groups,PM2.5,19,Los Angeles,California,34.1141,-118.4068,12531334.0,3267.0,America/Los_Angeles,1999,11,14
1999-11-15,110,Unhealthy for Sensitive Groups,NO2,17,Los Angeles,California,34.1141,-118.4068,12531334.0,3267.0,America/Los_Angeles,1999,11,15
1999-11-16,110,Unhealthy for Sensitive Groups,NO2,17,Los Angeles,California,34.1141,-118.4068,12531334.0,3267.0,America/Los_Angeles,1999,11,16
1999-11-17,110,Unhealthy for Sensitive Groups,NO2,19,Los Angeles,California,34.1141,-118.4068,12531334.0,3267.0,America/Los_Angeles,1999,11,17
1999-11-18,52,Moderate,NO2,17,Los Angeles,California,34.1141,-118.4068,12531334.0,3267.0,America/Los_Angeles,1999,11,18
1999-11-19,74,Moderate,NO2,17,Los Angeles,California,34.1141,-118.4068,12531334.0,3267.0,America/Los_Angeles,1999,11,19
1999-11-20,124,Unhealthy for Sensitive Groups,PM2.5,19,Los Angeles,California,34.1141,-118.4068,12531334.0,3267.0,America/Los_Angeles,1999,11,20
1999-11-21,49,Good,CO,17,Los Angeles,California,34.1141,-118.4068,12531334.0,3267.0,America/Los_Angeles,1999,11,21
1999-11-22,72,Moderate,NO2,17,Los Angeles,California,34.1141,-118.4068,12531334.0,3267.0,America/Los_Angeles,1999,11,22
1999-11-23,72,Moderate,PM2.5,19,Los Angeles,California,34.1141,-118.4068,12531334.0,3267.0,America/Los_Angeles,1999,11,23
1999-11-24,106,Unhealthy for Sensitive Groups,NO2,17,Los Angeles,California,34.1141,-118.4068,12531334.0,3267.0,America/Los_Angeles,1999,11,24
1999-11-25,77,Moderate,CO,17,Los Angeles,California,34.1141,-118.4068,12531334.0,3267.0,America/Los_Angeles,1999,11,25
1999-11-26,111,Unhealthy for Sensitive Groups,PM2.5,19,Los Angeles,California,34.1141,-118.4068,12531334.0,3267.0,America/Los_Angeles,1999,11,26
1999-11-27,88,Moderate,NO2,17,Los Angeles,California,34.1141,-118.4068,12531334.0,3267.0,America/Los_Angeles,1999,11,27
1999-11-28,96,Moderate,NO2,17,Los Angeles,California,34.1141,-118.4068,12531334.0,3267.0,America/Los_Angeles,1999,11,28
1999-11-29,136,Unhealthy for Sensitive Groups,PM2.5,19,Los Angeles,California,34.1141,-118.4068,12531334.0,3267.0,America/Los_Angeles,1999,11,29
1999-11-30,106,Unhealthy for Sensitive Groups,NO2,17,Los Angeles,California,34.1141,-118.4068,12531334.0,3267.0,America/Los_Angeles,1999,11,30
1999-12-01,60,Moderate,NO2,18,Los Angeles,California,34.1141,-118.4068,12531334.0,3267.0,America/Los_Angeles,1999,12,1
1999-12-02,100,Moderate,NO2,19,Los Angeles,California,34.1141,-118.4068,12531334.0,3267.0,America/Los_Angeles,1999,12,2
1999-12-03,76,Moderate,NO2,18,Los Angeles,California,34.1141,-118.4068,12531334.0,3267.0,America/Los_Angeles,1999,12,3
1999-12-04,81,Moderate,NO2,19,Los Angeles,California,34.1141,-118.4068,12531334.0,3267.0,America/Los_Angeles,1999,12,4
1999-12-05,82,Moderate,PM2.5,19,Los Angeles,California,34.1141,-118.4068,12531334.0,3267.0,America/Los_Angeles,1999,12,5
1999-12-06,95,Moderate,NO2,18,Los Angeles,California,34.1141,-118.4068,12531334.0,3267.0,America/Los_Angeles,1999,12,6
1999-12-07,106,Unhealthy for Sensitive Groups,PM10,18,Los Angeles,California,34.1141,-118.4068,12531334.0,3267.0,America/Los_Angeles,1999,12,7
1999-12-08,133,Unhealthy for Sensitive Groups,PM2.5,19,Los Angeles,California,34.1141,-118.4068,12531334.0,3267.0,America/Los_Angeles,1999,12,8
1999-12-09,76,Moderate,NO2,18,Los Angeles,California,34.1141,-118.4068,12531334.0,3267.0,America/Los_Angeles,1999,12,9
1999-12-10,66,Moderate,NO2,18,Los Angeles,California,34.1141,-118.4068,12531334.0,3267.0,America/Los_Angeles,1999,12,10
1999-12-11,80,Moderate,PM2.5,19,Los Angeles,California,34.1141,-118.4068,12531334.0,3267.0,America/Los_Angeles,1999,12,11
1999-12-12,87,Moderate,CO,18,Los Angeles,California,34.1141,-118.4068,12531334.0,3267.0,America/Los_Angeles,1999,12,12
1999-12-13,94,Moderate,NO2,18,Los Angeles,California,34.1141,-118.4068,12531334.0,3267.0,America/Los_Angeles,1999,12,13
1999-12-14,117,Unhealthy for Sensitive Groups,PM2.5,19,Los Angeles,California,34.1141,-118.4068,12531334.0,3267.0,America/Los_Angeles,1999,12,14
1999-12-15,116,Unhealthy for Sensitive Groups,NO2,18,Los Angeles,California,34.1141,-118.4068,12531334.0,3267.0,America/Los_Angeles,1999,12,15
1999-12-16,107,Unhealthy for Sensitive Groups,NO2,18,Los Angeles,California,34.1141,-118.4068,12531334.0,3267.0,America/Los_Angeles,1999,12,16
1999-12-17,130,Unhealthy for Sensitive Groups,CO,19,Los Angeles,California,34.1141,-118.4068,12531334.0,3267.0,America/Los_Angeles,1999,12,17
1999-12-18,128,Unhealthy for Sensitive Groups,CO,18,Los Angeles,California,34.1141,-118.4068,12531334.0,3267.0,America/Los_Angeles,1999,12,18
1999-12-19,106,Unhealthy for Sensitive Groups,NO2,18,Los Angeles,California,34.1141,-118.4068,12531334.0,3267.0,America/Los_Angeles,1999,12,19
1999-12-20,122,Unhealthy for Sensitive Groups,PM2.5,19,Los Angeles,California,34.1141,-118.4068,12531334.0,3267.0,America/Los_Angeles,1999,12,20
1999-12-21,111,Unhealthy for Sensitive Groups,CO,18,Los Angeles,California,34.1141,-118.4068,12531334.0,3267.0,America/Los_Angeles,1999,12,21
1999-12-22,73,Moderate,NO2,18,Los Angeles,California,34.1141,-118.4068,12531334.0,3267.0,America/Los_Angeles,1999,12,22
1999-12-23,103,Unhealthy for Sensitive Groups,NO2,19,Los Angeles,California,34.1141,-118.4068,12531334.0,3267.0,America/Los_Angeles,1999,12,23
1999-12-24,90,Moderate,CO,18,Los Angeles,California,34.1141,-118.4068,12531334.0,3267.0,America/Los_Angeles,1999,12,24
1999-12-25,79,Moderate,CO,18,Los Angeles,California,34.1141,-118.4068,12531334.0,3267.0,America/Los_Angeles,1999,12,25
1999-12-26,81,Moderate,CO,19,Los Angeles,California,34.1141,-118.4068,12531334.0,3267.0,America/Los_Angeles,1999,12,26
1999-12-27,108,Unhealthy for Sensitive Groups,NO2,18,Los Angeles,California,34.1141,-118.4068,12531334.0,3267.0,America/Los_Angeles,1999,12,27
1999-12-28,82,Moderate,CO,19,Los Angeles,California,34.1141,-118.4068,12531334.0,3267.0,America/Los_Angeles,1999,12,28
1999-12-29,130,Unhealthy for Sensitive Groups,PM2.5,19,Los Angeles,California,34.1141,-118.4068,12531334.0,3267.0,America/Los_Angeles,1999,12,29
1999-12-30,103,Unhealthy for Sensitive Groups,NO2,18,Los Angeles,California,34.1141,-118.4068,12531334.0,3267.0,America/Los_Angeles,1999,12,30
1999-12-31,66,Moderate,NO2,18,Los Angeles,California,34.1141,-118.4068,12531334.0,3267.0,America/Los_Angeles,1999,12,31
2000-01-01,158,Unhealthy,PM2.5,19,Los Angeles,California,34.1141,-118.4068,12531334.0,3267.0,America/Los_Angeles,2000,1,1
2000-01-02,48,Good,CO,18,Los Angeles,California,34.1141,-118.4068,12531334.0,3267.0,America/Los_Angeles,2000,1,2
2000-01-03,71,Moderate,NO2,18,Los Angeles,California,34.1141,-118.4068,12531334.0,3267.0,America/Los_Angeles,2000,1,3
2000-01-04,100,Moderate,NO2,19,Los Angeles,California,34.1141,-118.4068,12531334.0,3267.0,America/Los_Angeles,2000,1,4
2000-01-05,109,Unhealthy for Sensitive Groups,NO2,18,Los Angeles,California,34.1141,-118.4068,12531334.0,3267.0,America/Los_Angeles,2000,1,5
2000-01-06,102,Unhealthy for Sensitive Groups,NO2,18,Los Angeles,California,34.1141,-118.4068,12531334.0,3267.0,America/Los_Angeles,2000,1,6
2000-01-07,105,Unhealthy for Sensitive Groups,NO2,19,Los Angeles,California,34.1141,-118.4068,12531334.0,3267.0,America/Los_Angeles,2000,1,7
2000-01-08,136,Unhealthy for Sensitive Groups,PM2.5,18,Los Angeles,California,34.1141,-118.4068,12531334.0,3267.0,America/Los_Angeles,2000,1,8
2000-01-09,156,Unhealthy,PM2.5,18,Los Angeles,California,34.1141,-118.4068,12531334.0,3267.0,America/Los_Angeles,2000,1,9
2000-01-10,158,Unhealthy,PM2.5,18,Los Angeles,California,34.1141,-118.4068,12531334.0,3267.0,America/Los_Angeles,2000,1,10
2000-01-11,153,Unhealthy,PM2.5,18,Los Angeles,California,34.1141,-118.4068,12531334.0,3267.0,America/Los_Angeles,2000,1,11
2000-01-12,154,Unhealthy,PM2.5,18,Los Angeles,California,34.1141,-118.4068,12531334.0,3267.0,America/Los_Angeles,2000,1,12
2000-01-13,145,Unhealthy for Sensitive Groups,PM2.5,19,Los Angeles,California,34.1141,-118.4068,12531334.0,3267.0,America/Los_Angeles,2000,1,13
2000-01-14,106,Unhealthy for Sensitive Groups,NO2,18,Los Angeles,California,34.1141,-118.4068,12531334.0,3267.0,America/Los_Angeles,2000,1,14
2000-01-15,111,Unhealthy for Sensitive Groups,CO,18,Los Angeles,California,34.1141,-118.4068,12531334.0,3267.0,America/Los_Angeles,2000,1,15
2000-01-16,109,Unhealthy for Sensitive Groups,PM2.5,19,Los Angeles,California,34.1141,-118.4068,12531334.0,3267.0,America/Los_Angeles,2000,1,16
2000-01-17,135,Unhealthy for Sensitive Groups,PM2.5,18,Los Angeles,California,34.1141,-118.4068,12531334.0,3267.0,America/Los_Angeles,2000,1,17
2000-01-18,100,Moderate,CO,18,Los Angeles,California,34.1141,-118.4068,12531334.0,3267.0,America/Los_Angeles,2000,1,18
2000-01-19,81,Moderate,NO2,19,Los Angeles,California,34.1141,-118.4068,12531334.0,3267.0,America/Los_Angeles,2000,1,19
2000-01-20,64,Moderate,PM2.5,18,Los Angeles,California,34.1141,-118.4068,12531334.0,3267.0,America/Los_Angeles,2000,1,20
2000-01-21,62,Moderate,PM2.5,18,Los Angeles,California,34.1141,-118.4068,12531334.0,3267.0,America/Los_Angeles,2000,1,21
2000-01-22,93,Moderate,PM2.5,19,Los Angeles,California,34.1141,-118.4068,12531334.0,3267.0,America/Los_Angeles,2000,1,22
2000-01-23,152,Unhealthy,PM2.5,18,Los Angeles,California,34.1141,-118.4068,12531334.0,3267.0,America/Los_Angeles,2000,1,23
2000-01-24,113,Unhealthy for Sensitive Groups,PM2.5,18,Los Angeles,California,34.1141,-118.4068,12531334.0,3267.0,America/Los_Angeles,2000,1,24
2000-01-25,56,Moderate,PM2.5,19,Los Angeles,California,34.1141,-118.4068,12531334.0,3267.0,America/Los_Angeles,2000,1,25
2000-01-26,44,Good,NO2,18,Los Angeles,California,34.1141,-118.4068,12531334.0,3267.0,America/Los_Angeles,2000,1,26
2000-01-27,80,Moderate,PM2.5,18,Los Angeles,California,34.1141,-118.4068,12531334.0,3267.0,America/Los_Angeles,2000,1,27
2000-01-28,129,Unhealthy for Sensitive Groups,PM2.5,19,Los Angeles,California,34.1141,-118.4068,12531334.0,3267.0,America/Los_Angeles,2000,1,28
2000-01-29,127,Unhealthy for Sensitive Groups,PM2.5,18,Los Angeles,California,34.1141,-118.4068,12531334.0,3267.0,America/Los_Angeles,2000,1,29
2000-01-30,96,Moderate,PM2.5,18,Los Angeles,California,34.1141,-118.4068,12531334.0,3267.0,America/Los_Angeles,2000,1,30
2000-01-31,58,Moderate,PM2.5,19,Los Angeles,California,34.1141,-118.4068,12531334.0,3267.0,America/Los_Angeles,2000,1,31
2000-02-01,78,Moderate,PM2.5,18,Los Angeles,California,34.1141,-118.4068,12531334.0,3267.0,America/Los_Angeles,2000,2,1
2000-02-02,67,Moderate,CO,18,Los Angeles,California,34.1141,-118.4068,12531334.0,3267.0,America/Los_Angeles,2000,2,2
2000-02-03,79,Moderate,NO2,19,Los Angeles,California,34.1141,-118.4068,12531334.0,3267.0,America/Los_Angeles,2000,2,3
2000-02-04,62,Moderate,NO2,18,Los Angeles,California,34.1141,-118.4068,12531334.0,3267.0,America/Los_Angeles,2000,2,4
2000-02-05,78,Moderate,PM2.5,18,Los Angeles,California,34.1141,-118.4068,12531334.0,3267.0,America/Los_Angeles,2000,2,5
2000-02-06,104,Unhealthy for Sensitive Groups,PM2.5,19,Los Angeles,California,34.1141,-118.4068,12531334.0,3267.0,America/Los_Angeles,2000,2,6
2000-02-07,112,Unhealthy for Sensitive Groups,PM2.5,18,Los Angeles,California,34.1141,-118.4068,12531334.0,3267.0,America/Los_Angeles,2000,2,7
2000-02-08,102,Unhealthy for Sensitive Groups,NO2,18,Los Angeles,California,34.1141,-118.4068,12531334.0,3267.0,America/Los_Angeles,2000,2,8
2000-02-09,87,Moderate,PM2.5,19,Los Angeles,California,34.1141,-118.4068,12531334.0,3267.0,America/Los_Angeles,2000,2,9
2000-02-10,70,Moderate,NO2,18,Los Angeles,California,34.1141,-118.4068,12531334.0,3267.0,America/Los_Angeles,2000,2,10
2000-02-11,49,Good,NO2,18,Los Angeles,California,34.1141,-118.4068,12531334.0,3267.0,America/Los_Angeles,2000,2,11
2000-02-12,40,Good,Ozone,19,Los Angeles,California,34.1141,-118.4068,12531334.0,3267.0,America/Los_Angeles,2000,2,12
2000-02-13,48,Good,PM2.5,18,Los Angeles,California,34.1141,-118.4068,12531334.0,3267.0,America/Los_Angeles,2000,2,13
2000-02-14,52,Moderate,PM2.5,18,Los Angeles,California,34.1141,-118.4068,12531334.0,3267.0,America/Los_Angeles,2000,2,14
2000-02-15,72,Moderate,PM2.5,19,Los Angeles,California,34.1141,-118.4068,12531334.0,3267.0,America/Los_Angeles,2000,2,15
2000-02-16,51,Moderate,PM2.5,18,Los Angeles,California,34.1141,-118.4068,12531334.0,3267.0,America/Los_Angeles,2000,2,16
2000-02-17,60,Moderate,NO2,18,Los Angeles,California,34.1141,-118.4068,12531334.0,3267.0,America/Los_Angeles,2000,2,17
2000-02-18,92,Moderate,PM2.5,19,Los Angeles,California,34.1141,-118.4068,12531334.0,3267.0,America/Los_Angeles,2000,2,18
2000-02-19,62,Moderate,NO2,18,Los Angeles,California,34.1141,-118.4068,12531334.0,3267.0,America/Los_Angeles,2000,2,19
2000-02-20,45,Good,NO2,18,Los Angeles,California,34.1141,-118.4068,12531334.0,3267.0,America/Los_Angeles,2000,2,20
2000-02-21,67,Moderate,PM2.5,19,Los Angeles,California,34.1141,-118.4068,12531334.0,3267.0,America/Los_Angeles,2000,2,21
2000-02-22,57,Moderate,PM2.5,18,Los Angeles,California,34.1141,-118.4068,12531334.0,3267.0,America/Los_Angeles,2000,2,22
2000-02-23,45,Good,CO,18,Los Angeles,California,34.1141,-118.4068,12531334.0,3267.0,America/Los_Angeles,2000,2,23
2000-02-24,64,Moderate,NO2,19,Los Angeles,California,34.1141,-118.4068,12531334.0,3267.0,America/Los_Angeles,2000,2,24
2000-02-25,51,Moderate,PM2.5,18,Los Angeles,California,34.1141,-118.4068,12531334.0,3267.0,America/Los_Angeles,2000,2,25
2000-02-26,92,Moderate,PM2.5,19,Los Angeles,California,34.1141,-118.4068,12531334.0,3267.0,America/Los_Angeles,2000,2,26
2000-02-27,82,Moderate,PM2.5,19,Los Angeles,California,34.1141,-118.4068,12531334.0,3267.0,America/Los_Angeles,2000,2,27
2000-02-28,47,Good,NO2,18,Los Angeles,California,34.1141,-118.4068,12531334.0,3267.0,America/Los_Angeles,2000,2,28
2000-02-29,62,Moderate,PM2.5,18,Los Angeles,California,34.1141,-118.4068,12531334.0,3267.0,America/Los_Angeles,2000,2,29
2000-03-01,57,Moderate,NO2,19,Los Angeles,California,34.1141,-118.4068,12531334.0,3267.0,America/Los_Angeles,2000,3,1
2000-03-02,78,Moderate,NO2,18,Los Angeles,California,34.1141,-118.4068,12531334.0,3267.0,America/Los_Angeles,2000,3,2
2000-03-03,60,Moderate,PM2.5,18,Los Angeles,California,34.1141,-118.4068,12531334.0,3267.0,America/Los_Angeles,2000,3,3
2000-03-04,56,Moderate,PM2.5,19,Los Angeles,California,34.1141,-118.4068,12531334.0,3267.0,America/Los_Angeles,2000,3,4
2000-03-05,40,Good,NO2,18,Los Angeles,California,34.1141,-118.4068,12531334.0,3267.0,America/Los_Angeles,2000,3,5
2000-03-06,48,Good,NO2,18,Los Angeles,California,34.1141,-118.4068,12531334.0,3267.0,America/Los_Angeles,2000,3,6
2000-03-07,62,Moderate,PM2.5,19,Los Angeles,California,34.1141,-118.4068,12531334.0,3267.0,America/Los_Angeles,2000,3,7
2000-03-08,47,Good,NO2,18,Los Angeles,California,34.1141,-118.4068,12531334.0,3267.0,America/Los_Angeles,2000,3,8
2000-03-09,48,Good,NO2,18,Los Angeles,California,34.1141,-118.4068,12531334.0,3267.0,America/Los_Angeles,2000,3,9
2000-03-10,67,Moderate,NO2,19,Los Angeles,California,34.1141,-118.4068,12531334.0,3267.0,America/Los_Angeles,2000,3,10
2000-03-11,70,Moderate,NO2,18,Los Angeles,California,34.1141,-118.4068,12531334.0,3267.0,America/Los_Angeles,2000,3,11
2000-03-12,76,Moderate,NO2,18,Los Angeles,California,34.1141,-118.4068,12531334.0,3267.0,America/Los_Angeles,2000,3,12
2000-03-13,101,Unhealthy for Sensitive Groups,PM2.5,19,Los Angeles,California,34.1141,-118.4068,12531334.0,3267.0,America/Los_Angeles,2000,3,13
2000-03-14,151,Unhealthy,Ozone,18,Los Angeles,California,34.1141,-118.4068,12531334.0,3267.0,America/Los_Angeles,2000,3,14
2000-03-15,147,Unhealthy for Sensitive Groups,Ozone,18,Los Angeles,California,34.1141,-118.4068,12531334.0,3267.0,America/Los_Angeles,2000,3,15
2000-03-16,147,Unhealthy for Sensitive Groups,PM2.5,19,Los Angeles,California,34.1141,-118.4068,12531334.0,3267.0,America/Los_Angeles,2000,3,16
2000-03-17,89,Moderate,NO2,18,Los Angeles,California,34.1141,-118.4068,12531334.0,3267.0,America/Los_Angeles,2000,3,17
2000-03-18,103,Unhealthy for Sensitive Groups,PM2.5,18,Los Angeles,California,34.1141,-118.4068,12531334.0,3267.0,America/Los_Angeles,2000,3,18
2000-03-19,122,Unhealthy for Sensitive Groups,Ozone,19,Los Angeles,California,34.1141,-118.4068,12531334.0,3267.0,America/Los_Angeles,2000,3,19
2000-03-20,104,Unhealthy for Sensitive Groups,PM10,18,Los Angeles,California,34.1141,-118.4068,12531334.0,3267.0,America/Los_Angeles,2000,3,20
2000-03-21,67,Moderate,Ozone,18,Los Angeles,California,34.1141,-118.4068,12531334.0,3267.0,America/Los_Angeles,2000,3,21
2000-03-22,67,Moderate,NO2,19,Los Angeles,California,34.1141,-118.4068,12531334.0,3267.0,America/Los_Angeles,2000,3,22
2000-03-23,73,Moderate,NO2,18,Los Angeles,California,34.1141,-118.4068,12531334.0,3267.0,America/Los_Angeles,2000,3,23
2000-03-24,84,Moderate,NO2,18,Los Angeles,California,34.1141,-118.4068,12531334.0,3267.0,America/Los_Angeles,2000,3,24
2000-03-25,75,Moderate,PM2.5,19,Los Angeles,California,34.1141,-118.4068,12531334.0,3267.0,America/Los_Angeles,2000,3,25
2000-03-26,90,Moderate,Ozone,18,Los Angeles,California,34.1141,-118.4068,12531334.0,3267.0,America/Los_Angeles,2000,3,26
2000-03-27,64,Moderate,PM2.5,18,Los Angeles,California,34.1141,-118.4068,12531334.0,3267.0,America/Los_Angeles,2000,3,27
2000-03-28,58,Moderate,PM2.5,19,Los Angeles,California,34.1141,-118.4068,12531334.0,3267.0,America/Los_Angeles,2000,3,28
2000-03-29,60,Moderate,PM2.5,18,Los Angeles,California,34.1141,-118.4068,12531334.0,3267.0,America/Los_Angeles,2000,3,29
2000-03-30,76,Moderate,PM2.5,18,Los Angeles,California,34.1141,-118.4068,12531334.0,3267.0,America/Los_Angeles,2000,3,30
2000-03-31,90,Moderate,NO2,19,Los Angeles,California,34.1141,-118.4068,12531334.0,3267.0,America/Los_Angeles,2000,3,31
2000-04-01,105,Unhealthy for Sensitive Groups,Ozone,18,Los Angeles,California,34.1141,-118.4068,12531334.0,3267.0,America/Los_Angeles,2000,4,1
2000-04-02,108,Unhealthy for Sensitive Groups,Ozone,18,Los Angeles,California,34.1141,-118.4068,12531334.0,3267.0,America/Los_Angeles,2000,4,2
2000-04-03,89,Moderate,PM2.5,19,Los Angeles,California,34.1141,-118.4068,12531334.0,3267.0,America/Los_Angeles,2000,4,3
2000-04-04,103,Unhealthy for Sensitive Groups,NO2,18,Los Angeles,California,34.1141,-118.4068,12531334.0,3267.0,America/Los_Angeles,2000,4,4
2000-04-05,79,Moderate,PM2.5,18,Los Angeles,California,34.1141,-118.4068,12531334.0,3267.0,America/Los_Angeles,2000,4,5
2000-04-06,108,Unhealthy for Sensitive Groups,PM2.5,19,Los Angeles,California,34.1141,-118.4068,12531334.0,3267.0,America/Los_Angeles,2000,4,6
2000-04-07,127,Unhealthy for Sensitive Groups,PM2.5,18,Los Angeles,California,34.1141,-118.4068,12531334.0,3267.0,America/Los_Angeles,2000,4,7
2000-04-08,119,Unhealthy for Sensitive Groups,Ozone,18,Los Angeles,California,34.1141,-118.4068,12531334.0,3267.0,America/Los_Angeles,2000,4,8
2000-04-09,61,Moderate,Ozone,19,Los Angeles,California,34.1141,-118.4068,12531334.0,3267.0,America/Los_Angeles,2000,4,9
2000-04-10,66,Moderate,PM2.5,18,Los Angeles,California,34.1141,-118.4068,12531334.0,3267.0,America/Los_Angeles,2000,4,10
2000-04-11,156,Unhealthy,PM2.5,18,Los Angeles,California,34.1141,-118.4068,12531334.0,3267.0,America/Los_Angeles,2000,4,11
2000-04-12,105,Unhealthy for Sensitive Groups,NO2,19,Los Angeles,California,34.1141,-118.4068,12531334.0,3267.0,America/Los_Angeles,2000,4,12
2000-04-13,104,Unhealthy for Sensitive Groups,PM2.5,18,Los Angeles,California,34.1141,-118.4068,12531334.0,3267.0,America/Los_Angeles,2000,4,13
2000-04-14,85,Moderate,NO2,18,Los Angeles,California,34.1141,-118.4068,12531334.0,3267.0,America/Los_Angeles,2000,4,14
2000-04-15,85,Moderate,NO2,19,Los Angeles,California,34.1141,-118.4068,12531334.0,3267.0,America/Los_Angeles,2000,4,15
2000-04-16,85,Moderate,NO2,18,Los Angeles,California,34.1141,-118.4068,12531334.0,3267.0,America/Los_Angeles,2000,4,16
2000-04-17,85,Moderate,NO2,18,Los Angeles,California,34.1141,-118.4068,12531334.0,3267.0,America/Los_Angeles,2000,4,17
2000-04-18,85,Moderate,NO2,19,Los Angeles,California,34.1141,-118.4068,12531334.0,3267.0,America/Los_Angeles,2000,4,18
2000-04-19,60,Moderate,NO2,18,Los Angeles,California,34.1141,-118.4068,12531334.0,3267.0,America/Los_Angeles,2000,4,19
2000-04-20,93,Moderate,Ozone,18,Los Angeles,California,34.1141,-118.4068,12531334.0,3267.0,America/Los_Angeles,2000,4,20
2000-04-21,63,Moderate,PM2.5,19,Los Angeles,California,34.1141,-118.4068,12531334.0,3267.0,America/Los_Angeles,2000,4,21
2000-04-22,61,Moderate,Ozone,18,Los Angeles,California,34.1141,-118.4068,12531334.0,3267.0,America/Los_Angeles,2000,4,22
2000-04-23,97,Moderate,Ozone,18,Los Angeles,California,34.1141,-118.4068,12531334.0,3267.0,America/Los_Angeles,2000,4,23
2000-04-24,77,Moderate,NO2,19,Los Angeles,California,34.1141,-118.4068,12531334.0,3267.0,America/Los_Angeles,2000,4,24
2000-04-25,126,Unhealthy for Sensitive Groups,Ozone,18,Los Angeles,California,34.1141,-118.4068,12531334.0,3267.0,America/Los_Angeles,2000,4,25
2000-04-26,187,Unhealthy,Ozone,18,Los Angeles,California,34.1141,-118.4068,12531334.0,3267.0,America/Los_Angeles,2000,4,26
2000-04-27,126,Unhealthy for Sensitive Groups,Ozone,19,Los Angeles,California,34.1141,-118.4068,12531334.0,3267.0,America/Los_Angeles,2000,4,27
2000-04-28,75,Moderate,PM2.5,18,Los Angeles,California,34.1141,-118.4068,12531334.0,3267.0,America/Los_Angeles,2000,4,28
2000-04-29,90,Moderate,Ozone,18,Los Angeles,California,34.1141,-118.4068,12531334.0,3267.0,America/Los_Angeles,2000,4,29
2000-04-30,140,Unhealthy for Sensitive Groups,Ozone,19,Los Angeles,California,34.1141,-118.4068,12531334.0,3267.0,America/Los_Angeles,2000,4,30
2000-05-01,119,Unhealthy for Sensitive Groups,Ozone,18,Los Angeles,California,34.1141,-118.4068,12531334.0,3267.0,America/Los_Angeles,2000,5,1
2000-05-02,112,Unhealthy for Sensitive Groups,Ozone,18,Los Angeles,California,34.1141,-118.4068,12531334.0,3267.0,America/Los_Angeles,2000,5,2
2000-05-03,105,Unhealthy for Sensitive Groups,Ozone,19,Los Angeles,California,34.1141,-118.4068,12531334.0,3267.0,America/Los_Angeles,2000,5,3
2000-05-04,143,Unhealthy for Sensitive Groups,Ozone,18,Los Angeles,California,34.1141,-118.4068,12531334.0,3267.0,America/Los_Angeles,2000,5,4
2000-05-05,106,Unhealthy for Sensitive Groups,PM2.5,18,Los Angeles,California,34.1141,-118.4068,12531334.0,3267.0,America/Los_Angeles,2000,5,5
2000-05-06,129,Unhealthy for Sensitive Groups,Ozone,19,Los Angeles,California,34.1141,-118.4068,12531334.0,3267.0,America/Los_Angeles,2000,5,6
2000-05-07,87,Moderate,Ozone,18,Los Angeles,California,34.1141,-118.4068,12531334.0,3267.0,America/Los_Angeles,2000,5,7
2000-05-08,52,Moderate,PM2.5,18,Los Angeles,California,34.1141,-118.4068,12531334.0,3267.0,America/Los_Angeles,2000,5,8
2000-05-09,84,Moderate,Ozone,19,Los Angeles,California,34.1141,-118.4068,12531334.0,3267.0,America/Los_Angeles,2000,5,9
2000-05-10,60,Moderate,PM2.5,18,Los Angeles,California,34.1141,-118.4068,12531334.0,3267.0,America/Los_Angeles,2000,5,10
2000-05-11,61,Moderate,NO2,18,Los Angeles,California,34.1141,-118.4068,12531334.0,3267.0,America/Los_Angeles,2000,5,11
2000-05-12,79,Moderate,NO2,19,Los Angeles,California,34.1141,-118.4068,12531334.0,3267.0,America/Los_Angeles,2000,5,12
2000-05-13,126,Unhealthy for Sensitive Groups,Ozone,18,Los Angeles,California,34.1141,-118.4068,12531334.0,3267.0,America/Los_Angeles,2000,5,13
2000-05-14,112,Unhealthy for Sensitive Groups,Ozone,18,Los Angeles,California,34.1141,-118.4068,12531334.0,3267.0,America/Los_Angeles,2000,5,14
2000-05-15,67,Moderate,NO2,19,Los Angeles,California,34.1141,-118.4068,12531334.0,3267.0,America/Los_Angeles,2000,5,15
2000-05-16,50,Good,Ozone,18,Los Angeles,California,34.1141,-118.4068,12531334.0,3267.0,America/Los_Angeles,2000,5,16
2000-05-17,53,Moderate,NO2,18,Los Angeles,California,34.1141,-118.4068,12531334.0,3267.0,America/Los_Angeles,2000,5,17
2000-05-18,84,Moderate,Ozone,19,Los Angeles,California,34.1141,-118.4068,12531334.0,3267.0,America/Los_Angeles,2000,5,18
2000-05-19,108,Unhealthy for Sensitive Groups,Ozone,18,Los Angeles,California,34.1141,-118.4068,12531334.0,3267.0,America/Los_Angeles,2000,5,19
2000-05-20,201,Very Unhealthy,Ozone,18,Los Angeles,California,34.1141,-118.4068,12531334.0,3267.0,America/Los_Angeles,2000,5,20
2000-05-21,192,Unhealthy,Ozone,19,Los Angeles,California,34.1141,-118.4068,12531334.0,3267.0,America/Los_Angeles,2000,5,21
2000-05-22,136,Unhealthy for Sensitive Groups,Ozone,18,Los Angeles,California,34.1141,-118.4068,12531334.0,3267.0,America/Los_Angeles,2000,5,22
2000-05-23,143,Unhealthy for Sensitive Groups,Ozone,18,Los Angeles,California,34.1141,-118.4068,12531334.0,3267.0,America/Los_Angeles,2000,5,23
2000-05-24,84,Moderate,Ozone,19,Los Angeles,California,34.1141,-118.4068,12531334.0,3267.0,America/Los_Angeles,2000,5,24
2000-05-25,73,Moderate,PM2.5,18,Los Angeles,California,34.1141,-118.4068,12531334.0,3267.0,America/Los_Angeles,2000,5,25
2000-05-26,74,Moderate,PM2.5,18,Los Angeles,California,34.1141,-118.4068,12531334.0,3267.0,America/Los_Angeles,2000,5,26
2000-05-27,213,Very Unhealthy,Ozone,19,Los Angeles,California,34.1141,-118.4068,12531334.0,3267.0,America/Los_Angeles,2000,5,27
2000-05-28,243,Very Unhealthy,Ozone,18,Los Angeles,California,34.1141,-118.4068,12531334.0,3267.0,America/Los_Angeles,2000,5,28
2000-05-29,205,Very Unhealthy,Ozone,18,Los Angeles,California,34.1141,-118.4068,12531334.0,3267.0,America/Los_Angeles,2000,5,29
2000-05-30,151,Unhealthy,Ozone,19,Los Angeles,California,34.1141,-118.4068,12531334.0,3267.0,America/Los_Angeles,2000,5,30
2000-05-31,150,Unhealthy for Sensitive Groups,Ozone,18,Los Angeles,California,34.1141,-118.4068,12531334.0,3267.0,America/Los_Angeles,2000,5,31
2000-06-01,150,Unhealthy for Sensitive Groups,Ozone,18,Los Angeles,California,34.1141,-118.4068,12531334.0,3267.0,America/Los_Angeles,2000,6,1
2000-06-02,129,Unhealthy for Sensitive Groups,Ozone,19,Los Angeles,California,34.1141,-118.4068,12531334.0,3267.0,America/Los_Angeles,2000,6,2
2000-06-03,166,Unhealthy,Ozone,18,Los Angeles,California,34.1141,-118.4068,12531334.0,3267.0,America/Los_Angeles,2000,6,3
2000-06-04,202,Very Unhealthy,Ozone,18,Los Angeles,California,34.1141,-118.4068,12531334.0,3267.0,America/Los_Angeles,2000,6,4
2000-06-05,84,Moderate,Ozone,19,Los Angeles,California,34.1141,-118.4068,12531334.0,3267.0,America/Los_Angeles,2000,6,5
2000-06-06,105,Unhealthy for Sensitive Groups,Ozone,18,Los Angeles,California,34.1141,-118.4068,12531334.0,3267.0,America/Los_Angeles,2000,6,6
2000-06-07,99,Moderate,NO2,18,Los Angeles,California,34.1141,-118.4068,12531334.0,3267.0,America/Los_Angeles,2000,6,7
2000-06-08,41,Good,NO2,19,Los Angeles,California,34.1141,-118.4068,12531334.0,3267.0,America/Los_Angeles,2000,6,8
2000-06-09,54,Moderate,Ozone,18,Los Angeles,California,34.1141,-118.4068,12531334.0,3267.0,America/Los_Angeles,2000,6,9
2000-06-10,126,Unhealthy for Sensitive Groups,Ozone,18,Los Angeles,California,34.1141,-118.4068,12531334.0,3267.0,America/Los_Angeles,2000,6,10
2000-06-11,166,Unhealthy,Ozone,19,Los Angeles,California,34.1141,-118.4068,12531334.0,3267.0,America/Los_Angeles,2000,6,11
2000-06-12,154,Unhealthy,Ozone,18,Los Angeles,California,34.1141,-118.4068,12531334.0,3267.0,America/Los_Angeles,2000,6,12
2000-06-13,182,Unhealthy,Ozone,18,Los Angeles,California,34.1141,-118.4068,12531334.0,3267.0,America/Los_Angeles,2000,6,13
2000-06-14,83,Moderate,NO2,19,Los Angeles,California,34.1141,-118.4068,12531334.0,3267.0,America/Los_Angeles,2000,6,14
2000-06-15,200,Unhealthy,Ozone,18,Los Angeles,California,34.1141,-118.4068,12531334.0,3267.0,America/Los_Angeles,2000,6,15
2000-06-16,136,Unhealthy for Sensitive Groups,Ozone,18,Los Angeles,California,34.1141,-118.4068,12531334.0,3267.0,America/Los_Angeles,2000,6,16
2000-06-17,166,Unhealthy,Ozone,19,Los Angeles,California,34.1141,-118.4068,12531334.0,3267.0,America/Los_Angeles,2000,6,17
2000-06-18,80,Moderate,Ozone,18,Los Angeles,California,34.1141,-118.4068,12531334.0,3267.0,America/Los_Angeles,2000,6,18
2000-06-19,84,Moderate,Ozone,18,Los Angeles,California,34.1141,-118.4068,12531334.0,3267.0,America/Los_Angeles,2000,6,19
2000-06-20,108,Unhealthy for Sensitive Groups,Ozone,19,Los Angeles,California,34.1141,-118.4068,12531334.0,3267.0,America/Los_Angeles,2000,6,20
2000-06-21,150,Unhealthy for Sensitive Groups,Ozone,18,Los Angeles,California,34.1141,-118.4068,12531334.0,3267.0,America/Los_Angeles,2000,6,21
2000-06-22,182,Unhealthy,Ozone,18,Los Angeles,California,34.1141,-118.4068,12531334.0,3267.0,America/Los_Angeles,2000,6,22
2000-06-23,64,Moderate,Ozone,19,Los Angeles,California,34.1141,-118.4068,12531334.0,3267.0,America/Los_Angeles,2000,6,23
2000-06-24,93,Moderate,Ozone,18,Los Angeles,California,34.1141,-118.4068,12531334.0,3267.0,America/Los_Angeles,2000,6,24
2000-06-25,90,Moderate,Ozone,18,Los Angeles,California,34.1141,-118.4068,12531334.0,3267.0,America/Los_Angeles,2000,6,25
2000-06-26,77,Moderate,Ozone,19,Los Angeles,California,34.1141,-118.4068,12531334.0,3267.0,America/Los_Angeles,2000,6,26
2000-06-27,103,Unhealthy for Sensitive Groups,NO2,18,Los Angeles,California,34.1141,-118.4068,12531334.0,3267.0,America/Los_Angeles,2000,6,27
2000-06-28,90,Moderate,NO2,18,Los Angeles,California,34.1141,-118.4068,12531334.0,3267.0,America/Los_Angeles,2000,6,28
2000-06-29,122,Unhealthy for Sensitive Groups,Ozone,19,Los Angeles,California,34.1141,-118.4068,12531334.0,3267.0,America/Los_Angeles,2000,6,29
2000-06-30,150,Unhealthy for Sensitive Groups,Ozone,18,Los Angeles,California,34.1141,-118.4068,12531334.0,3267.0,America/Los_Angeles,2000,6,30
2000-07-01,140,Unhealthy for Sensitive Groups,Ozone,18,Los Angeles,California,34.1141,-118.4068,12531334.0,3267.0,America/Los_Angeles,2000,7,1
2000-07-02,129,Unhealthy for Sensitive Groups,Ozone,19,Los Angeles,California,34.1141,-118.4068,12531334.0,3267.0,America/Los_Angeles,2000,7,2
2000-07-03,105,Unhealthy for Sensitive Groups,Ozone,18,Los Angeles,California,34.1141,-118.4068,12531334.0,3267.0,America/Los_Angeles,2000,7,3
2000-07-04,112,Unhealthy for Sensitive Groups,Ozone,18,Los Angeles,California,34.1141,-118.4068,12531334.0,3267.0,America/Los_Angeles,2000,7,4
2000-07-05,151,Unhealthy,PM2.5,19,Los Angeles,California,34.1141,-118.4068,12531334.0,3267.0,America/Los_Angeles,2000,7,5
2000-07-06,64,Moderate,NO2,18,Los Angeles,California,34.1141,-118.4068,12531334.0,3267.0,America/Los_Angeles,2000,7,6
2000-07-07,64,Moderate,Ozone,18,Los Angeles,California,34.1141,-118.4068,12531334.0,3267.0,America/Los_Angeles,2000,7,7
2000-07-08,97,Moderate,Ozone,19,Los Angeles,California,34.1141,-118.4068,12531334.0,3267.0,America/Los_Angeles,2000,7,8
2000-07-09,100,Moderate,Ozone,18,Los Angeles,California,34.1141,-118.4068,12531334.0,3267.0,America/Los_Angeles,2000,7,9
2000-07-10,64,Moderate,Ozone,18,Los Angeles,California,34.1141,-118.4068,12531334.0,3267.0,America/Los_Angeles,2000,7,10
2000-07-11,133,Unhealthy for Sensitive Groups,Ozone,19,Los Angeles,California,34.1141,-118.4068,12531334.0,3267.0,America/Los_Angeles,2000,7,11
2000-07-12,136,Unhealthy for Sensitive Groups,Ozone,18,Los Angeles,California,34.1141,-118.4068,12531334.0,3267.0,America/Los_Angeles,2000,7,12
2000-07-13,87,Moderate,Ozone,18,Los Angeles,California,34.1141,-118.4068,12531334.0,3267.0,America/Los_Angeles,2000,7,13
2000-07-14,101,Unhealthy for Sensitive Groups,NO2,19,Los Angeles,California,34.1141,-118.4068,12531334.0,3267.0,America/Los_Angeles,2000,7,14
2000-07-15,105,Unhealthy for Sensitive Groups,Ozone,18,Los Angeles,California,34.1141,-118.4068,12531334.0,3267.0,America/Los_Angeles,2000,7,15
2000-07-16,119,Unhealthy for Sensitive Groups,Ozone,18,Los Angeles,California,34.1141,-118.4068,12531334.0,3267.0,America/Los_Angeles,2000,7,16
2000-07-17,97,Moderate,Ozone,19,Los Angeles,California,34.1141,-118.4068,12531334.0,3267.0,America/Los_Angeles,2000,7,17
2000-07-18,108,Unhealthy for Sensitive Groups,Ozone,18,Los Angeles,California,34.1141,-118.4068,12531334.0,3267.0,America/Los_Angeles,2000,7,18
2000-07-19,150,Unhealthy for Sensitive Groups,Ozone,18,Los Angeles,California,34.1141,-118.4068,12531334.0,3267.0,America/Los_Angeles,2000,7,19
2000-07-20,154,Unhealthy,Ozone,19,Los Angeles,California,34.1141,-118.4068,12531334.0,3267.0,America/Los_Angeles,2000,7,20
2000-07-21,122,Unhealthy for Sensitive Groups,Ozone,18,Los Angeles,California,34.1141,-118.4068,12531334.0,3267.0,America/Los_Angeles,2000,7,21
2000-07-22,174,Unhealthy,Ozone,18,Los Angeles,California,34.1141,-118.4068,12531334.0,3267.0,America/Los_Angeles,2000,7,22
2000-07-23,140,Unhealthy for Sensitive Groups,Ozone,19,Los Angeles,California,34.1141,-118.4068,12531334.0,3267.0,America/Los_Angeles,2000,7,23
2000-07-24,150,Unhealthy for Sensitive Groups,Ozone,18,Los Angeles,California,34.1141,-118.4068,12531334.0,3267.0,America/Los_Angeles,2000,7,24
2000-07-25,213,Very Unhealthy,Ozone,18,Los Angeles,California,34.1141,-118.4068,12531334.0,3267.0,America/Los_Angeles,2000,7,25
2000-07-26,154,Unhealthy,Ozone,19,Los Angeles,California,34.1141,-118.4068,12531334.0,3267.0,America/Los_Angeles,2000,7,26
2000-07-27,161,Unhealthy,Ozone,18,Los Angeles,California,34.1141,-118.4068,12531334.0,3267.0,America/Los_Angeles,2000,7,27
2000-07-28,154,Unhealthy,Ozone,18,Los Angeles,California,34.1141,-118.4068,12531334.0,3267.0,America/Los_Angeles,2000,7,28
2000-07-29,140,Unhealthy for Sensitive Groups,Ozone,19,Los Angeles,California,34.1141,-118.4068,12531334.0,3267.0,America/Los_Angeles,2000,7,29
2000-07-30,205,Very Unhealthy,Ozone,18,Los Angeles,California,34.1141,-118.4068,12531334.0,3267.0,America/Los_Angeles,2000,7,30
2000-07-31,177,Unhealthy,Ozone,18,Los Angeles,California,34.1141,-118.4068,12531334.0,3267.0,America/Los_Angeles,2000,7,31
2000-08-01,140,Unhealthy for Sensitive Groups,Ozone,19,Los Angeles,California,34.1141,-118.4068,12531334.0,3267.0,America/Los_Angeles,2000,8,1
2000-08-02,108,Unhealthy for Sensitive Groups,Ozone,18,Los Angeles,California,34.1141,-118.4068,12531334.0,3267.0,America/Los_Angeles,2000,8,2
2000-08-03,133,Unhealthy for Sensitive Groups,Ozone,18,Los Angeles,California,34.1141,-118.4068,12531334.0,3267.0,America/Los_Angeles,2000,8,3
2000-08-04,80,Moderate,Ozone,19,Los Angeles,California,34.1141,-118.4068,12531334.0,3267.0,America/Los_Angeles,2000,8,4
2000-08-05,150,Unhealthy for Sensitive Groups,Ozone,18,Los Angeles,California,34.1141,-118.4068,12531334.0,3267.0,America/Los_Angeles,2000,8,5
2000-08-06,200,Unhealthy,Ozone,18,Los Angeles,California,34.1141,-118.4068,12531334.0,3267.0,America/Los_Angeles,2000,8,6
2000-08-07,100,Moderate,Ozone,19,Los Angeles,California,34.1141,-118.4068,12531334.0,3267.0,America/Los_Angeles,2000,8,7
2000-08-08,126,Unhealthy for Sensitive Groups,Ozone,18,Los Angeles,California,34.1141,-118.4068,12531334.0,3267.0,America/Los_Angeles,2000,8,8
2000-08-09,105,Unhealthy for Sensitive Groups,NO2,18,Los Angeles,California,34.1141,-118.4068,12531334.0,3267.0,America/Los_Angeles,2000,8,9
2000-08-10,105,Unhealthy for Sensitive Groups,NO2,19,Los Angeles,California,34.1141,-118.4068,12531334.0,3267.0,America/Los_Angeles,2000,8,10
2000-08-11,154,Unhealthy,Ozone,18,Los Angeles,California,34.1141,-118.4068,12531334.0,3267.0,America/Los_Angeles,2000,8,11
2000-08-12,209,Very Unhealthy,Ozone,18,Los Angeles,California,34.1141,-118.4068,12531334.0,3267.0,America/Los_Angeles,2000,8,12
2000-08-13,217,Very Unhealthy,Ozone,19,Los Angeles,California,34.1141,-118.4068,12531334.0,3267.0,America/Los_Angeles,2000,8,13
2000-08-14,151,Unhealthy,Ozone,18,Los Angeles,California,34.1141,-118.4068,12531334.0,3267.0,America/Los_Angeles,2000,8,14
2000-08-15,122,Unhealthy for Sensitive Groups,Ozone,18,Los Angeles,California,34.1141,-118.4068,12531334.0,3267.0,America/Los_Angeles,2000,8,15
2000-08-16,159,Unhealthy,Ozone,19,Los Angeles,California,34.1141,-118.4068,12531334.0,3267.0,America/Los_Angeles,2000,8,16
2000-08-17,119,Unhealthy for Sensitive Groups,Ozone,18,Los Angeles,California,34.1141,-118.4068,12531334.0,3267.0,America/Los_Angeles,2000,8,17
2000-08-18,156,Unhealthy,Ozone,18,Los Angeles,California,34.1141,-118.4068,12531334.0,3267.0,America/Los_Angeles,2000,8,18
2000-08-19,143,Unhealthy for Sensitive Groups,Ozone,19,Los Angeles,California,34.1141,-118.4068,12531334.0,3267.0,America/Los_Angeles,2000,8,19
2000-08-20,164,Unhealthy,Ozone,18,Los Angeles,California,34.1141,-118.4068,12531334.0,3267.0,America/Los_Angeles,2000,8,20
2000-08-21,133,Unhealthy for Sensitive Groups,Ozone,18,Los Angeles,California,34.1141,-118.4068,12531334.0,3267.0,America/Los_Angeles,2000,8,21
2000-08-22,185,Unhealthy,Ozone,19,Los Angeles,California,34.1141,-118.4068,12531334.0,3267.0,America/Los_Angeles,2000,8,22
2000-08-23,150,Unhealthy for Sensitive Groups,Ozone,18,Los Angeles,California,34.1141,-118.4068,12531334.0,3267.0,America/Los_Angeles,2000,8,23
2000-08-24,126,Unhealthy for Sensitive Groups,Ozone,18,Los Angeles,California,34.1141,-118.4068,12531334.0,3267.0,America/Los_Angeles,2000,8,24
2000-08-25,161,Unhealthy,Ozone,19,Los Angeles,California,34.1141,-118.4068,12531334.0,3267.0,America/Los_Angeles,2000,8,25
2000-08-26,100,Moderate,Ozone,18,Los Angeles,California,34.1141,-118.4068,12531334.0,3267.0,America/Los_Angeles,2000,8,26
2000-08-27,90,Moderate,Ozone,18,Los Angeles,California,34.1141,-118.4068,12531334.0,3267.0,America/Los_Angeles,2000,8,27
2000-08-28,100,Moderate,Ozone,19,Los Angeles,California,34.1141,-118.4068,12531334.0,3267.0,America/Los_Angeles,2000,8,28
2000-08-29,85,Moderate,PM2.5,18,Los Angeles,California,34.1141,-118.4068,12531334.0,3267.0,America/Los_Angeles,2000,8,29
2000-08-30,51,Moderate,PM2.5,18,Los Angeles,California,34.1141,-118.4068,12531334.0,3267.0,America/Los_Angeles,2000,8,30
2000-08-31,47,Good,NO2,19,Los Angeles,California,34.1141,-118.4068,12531334.0,3267.0,America/Los_Angeles,2000,8,31
2000-09-01,38,Good,NO2,19,Los Angeles,California,34.1141,-118.4068,12531334.0,3267.0,America/Los_Angeles,2000,9,1
2000-09-02,41,Good,Ozone,18,Los Angeles,California,34.1141,-118.4068,12531334.0,3267.0,America/Los_Angeles,2000,9,2
2000-09-03,56,Moderate,PM2.5,18,Los Angeles,California,34.1141,-118.4068,12531334.0,3267.0,America/Los_Angeles,2000,9,3
2000-09-04,67,Moderate,Ozone,18,Los Angeles,California,34.1141,-118.4068,12531334.0,3267.0,America/Los_Angeles,2000,9,4
2000-09-05,77,Moderate,NO2,18,Los Angeles,California,34.1141,-118.4068,12531334.0,3267.0,America/Los_Angeles,2000,9,5
2000-09-06,105,Unhealthy for Sensitive Groups,NO2,18,Los Angeles,California,34.1141,-118.4068,12531334.0,3267.0,America/Los_Angeles,2000,9,6
2000-09-07,106,Unhealthy for Sensitive Groups,NO2,18,Los Angeles,California,34.1141,-118.4068,12531334.0,3267.0,America/Los_Angeles,2000,9,7
2000-09-08,88,Moderate,NO2,18,Los Angeles,California,34.1141,-118.4068,12531334.0,3267.0,America/Los_Angeles,2000,9,8
2000-09-09,143,Unhealthy for Sensitive Groups,Ozone,18,Los Angeles,California,34.1141,-118.4068,12531334.0,3267.0,America/Los_Angeles,2000,9,9
2000-09-10,166,Unhealthy,Ozone,18,Los Angeles,California,34.1141,-118.4068,12531334.0,3267.0,America/Los_Angeles,2000,9,10
2000-09-11,114,Unhealthy for Sensitive Groups,PM2.5,18,Los Angeles,California,34.1141,-118.4068,12531334.0,3267.0,America/Los_Angeles,2000,9,11
2000-09-12,108,Unhealthy for Sensitive Groups,NO2,18,Los Angeles,California,34.1141,-118.4068,12531334.0,3267.0,America/Los_Angeles,2000,9,12
2000-09-13,129,Unhealthy for Sensitive Groups,Ozone,18,Los Angeles,California,34.1141,-118.4068,12531334.0,3267.0,America/Los_Angeles,2000,9,13
2000-09-14,67,Moderate,NO2,18,Los Angeles,California,34.1141,-118.4068,12531334.0,3267.0,America/Los_Angeles,2000,9,14
2000-09-15,104,Unhealthy for Sensitive Groups,NO2,18,Los Angeles,California,34.1141,-118.4068,12531334.0,3267.0,America/Los_Angeles,2000,9,15
2000-09-16,192,Unhealthy,Ozone,18,Los Angeles,California,34.1141,-118.4068,12531334.0,3267.0,America/Los_Angeles,2000,9,16
2000-09-17,207,Very Unhealthy,Ozone,18,Los Angeles,California,34.1141,-118.4068,12531334.0,3267.0,America/Los_Angeles,2000,9,17
2000-09-18,106,Unhealthy for Sensitive Groups,PM2.5,18,Los Angeles,California,34.1141,-118.4068,12531334.0,3267.0,America/Los_Angeles,2000,9,18
2000-09-19,146,Unhealthy for Sensitive Groups,PM2.5,18,Los Angeles,California,34.1141,-118.4068,12531334.0,3267.0,America/Los_Angeles,2000,9,19
2000-09-20,143,Unhealthy for Sensitive Groups,Ozone,18,Los Angeles,California,34.1141,-118.4068,12531334.0,3267.0,America/Los_Angeles,2000,9,20
2000-09-21,62,Moderate,PM2.5,18,Los Angeles,California,34.1141,-118.4068,12531334.0,3267.0,America/Los_Angeles,2000,9,21
2000-09-22,55,Moderate,PM10,18,Los Angeles,California,34.1141,-118.4068,12531334.0,3267.0,America/Los_Angeles,2000,9,22
2000-09-23,42,Good,NO2,18,Los Angeles,California,34.1141,-118.4068,12531334.0,3267.0,America/Los_Angeles,2000,9,23
2000-09-24,54,Moderate,NO2,18,Los Angeles,California,34.1141,-118.4068,12531334.0,3267.0,America/Los_Angeles,2000,9,24
2000-09-25,84,Moderate,NO2,18,Los Angeles,California,34.1141,-118.4068,12531334.0,3267.0,America/Los_Angeles,2000,9,25
2000-09-26,89,Moderate,NO2,18,Los Angeles,California,34.1141,-118.4068,12531334.0,3267.0,America/Los_Angeles,2000,9,26
2000-09-27,89,Moderate,PM2.5,18,Los Angeles,California,34.1141,-118.4068,12531334.0,3267.0,America/Los_Angeles,2000,9,27
2000-09-28,109,Unhealthy for Sensitive Groups,PM2.5,18,Los Angeles,California,34.1141,-118.4068,12531334.0,3267.0,America/Los_Angeles,2000,9,28
2000-09-29,79,Moderate,PM2.5,18,Los Angeles,California,34.1141,-118.4068,12531334.0,3267.0,America/Los_Angeles,2000,9,29
2000-09-30,95,Moderate,PM2.5,18,Los Angeles,California,34.1141,-118.4068,12531334.0,3267.0,America/Los_Angeles,2000,9,30
2000-10-01,154,Unhealthy,Ozone,18,Los Angeles,California,34.1141,-118.4068,12531334.0,3267.0,America/Los_Angeles,2000,10,1
2000-10-02,102,Unhealthy for Sensitive Groups,PM2.5,18,Los Angeles,California,34.1141,-118.4068,12531334.0,3267.0,America/Los_Angeles,2000,10,2
2000-10-03,117,Unhealthy for Sensitive Groups,PM2.5,18,Los Angeles,California,34.1141,-118.4068,12531334.0,3267.0,America/Los_Angeles,2000,10,3
2000-10-04,64,Moderate,PM2.5,18,Los Angeles,California,34.1141,-118.4068,12531334.0,3267.0,America/Los_Angeles,2000,10,4
2000-10-05,65,Moderate,PM2.5,18,Los Angeles,California,34.1141,-118.4068,12531334.0,3267.0,America/Los_Angeles,2000,10,5
2000-10-06,96,Moderate,PM2.5,18,Los Angeles,California,34.1141,-118.4068,12531334.0,3267.0,America/Los_Angeles,2000,10,6
2000-10-07,97,Moderate,Ozone,18,Los Angeles,California,34.1141,-118.4068,12531334.0,3267.0,America/Los_Angeles,2000,10,7
2000-10-08,94,Moderate,PM2.5,18,Los Angeles,California,34.1141,-118.4068,12531334.0,3267.0,America/Los_Angeles,2000,10,8
2000-10-09,138,Unhealthy for Sensitive Groups,PM2.5,18,Los Angeles,California,34.1141,-118.4068,12531334.0,3267.0,America/Los_Angeles,2000,10,9
2000-10-10,40,Good,NO2,18,Los Angeles,California,34.1141,-118.4068,12531334.0,3267.0,America/Los_Angeles,2000,10,10
2000-10-11,42,Good,NO2,18,Los Angeles,California,34.1141,-118.4068,12531334.0,3267.0,America/Los_Angeles,2000,10,11
2000-10-12,46,Good,NO2,18,Los Angeles,California,34.1141,-118.4068,12531334.0,3267.0,America/Los_Angeles,2000,10,12
2000-10-13,66,Moderate,NO2,18,Los Angeles,California,34.1141,-118.4068,12531334.0,3267.0,America/Los_Angeles,2000,10,13
2000-10-14,74,Moderate,NO2,18,Los Angeles,California,34.1141,-118.4068,12531334.0,3267.0,America/Los_Angeles,2000,10,14
2000-10-15,75,Moderate,PM2.5,18,Los Angeles,California,34.1141,-118.4068,12531334.0,3267.0,America/Los_Angeles,2000,10,15
2000-10-16,107,Unhealthy for Sensitive Groups,PM2.5,18,Los Angeles,California,34.1141,-118.4068,12531334.0,3267.0,America/Los_Angeles,2000,10,16
2000-10-17,133,Unhealthy for Sensitive Groups,PM2.5,18,Los Angeles,California,34.1141,-118.4068,12531334.0,3267.0,America/Los_Angeles,2000,10,17
2000-10-18,166,Unhealthy,PM2.5,18,Los Angeles,California,34.1141,-118.4068,12531334.0,3267.0,America/Los_Angeles,2000,10,18
2000-10-19,160,Unhealthy,PM2.5,18,Los Angeles,California,34.1141,-118.4068,12531334.0,3267.0,America/Los_Angeles,2000,10,19
2000-10-20,170,Unhealthy,PM2.5,18,Los Angeles,California,34.1141,-118.4068,12531334.0,3267.0,America/Los_Angeles,2000,10,20
2000-10-21,101,Unhealthy for Sensitive Groups,PM2.5,18,Los Angeles,California,34.1141,-118.4068,12531334.0,3267.0,America/Los_Angeles,2000,10,21
2000-10-22,64,Moderate,NO2,18,Los Angeles,California,34.1141,-118.4068,12531334.0,3267.0,America/Los_Angeles,2000,10,22
2000-10-23,73,Moderate,NO2,18,Los Angeles,California,34.1141,-118.4068,12531334.0,3267.0,America/Los_Angeles,2000,10,23
2000-10-24,55,Moderate,PM2.5,18,Los Angeles,California,34.1141,-118.4068,12531334.0,3267.0,America/Los_Angeles,2000,10,24
2000-10-25,70,Moderate,NO2,18,Los Angeles,California,34.1141,-118.4068,12531334.0,3267.0,America/Los_Angeles,2000,10,25
2000-10-26,49,Good,NO2,18,Los Angeles,California,34.1141,-118.4068,12531334.0,3267.0,America/Los_Angeles,2000,10,26
2000-10-27,49,Good,NO2,18,Los Angeles,California,34.1141,-118.4068,12531334.0,3267.0,America/Los_Angeles,2000,10,27
2000-10-28,43,Good,PM2.5,18,Los Angeles,California,34.1141,-118.4068,12531334.0,3267.0,America/Los_Angeles,2000,10,28
2000-10-29,39,Good,NO2,18,Los Angeles,California,34.1141,-118.4068,12531334.0,3267.0,America/Los_Angeles,2000,10,29
2000-10-30,52,Moderate,PM2.5,18,Los Angeles,California,34.1141,-118.4068,12531334.0,3267.0,America/Los_Angeles,2000,10,30
2000-10-31,49,Good,NO2,18,Los Angeles,California,34.1141,-118.4068,12531334.0,3267.0,America/Los_Angeles,2000,10,31
2000-11-01,71,Moderate,PM2.5,18,Los Angeles,California,34.1141,-118.4068,12531334.0,3267.0,America/Los_Angeles,2000,11,1
2000-11-02,103,Unhealthy for Sensitive Groups,PM2.5,18,Los Angeles,California,34.1141,-118.4068,12531334.0,3267.0,America/Los_Angeles,2000,11,2
2000-11-03,73,Moderate,NO2,18,Los Angeles,California,34.1141,-118.4068,12531334.0,3267.0,America/Los_Angeles,2000,11,3
2000-11-04,78,Moderate,CO,18,Los Angeles,California,34.1141,-118.4068,12531334.0,3267.0,America/Los_Angeles,2000,11,4
2000-11-05,87,Moderate,PM2.5,18,Los Angeles,California,34.1141,-118.4068,12531334.0,3267.0,America/Los_Angeles,2000,11,5
2000-11-06,81,Moderate,PM2.5,18,Los Angeles,California,34.1141,-118.4068,12531334.0,3267.0,America/Los_Angeles,2000,11,6
2000-11-07,68,Moderate,NO2,18,Los Angeles,California,34.1141,-118.4068,12531334.0,3267.0,America/Los_Angeles,2000,11,7
2000-11-08,66,Moderate,PM2.5,18,Los Angeles,California,34.1141,-118.4068,12531334.0,3267.0,America/Los_Angeles,2000,11,8
2000-11-09,60,Moderate,PM2.5,18,Los Angeles,California,34.1141,-118.4068,12531334.0,3267.0,America/Los_Angeles,2000,11,9
2000-11-10,50,Good,NO2,18,Los Angeles,California,34.1141,-118.4068,12531334.0,3267.0,America/Los_Angeles,2000,11,10
2000-11-11,59,Moderate,PM2.5,18,Los Angeles,California,34.1141,-118.4068,12531334.0,3267.0,America/Los_Angeles,2000,11,11
2000-11-12,63,Moderate,PM2.5,18,Los Angeles,California,34.1141,-118.4068,12531334.0,3267.0,America/Los_Angeles,2000,11,12
2000-11-13,73,Moderate,PM2.5,18,Los Angeles,California,34.1141,-118.4068,12531334.0,3267.0,America/Los_Angeles,2000,11,13
2000-11-14,99,Moderate,PM2.5,18,Los Angeles,California,34.1141,-118.4068,12531334.0,3267.0,America/Los_Angeles,2000,11,14
2000-11-15,93,Moderate,PM2.5,18,Los Angeles,California,34.1141,-118.4068,12531334.0,3267.0,America/Los_Angeles,2000,11,15
2000-11-16,92,Moderate,PM2.5,18,Los Angeles,California,34.1141,-118.4068,12531334.0,3267.0,America/Los_Angeles,2000,11,16
2000-11-17,86,Moderate,NO2,18,Los Angeles,California,34.1141,-118.4068,12531334.0,3267.0,America/Los_Angeles,2000,11,17
2000-11-18,72,Moderate,PM2.5,18,Los Angeles,California,34.1141,-118.4068,12531334.0,3267.0,America/Los_Angeles,2000,11,18
2000-11-19,71,Moderate,NO2,18,Los Angeles,California,34.1141,-118.4068,12531334.0,3267.0,America/Los_Angeles,2000,11,19
2000-11-20,109,Unhealthy for Sensitive Groups,NO2,18,Los Angeles,California,34.1141,-118.4068,12531334.0,3267.0,America/Los_Angeles,2000,11,20
2000-11-21,97,Moderate,NO2,18,Los Angeles,California,34.1141,-118.4068,12531334.0,3267.0,America/Los_Angeles,2000,11,21
2000-11-22,86,Moderate,PM2.5,18,Los Angeles,California,34.1141,-118.4068,12531334.0,3267.0,America/Los_Angeles,2000,11,22
2000-11-23,109,Unhealthy for Sensitive Groups,PM2.5,18,Los Angeles,California,34.1141,-118.4068,12531334.0,3267.0,America/Los_Angeles,2000,11,23
2000-11-24,156,Unhealthy,PM2.5,18,Los Angeles,California,34.1141,-118.4068,12531334.0,3267.0,America/Los_Angeles,2000,11,24
2000-11-25,168,Unhealthy,PM2.5,18,Los Angeles,California,34.1141,-118.4068,12531334.0,3267.0,America/Los_Angeles,2000,11,25
2000-11-26,151,Unhealthy,PM2.5,18,Los Angeles,California,34.1141,-118.4068,12531334.0,3267.0,America/Los_Angeles,2000,11,26
2000-11-27,161,Unhealthy,PM2.5,18,Los Angeles,California,34.1141,-118.4068,12531334.0,3267.0,America/Los_Angeles,2000,11,27
2000-11-28,157,Unhealthy,PM2.5,18,Los Angeles,California,34.1141,-118.4068,12531334.0,3267.0,America/Los_Angeles,2000,11,28
2000-11-29,159,Unhealthy,PM2.5,18,Los Angeles,California,34.1141,-118.4068,12531334.0,3267.0,America/Los_Angeles,2000,11,29
2000-11-30,161,Unhealthy,PM2.5,18,Los Angeles,California,34.1141,-118.4068,12531334.0,3267.0,America/Los_Angeles,2000,11,30
2000-12-01,168,Unhealthy,PM2.5,18,Los Angeles,California,34.1141,-118.4068,12531334.0,3267.0,America/Los_Angeles,2000,12,1
2000-12-02,181,Unhealthy,PM2.5,18,Los Angeles,California,34.1141,-118.4068,12531334.0,3267.0,America/Los_Angeles,2000,12,2
2000-12-03,173,Unhealthy,PM2.5,18,Los Angeles,California,34.1141,-118.4068,12531334.0,3267.0,America/Los_Angeles,2000,12,3
2000-12-04,151,Unhealthy,PM2.5,18,Los Angeles,California,34.1141,-118.4068,12531334.0,3267.0,America/Los_Angeles,2000,12,4
2000-12-05,117,Unhealthy for Sensitive Groups,PM2.5,18,Los Angeles,California,34.1141,-118.4068,12531334.0,3267.0,America/Los_Angeles,2000,12,5
2000-12-06,136,Unhealthy for Sensitive Groups,PM2.5,18,Los Angeles,California,34.1141,-118.4068,12531334.0,3267.0,America/Los_Angeles,2000,12,6
2000-12-07,98,Moderate,NO2,18,Los Angeles,California,34.1141,-118.4068,12531334.0,3267.0,America/Los_Angeles,2000,12,7
2000-12-08,75,Moderate,PM2.5,18,Los Angeles,California,34.1141,-118.4068,12531334.0,3267.0,America/Los_Angeles,2000,12,8
2000-12-09,66,Moderate,PM2.5,18,Los Angeles,California,34.1141,-118.4068,12531334.0,3267.0,America/Los_Angeles,2000,12,9
2000-12-10,60,Moderate,PM2.5,18,Los Angeles,California,34.1141,-118.4068,12531334.0,3267.0,America/Los_Angeles,2000,12,10
2000-12-11,102,Unhealthy for Sensitive Groups,PM2.5,18,Los Angeles,California,34.1141,-118.4068,12531334.0,3267.0,America/Los_Angeles,2000,12,11
2000-12-12,62,Moderate,PM2.5,18,Los Angeles,California,34.1141,-118.4068,12531334.0,3267.0,America/Los_Angeles,2000,12,12
2000-12-13,59,Moderate,PM2.5,18,Los Angeles,California,34.1141,-118.4068,12531334.0,3267.0,America/Los_Angeles,2000,12,13
2000-12-14,90,Moderate,PM2.5,18,Los Angeles,California,34.1141,-118.4068,12531334.0,3267.0,America/Los_Angeles,2000,12,14
2000-12-15,114,Unhealthy for Sensitive Groups,PM2.5,18,Los Angeles,California,34.1141,-118.4068,12531334.0,3267.0,America/Los_Angeles,2000,12,15
2000-12-16,82,Moderate,PM2.5,18,Los Angeles,California,34.1141,-118.4068,12531334.0,3267.0,America/Los_Angeles,2000,12,16
2000-12-17,80,Moderate,NO2,18,Los Angeles,California,34.1141,-118.4068,12531334.0,3267.0,America/Los_Angeles,2000,12,17
2000-12-18,113,Unhealthy for Sensitive Groups,NO2,18,Los Angeles,California,34.1141,-118.4068,12531334.0,3267.0,America/Los_Angeles,2000,12,18
2000-12-19,98,Moderate,NO2,18,Los Angeles,California,34.1141,-118.4068,12531334.0,3267.0,America/Los_Angeles,2000,12,19
2000-12-20,113,Unhealthy for Sensitive Groups,PM2.5,18,Los Angeles,California,34.1141,-118.4068,12531334.0,3267.0,America/Los_Angeles,2000,12,20
2000-12-21,115,Unhealthy for Sensitive Groups,NO2,18,Los Angeles,California,34.1141,-118.4068,12531334.0,3267.0,America/Los_Angeles,2000,12,21
2000-12-22,109,Unhealthy for Sensitive Groups,NO2,18,Los Angeles,California,34.1141,-118.4068,12531334.0,3267.0,America/Los_Angeles,2000,12,22
2000-12-23,165,Unhealthy,PM2.5,18,Los Angeles,California,34.1141,-118.4068,12531334.0,3267.0,America/Los_Angeles,2000,12,23
2000-12-24,164,Unhealthy,PM2.5,18,Los Angeles,California,34.1141,-118.4068,12531334.0,3267.0,America/Los_Angeles,2000,12,24
2000-12-25,152,Unhealthy,PM2.5,18,Los Angeles,California,34.1141,-118.4068,12531334.0,3267.0,America/Los_Angeles,2000,12,25
2000-12-26,151,Unhealthy,PM2.5,18,Los Angeles,California,34.1141,-118.4068,12531334.0,3267.0,America/Los_Angeles,2000,12,26
2000-12-27,80,Moderate,NO2,18,Los Angeles,California,34.1141,-118.4068,12531334.0,3267.0,America/Los_Angeles,2000,12,27
2000-12-28,112,Unhealthy for Sensitive Groups,PM2.5,18,Los Angeles,California,34.1141,-118.4068,12531334.0,3267.0,America/Los_Angeles,2000,12,28
2000-12-29,147,Unhealthy for Sensitive Groups,PM2.5,18,Los Angeles,California,34.1141,-118.4068,12531334.0,3267.0,America/Los_Angeles,2000,12,29
2000-12-30,151,Unhealthy,PM2.5,18,Los Angeles,California,34.1141,-118.4068,12531334.0,3267.0,America/Los_Angeles,2000,12,30
2000-12-31,158,Unhealthy,PM2.5,18,Los Angeles,California,34.1141,-118.4068,12531334.0,3267.0,America/Los_Angeles,2000,12,31
2001-01-01,162,Unhealthy,PM2.5,18,Los Angeles,California,34.1141,-118.4068,12531334.0,3267.0,America/Los_Angeles,2001,1,1
2001-01-02,104,Unhealthy for Sensitive Groups,NO2,18,Los Angeles,California,34.1141,-118.4068,12531334.0,3267.0,America/Los_Angeles,2001,1,2
2001-01-03,100,Moderate,NO2,18,Los Angeles,California,34.1141,-118.4068,12531334.0,3267.0,America/Los_Angeles,2001,1,3
2001-01-04,81,Moderate,NO2,18,Los Angeles,California,34.1141,-118.4068,12531334.0,3267.0,America/Los_Angeles,2001,1,4
2001-01-05,100,Moderate,NO2,18,Los Angeles,California,34.1141,-118.4068,12531334.0,3267.0,America/Los_Angeles,2001,1,5
2001-01-06,106,Unhealthy for Sensitive Groups,PM2.5,18,Los Angeles,California,34.1141,-118.4068,12531334.0,3267.0,America/Los_Angeles,2001,1,6
2001-01-07,156,Unhealthy,PM2.5,18,Los Angeles,California,34.1141,-118.4068,12531334.0,3267.0,America/Los_Angeles,2001,1,7
2001-01-08,123,Unhealthy for Sensitive Groups,PM2.5,18,Los Angeles,California,34.1141,-118.4068,12531334.0,3267.0,America/Los_Angeles,2001,1,8
2001-01-09,97,Moderate,PM2.5,18,Los Angeles,California,34.1141,-118.4068,12531334.0,3267.0,America/Los_Angeles,2001,1,9
2001-01-10,90,Moderate,PM2.5,18,Los Angeles,California,34.1141,-118.4068,12531334.0,3267.0,America/Los_Angeles,2001,1,10
2001-01-11,48,Good,NO2,18,Los Angeles,California,34.1141,-118.4068,12531334.0,3267.0,America/Los_Angeles,2001,1,11
2001-01-12,66,Moderate,PM2.5,18,Los Angeles,California,34.1141,-118.4068,12531334.0,3267.0,America/Los_Angeles,2001,1,12
2001-01-13,103,Unhealthy for Sensitive Groups,PM2.5,18,Los Angeles,California,34.1141,-118.4068,12531334.0,3267.0,America/Los_Angeles,2001,1,13
2001-01-14,133,Unhealthy for Sensitive Groups,PM2.5,18,Los Angeles,California,34.1141,-118.4068,12531334.0,3267.0,America/Los_Angeles,2001,1,14
2001-01-15,103,Unhealthy for Sensitive Groups,PM2.5,18,Los Angeles,California,34.1141,-118.4068,12531334.0,3267.0,America/Los_Angeles,2001,1,15
2001-01-16,97,Moderate,PM2.5,18,Los Angeles,California,34.1141,-118.4068,12531334.0,3267.0,America/Los_Angeles,2001,1,16
2001-01-17,82,Moderate,CO,18,Los Angeles,California,34.1141,-118.4068,12531334.0,3267.0,America/Los_Angeles,2001,1,17
2001-01-18,113,Unhealthy for Sensitive Groups,PM2.5,18,Los Angeles,California,34.1141,-118.4068,12531334.0,3267.0,America/Los_Angeles,2001,1,18
2001-01-19,142,Unhealthy for Sensitive Groups,PM2.5,18,Los Angeles,California,34.1141,-118.4068,12531334.0,3267.0,America/Los_Angeles,2001,1,19
2001-01-20,149,Unhealthy for Sensitive Groups,PM2.5,18,Los Angeles,California,34.1141,-118.4068,12531334.0,3267.0,America/Los_Angeles,2001,1,20
2001-01-21,124,Unhealthy for Sensitive Groups,PM2.5,18,Los Angeles,California,34.1141,-118.4068,12531334.0,3267.0,America/Los_Angeles,2001,1,21
2001-01-22,126,Unhealthy for Sensitive Groups,PM2.5,18,Los Angeles,California,34.1141,-118.4068,12531334.0,3267.0,America/Los_Angeles,2001,1,22
2001-01-23,116,Unhealthy for Sensitive Groups,PM2.5,18,Los Angeles,California,34.1141,-118.4068,12531334.0,3267.0,America/Los_Angeles,2001,1,23
2001-01-24,68,Moderate,NO2,18,Los Angeles,California,34.1141,-118.4068,12531334.0,3267.0,America/Los_Angeles,2001,1,24
2001-01-25,90,Moderate,PM2.5,18,Los Angeles,California,34.1141,-118.4068,12531334.0,3267.0,America/Los_Angeles,2001,1,25
2001-01-26,72,Moderate,PM2.5,18,Los Angeles,California,34.1141,-118.4068,12531334.0,3267.0,America/Los_Angeles,2001,1,26
2001-01-27,93,Moderate,PM2.5,18,Los Angeles,California,34.1141,-118.4068,12531334.0,3267.0,America/Los_Angeles,2001,1,27
2001-01-28,95,Moderate,PM2.5,18,Los Angeles,California,34.1141,-118.4068,12531334.0,3267.0,America/Los_Angeles,2001,1,28
2001-01-29,69,Moderate,PM2.5,18,Los Angeles,California,34.1141,-118.4068,12531334.0,3267.0,America/Los_Angeles,2001,1,29
2001-01-30,91,Moderate,PM2.5,18,Los Angeles,California,34.1141,-118.4068,12531334.0,3267.0,America/Los_Angeles,2001,1,30
2001-01-31,90,Moderate,PM2.5,18,Los Angeles,California,34.1141,-118.4068,12531334.0,3267.0,America/Los_Angeles,2001,1,31
2001-02-01,81,Moderate,NO2,18,Los Angeles,California,34.1141,-118.4068,12531334.0,3267.0,America/Los_Angeles,2001,2,1
2001-02-02,80,Moderate,NO2,18,Los Angeles,California,34.1141,-118.4068,12531334.0,3267.0,America/Los_Angeles,2001,2,2
2001-02-03,94,Moderate,NO2,18,Los Angeles,California,34.1141,-118.4068,12531334.0,3267.0,America/Los_Angeles,2001,2,3
2001-02-04,78,Moderate,CO,18,Los Angeles,California,34.1141,-118.4068,12531334.0,3267.0,America/Los_Angeles,2001,2,4
2001-02-05,86,Moderate,NO2,18,Los Angeles,California,34.1141,-118.4068,12531334.0,3267.0,America/Los_Angeles,2001,2,5
2001-02-06,92,Moderate,PM2.5,18,Los Angeles,California,34.1141,-118.4068,12531334.0,3267.0,America/Los_Angeles,2001,2,6
2001-02-07,47,Good,NO2,18,Los Angeles,California,34.1141,-118.4068,12531334.0,3267.0,America/Los_Angeles,2001,2,7
2001-02-08,78,Moderate,NO2,18,Los Angeles,California,34.1141,-118.4068,12531334.0,3267.0,America/Los_Angeles,2001,2,8
2001-02-09,69,Moderate,PM2.5,18,Los Angeles,California,34.1141,-118.4068,12531334.0,3267.0,America/Los_Angeles,2001,2,9
2001-02-10,62,Moderate,PM2.5,18,Los Angeles,California,34.1141,-118.4068,12531334.0,3267.0,America/Los_Angeles,2001,2,10
2001-02-11,47,Good,NO2,18,Los Angeles,California,34.1141,-118.4068,12531334.0,3267.0,America/Los_Angeles,2001,2,11
2001-02-12,73,Moderate,PM2.5,18,Los Angeles,California,34.1141,-118.4068,12531334.0,3267.0,America/Los_Angeles,2001,2,12
2001-02-13,47,Good,NO2,17,Los Angeles,California,34.1141,-118.4068,12531334.0,3267.0,America/Los_Angeles,2001,2,13
2001-02-14,51,Moderate,NO2,17,Los Angeles,California,34.1141,-118.4068,12531334.0,3267.0,America/Los_Angeles,2001,2,14
2001-02-15,90,Moderate,PM2.5,18,Los Angeles,California,34.1141,-118.4068,12531334.0,3267.0,America/Los_Angeles,2001,2,15
2001-02-16,120,Unhealthy for Sensitive Groups,PM2.5,17,Los Angeles,California,34.1141,-118.4068,12531334.0,3267.0,America/Los_Angeles,2001,2,16
2001-02-17,90,Moderate,PM2.5,17,Los Angeles,California,34.1141,-118.4068,12531334.0,3267.0,America/Los_Angeles,2001,2,17
2001-02-18,96,Moderate,PM2.5,18,Los Angeles,California,34.1141,-118.4068,12531334.0,3267.0,America/Los_Angeles,2001,2,18
2001-02-19,56,Moderate,PM2.5,18,Los Angeles,California,34.1141,-118.4068,12531334.0,3267.0,America/Los_Angeles,2001,2,19
2001-02-20,67,Moderate,PM2.5,18,Los Angeles,California,34.1141,-118.4068,12531334.0,3267.0,America/Los_Angeles,2001,2,20
2001-02-21,64,Moderate,NO2,18,Los Angeles,California,34.1141,-118.4068,12531334.0,3267.0,America/Los_Angeles,2001,2,21
2001-02-22,60,Moderate,NO2,17,Los Angeles,California,34.1141,-118.4068,12531334.0,3267.0,America/Los_Angeles,2001,2,22
2001-02-23,52,Moderate,PM2.5,18,Los Angeles,California,34.1141,-118.4068,12531334.0,3267.0,America/Los_Angeles,2001,2,23
2001-02-24,63,Moderate,PM2.5,18,Los Angeles,California,34.1141,-118.4068,12531334.0,3267.0,America/Los_Angeles,2001,2,24
2001-02-25,38,Good,NO2,18,Los Angeles,California,34.1141,-118.4068,12531334.0,3267.0,America/Los_Angeles,2001,2,25
2001-02-26,49,Good,NO2,18,Los Angeles,California,34.1141,-118.4068,12531334.0,3267.0,America/Los_Angeles,2001,2,26
2001-02-27,78,Moderate,PM2.5,18,Los Angeles,California,34.1141,-118.4068,12531334.0,3267.0,America/Los_Angeles,2001,2,27
2001-02-28,57,Moderate,NO2,18,Los Angeles,California,34.1141,-118.4068,12531334.0,3267.0,America/Los_Angeles,2001,2,28
2001-03-01,68,Moderate,NO2,19,Los Angeles,California,34.1141,-118.4068,12531334.0,3267.0,America/Los_Angeles,2001,3,1
2001-03-02,83,Moderate,PM2.5,19,Los Angeles,California,34.1141,-118.4068,12531334.0,3267.0,America/Los_Angeles,2001,3,2
2001-03-03,64,Moderate,PM2.5,19,Los Angeles,California,34.1141,-118.4068,12531334.0,3267.0,America/Los_Angeles,2001,3,3
2001-03-04,49,Good,NO2,19,Los Angeles,California,34.1141,-118.4068,12531334.0,3267.0,America/Los_Angeles,2001,3,4
2001-03-05,49,Good,NO2,19,Los Angeles,California,34.1141,-118.4068,12531334.0,3267.0,America/Los_Angeles,2001,3,5
2001-03-06,49,Good,NO2,19,Los Angeles,California,34.1141,-118.4068,12531334.0,3267.0,America/Los_Angeles,2001,3,6
2001-03-07,49,Good,NO2,19,Los Angeles,California,34.1141,-118.4068,12531334.0,3267.0,America/Los_Angeles,2001,3,7
2001-03-08,86,Moderate,PM2.5,19,Los Angeles,California,34.1141,-118.4068,12531334.0,3267.0,America/Los_Angeles,2001,3,8
2001-03-09,61,Moderate,PM2.5,19,Los Angeles,California,34.1141,-118.4068,12531334.0,3267.0,America/Los_Angeles,2001,3,9
2001-03-10,42,Good,NO2,19,Los Angeles,California,34.1141,-118.4068,12531334.0,3267.0,America/Los_Angeles,2001,3,10
2001-03-11,54,Moderate,PM2.5,19,Los Angeles,California,34.1141,-118.4068,12531334.0,3267.0,America/Los_Angeles,2001,3,11
2001-03-12,62,Moderate,NO2,19,Los Angeles,California,34.1141,-118.4068,12531334.0,3267.0,America/Los_Angeles,2001,3,12
2001-03-13,66,Moderate,NO2,19,Los Angeles,California,34.1141,-118.4068,12531334.0,3267.0,America/Los_Angeles,2001,3,13
2001-03-14,83,Moderate,PM2.5,19,Los Angeles,California,34.1141,-118.4068,12531334.0,3267.0,America/Los_Angeles,2001,3,14
2001-03-15,108,Unhealthy for Sensitive Groups,PM2.5,19,Los Angeles,California,34.1141,-118.4068,12531334.0,3267.0,America/Los_Angeles,2001,3,15
2001-03-16,93,Moderate,PM2.5,19,Los Angeles,California,34.1141,-118.4068,12531334.0,3267.0,America/Los_Angeles,2001,3,16
2001-03-17,95,Moderate,PM2.5,19,Los Angeles,California,34.1141,-118.4068,12531334.0,3267.0,America/Los_Angeles,2001,3,17
2001-03-18,129,Unhealthy for Sensitive Groups,Ozone,19,Los Angeles,California,34.1141,-118.4068,12531334.0,3267.0,America/Los_Angeles,2001,3,18
2001-03-19,103,Unhealthy for Sensitive Groups,NO2,19,Los Angeles,California,34.1141,-118.4068,12531334.0,3267.0,America/Los_Angeles,2001,3,19
2001-03-20,105,Unhealthy for Sensitive Groups,PM2.5,19,Los Angeles,California,34.1141,-118.4068,12531334.0,3267.0,America/Los_Angeles,2001,3,20
2001-03-21,157,Unhealthy,PM2.5,19,Los Angeles,California,34.1141,-118.4068,12531334.0,3267.0,America/Los_Angeles,2001,3,21
2001-03-22,106,Unhealthy for Sensitive Groups,PM2.5,19,Los Angeles,California,34.1141,-118.4068,12531334.0,3267.0,America/Los_Angeles,2001,3,22
2001-03-23,96,Moderate,PM2.5,19,Los Angeles,California,34.1141,-118.4068,12531334.0,3267.0,America/Los_Angeles,2001,3,23
2001-03-24,112,Unhealthy for Sensitive Groups,PM2.5,19,Los Angeles,California,34.1141,-118.4068,12531334.0,3267.0,America/Los_Angeles,2001,3,24
2001-03-25,80,Moderate,PM2.5,19,Los Angeles,California,34.1141,-118.4068,12531334.0,3267.0,America/Los_Angeles,2001,3,25
2001-03-26,63,Moderate,PM2.5,19,Los Angeles,California,34.1141,-118.4068,12531334.0,3267.0,America/Los_Angeles,2001,3,26
2001-03-27,83,Moderate,PM2.5,19,Los Angeles,California,34.1141,-118.4068,12531334.0,3267.0,America/Los_Angeles,2001,3,27
2001-03-28,97,Moderate,PM2.5,19,Los Angeles,California,34.1141,-118.4068,12531334.0,3267.0,America/Los_Angeles,2001,3,28
2001-03-29,102,Unhealthy for Sensitive Groups,PM2.5,19,Los Angeles,California,34.1141,-118.4068,12531334.0,3267.0,America/Los_Angeles,2001,3,29
2001-03-30,127,Unhealthy for Sensitive Groups,PM2.5,19,Los Angeles,California,34.1141,-118.4068,12531334.0,3267.0,America/Los_Angeles,2001,3,30
2001-03-31,152,Unhealthy,PM2.5,19,Los Angeles,California,34.1141,-118.4068,12531334.0,3267.0,America/Los_Angeles,2001,3,31
2001-04-01,124,Unhealthy for Sensitive Groups,PM2.5,19,Los Angeles,California,34.1141,-118.4068,12531334.0,3267.0,America/Los_Angeles,2001,4,1
2001-04-02,52,Moderate,PM2.5,19,Los Angeles,California,34.1141,-118.4068,12531334.0,3267.0,America/Los_Angeles,2001,4,2
2001-04-03,51,Moderate,NO2,19,Los Angeles,California,34.1141,-118.4068,12531334.0,3267.0,America/Los_Angeles,2001,4,3
2001-04-04,48,Good,NO2,19,Los Angeles,California,34.1141,-118.4068,12531334.0,3267.0,America/Los_Angeles,2001,4,4
2001-04-05,58,Moderate,Ozone,19,Los Angeles,California,34.1141,-118.4068,12531334.0,3267.0,America/Los_Angeles,2001,4,5
2001-04-06,53,Moderate,NO2,19,Los Angeles,California,34.1141,-118.4068,12531334.0,3267.0,America/Los_Angeles,2001,4,6
2001-04-07,48,Good,Ozone,19,Los Angeles,California,34.1141,-118.4068,12531334.0,3267.0,America/Los_Angeles,2001,4,7
2001-04-08,49,Good,Ozone,19,Los Angeles,California,34.1141,-118.4068,12531334.0,3267.0,America/Los_Angeles,2001,4,8
2001-04-09,49,Good,Ozone,19,Los Angeles,California,34.1141,-118.4068,12531334.0,3267.0,America/Los_Angeles,2001,4,9
2001-04-10,57,Moderate,PM2.5,19,Los Angeles,California,34.1141,-118.4068,12531334.0,3267.0,America/Los_Angeles,2001,4,10
2001-04-11,55,Moderate,PM2.5,19,Los Angeles,California,34.1141,-118.4068,12531334.0,3267.0,America/Los_Angeles,2001,4,11
2001-04-12,61,Moderate,Ozone,19,Los Angeles,California,34.1141,-118.4068,12531334.0,3267.0,America/Los_Angeles,2001,4,12
2001-04-13,81,Moderate,NO2,19,Los Angeles,California,34.1141,-118.4068,12531334.0,3267.0,America/Los_Angeles,2001,4,13
2001-04-14,74,Moderate,Ozone,19,Los Angeles,California,34.1141,-118.4068,12531334.0,3267.0,America/Los_Angeles,2001,4,14
2001-04-15,119,Unhealthy for Sensitive Groups,Ozone,19,Los Angeles,California,34.1141,-118.4068,12531334.0,3267.0,America/Los_Angeles,2001,4,15
2001-04-16,85,Moderate,NO2,19,Los Angeles,California,34.1141,-118.4068,12531334.0,3267.0,America/Los_Angeles,2001,4,16
2001-04-17,90,Moderate,NO2,19,Los Angeles,California,34.1141,-118.4068,12531334.0,3267.0,America/Los_Angeles,2001,4,17
2001-04-18,103,Unhealthy for Sensitive Groups,NO2,19,Los Angeles,California,34.1141,-118.4068,12531334.0,3267.0,America/Los_Angeles,2001,4,18
2001-04-19,59,Moderate,PM2.5,19,Los Angeles,California,34.1141,-118.4068,12531334.0,3267.0,America/Los_Angeles,2001,4,19
2001-04-20,42,Good,NO2,19,Los Angeles,California,34.1141,-118.4068,12531334.0,3267.0,America/Los_Angeles,2001,4,20
2001-04-21,47,Good,Ozone,19,Los Angeles,California,34.1141,-118.4068,12531334.0,3267.0,America/Los_Angeles,2001,4,21
2001-04-22,61,Moderate,Ozone,19,Los Angeles,California,34.1141,-118.4068,12531334.0,3267.0,America/Los_Angeles,2001,4,22
2001-04-23,74,Moderate,Ozone,19,Los Angeles,California,34.1141,-118.4068,12531334.0,3267.0,America/Los_Angeles,2001,4,23
2001-04-24,99,Moderate,NO2,19,Los Angeles,California,34.1141,-118.4068,12531334.0,3267.0,America/Los_Angeles,2001,4,24
2001-04-25,108,Unhealthy for Sensitive Groups,Ozone,20,Los Angeles,California,34.1141,-118.4068,12531334.0,3267.0,America/Los_Angeles,2001,4,25
2001-04-26,130,Unhealthy for Sensitive Groups,PM2.5,19,Los Angeles,California,34.1141,-118.4068,12531334.0,3267.0,America/Los_Angeles,2001,4,26
2001-04-27,133,Unhealthy for Sensitive Groups,PM2.5,19,Los Angeles,California,34.1141,-118.4068,12531334.0,3267.0,America/Los_Angeles,2001,4,27
2001-04-28,147,Unhealthy for Sensitive Groups,PM2.5,19,Los Angeles,California,34.1141,-118.4068,12531334.0,3267.0,America/Los_Angeles,2001,4,28
2001-04-29,105,Unhealthy for Sensitive Groups,Ozone,19,Los Angeles,California,34.1141,-118.4068,12531334.0,3267.0,America/Los_Angeles,2001,4,29
2001-04-30,119,Unhealthy for Sensitive Groups,PM2.5,19,Los Angeles,California,34.1141,-118.4068,12531334.0,3267.0,America/Los_Angeles,2001,4,30
2001-05-01,158,Unhealthy,PM2.5,20,Los Angeles,California,34.1141,-118.4068,12531334.0,3267.0,America/Los_Angeles,2001,5,1
2001-05-02,85,Moderate,PM10,19,Los Angeles,California,34.1141,-118.4068,12531334.0,3267.0,America/Los_Angeles,2001,5,2
2001-05-03,71,Moderate,Ozone,19,Los Angeles,California,34.1141,-118.4068,12531334.0,3267.0,America/Los_Angeles,2001,5,3
2001-05-04,77,Moderate,NO2,19,Los Angeles,California,34.1141,-118.4068,12531334.0,3267.0,America/Los_Angeles,2001,5,4
2001-05-05,136,Unhealthy for Sensitive Groups,Ozone,19,Los Angeles,California,34.1141,-118.4068,12531334.0,3267.0,America/Los_Angeles,2001,5,5
2001-05-06,187,Unhealthy,Ozone,19,Los Angeles,California,34.1141,-118.4068,12531334.0,3267.0,America/Los_Angeles,2001,5,6
2001-05-07,140,Unhealthy for Sensitive Groups,Ozone,19,Los Angeles,California,34.1141,-118.4068,12531334.0,3267.0,America/Los_Angeles,2001,5,7
2001-05-08,147,Unhealthy for Sensitive Groups,Ozone,19,Los Angeles,California,34.1141,-118.4068,12531334.0,3267.0,America/Los_Angeles,2001,5,8
2001-05-09,159,Unhealthy,Ozone,19,Los Angeles,California,34.1141,-118.4068,12531334.0,3267.0,America/Los_Angeles,2001,5,9
2001-05-10,97,Moderate,Ozone,19,Los Angeles,California,34.1141,-118.4068,12531334.0,3267.0,America/Los_Angeles,2001,5,10
2001-05-11,142,Unhealthy for Sensitive Groups,PM2.5,19,Los Angeles,California,34.1141,-118.4068,12531334.0,3267.0,America/Los_Angeles,2001,5,11
2001-05-12,103,Unhealthy for Sensitive Groups,PM2.5,19,Los Angeles,California,34.1141,-118.4068,12531334.0,3267.0,America/Los_Angeles,2001,5,12
2001-05-13,93,Moderate,Ozone,19,Los Angeles,California,34.1141,-118.4068,12531334.0,3267.0,America/Los_Angeles,2001,5,13
2001-05-14,80,Moderate,Ozone,19,Los Angeles,California,34.1141,-118.4068,12531334.0,3267.0,America/Los_Angeles,2001,5,14
2001-05-15,120,Unhealthy for Sensitive Groups,PM2.5,19,Los Angeles,California,34.1141,-118.4068,12531334.0,3267.0,America/Los_Angeles,2001,5,15
2001-05-16,147,Unhealthy for Sensitive Groups,Ozone,19,Los Angeles,California,34.1141,-118.4068,12531334.0,3267.0,America/Los_Angeles,2001,5,16
2001-05-17,151,Unhealthy,Ozone,20,Los Angeles,California,34.1141,-118.4068,12531334.0,3267.0,America/Los_Angeles,2001,5,17
2001-05-18,122,Unhealthy for Sensitive Groups,Ozone,20,Los Angeles,California,34.1141,-118.4068,12531334.0,3267.0,America/Los_Angeles,2001,5,18
2001-05-19,101,Unhealthy for Sensitive Groups,Ozone,19,Los Angeles,California,34.1141,-118.4068,12531334.0,3267.0,America/Los_Angeles,2001,5,19
2001-05-20,115,Unhealthy for Sensitive Groups,Ozone,19,Los Angeles,California,34.1141,-118.4068,12531334.0,3267.0,America/Los_Angeles,2001,5,20
2001-05-21,106,Unhealthy for Sensitive Groups,PM2.5,19,Los Angeles,California,34.1141,-118.4068,12531334.0,3267.0,America/Los_Angeles,2001,5,21
2001-05-22,147,Unhealthy for Sensitive Groups,Ozone,19,Los Angeles,California,34.1141,-118.4068,12531334.0,3267.0,America/Los_Angeles,2001,5,22
2001-05-23,182,Unhealthy,Ozone,19,Los Angeles,California,34.1141,-118.4068,12531334.0,3267.0,America/Los_Angeles,2001,5,23
2001-05-24,140,Unhealthy for Sensitive Groups,Ozone,19,Los Angeles,California,34.1141,-118.4068,12531334.0,3267.0,America/Los_Angeles,2001,5,24
2001-05-25,143,Unhealthy for Sensitive Groups,Ozone,19,Los Angeles,California,34.1141,-118.4068,12531334.0,3267.0,America/Los_Angeles,2001,5,25
2001-05-26,101,Unhealthy for Sensitive Groups,Ozone,19,Los Angeles,California,34.1141,-118.4068,12531334.0,3267.0,America/Los_Angeles,2001,5,26
2001-05-27,67,Moderate,Ozone,19,Los Angeles,California,34.1141,-118.4068,12531334.0,3267.0,America/Los_Angeles,2001,5,27
2001-05-28,58,Moderate,Ozone,19,Los Angeles,California,34.1141,-118.4068,12531334.0,3267.0,America/Los_Angeles,2001,5,28
2001-05-29,108,Unhealthy for Sensitive Groups,Ozone,19,Los Angeles,California,34.1141,-118.4068,12531334.0,3267.0,America/Los_Angeles,2001,5,29
2001-05-30,140,Unhealthy for Sensitive Groups,Ozone,19,Los Angeles,California,34.1141,-118.4068,12531334.0,3267.0,America/Los_Angeles,2001,5,30
2001-05-31,154,Unhealthy,Ozone,19,Los Angeles,California,34.1141,-118.4068,12531334.0,3267.0,America/Los_Angeles,2001,5,31
2001-06-01,187,Unhealthy,Ozone,20,Los Angeles,California,34.1141,-118.4068,12531334.0,3267.0,America/Los_Angeles,2001,6,1
2001-06-02,108,Unhealthy for Sensitive Groups,Ozone,20,Los Angeles,California,34.1141,-118.4068,12531334.0,3267.0,America/Los_Angeles,2001,6,2
2001-06-03,71,Moderate,Ozone,19,Los Angeles,California,34.1141,-118.4068,12531334.0,3267.0,America/Los_Angeles,2001,6,3
2001-06-04,100,Moderate,Ozone,19,Los Angeles,California,34.1141,-118.4068,12531334.0,3267.0,America/Los_Angeles,2001,6,4
2001-06-05,80,Moderate,Ozone,19,Los Angeles,California,34.1141,-118.4068,12531334.0,3267.0,America/Los_Angeles,2001,6,5
2001-06-06,147,Unhealthy for Sensitive Groups,Ozone,20,Los Angeles,California,34.1141,-118.4068,12531334.0,3267.0,America/Los_Angeles,2001,6,6
2001-06-07,169,Unhealthy,Ozone,20,Los Angeles,California,34.1141,-118.4068,12531334.0,3267.0,America/Los_Angeles,2001,6,7
2001-06-08,208,Very Unhealthy,Ozone,18,Los Angeles,California,34.1141,-118.4068,12531334.0,3267.0,America/Los_Angeles,2001,6,8
2001-06-09,230,Very Unhealthy,Ozone,18,Los Angeles,California,34.1141,-118.4068,12531334.0,3267.0,America/Los_Angeles,2001,6,9
2001-06-10,204,Very Unhealthy,Ozone,18,Los Angeles,California,34.1141,-118.4068,12531334.0,3267.0,America/Los_Angeles,2001,6,10
2001-06-11,122,Unhealthy for Sensitive Groups,Ozone,18,Los Angeles,California,34.1141,-118.4068,12531334.0,3267.0,America/Los_Angeles,2001,6,11
2001-06-12,67,Moderate,Ozone,18,Los Angeles,California,34.1141,-118.4068,12531334.0,3267.0,America/Los_Angeles,2001,6,12
2001-06-13,64,Moderate,Ozone,19,Los Angeles,California,34.1141,-118.4068,12531334.0,3267.0,America/Los_Angeles,2001,6,13
2001-06-14,97,Moderate,Ozone,19,Los Angeles,California,34.1141,-118.4068,12531334.0,3267.0,America/Los_Angeles,2001,6,14
2001-06-15,174,Unhealthy,Ozone,19,Los Angeles,California,34.1141,-118.4068,12531334.0,3267.0,America/Los_Angeles,2001,6,15
2001-06-16,204,Very Unhealthy,Ozone,19,Los Angeles,California,34.1141,-118.4068,12531334.0,3267.0,America/Los_Angeles,2001,6,16
2001-06-17,190,Unhealthy,Ozone,19,Los Angeles,California,34.1141,-118.4068,12531334.0,3267.0,America/Los_Angeles,2001,6,17
2001-06-18,182,Unhealthy,Ozone,19,Los Angeles,California,34.1141,-118.4068,12531334.0,3267.0,America/Los_Angeles,2001,6,18
2001-06-19,179,Unhealthy,Ozone,19,Los Angeles,California,34.1141,-118.4068,12531334.0,3267.0,America/Los_Angeles,2001,6,19
2001-06-20,98,Moderate,NO2,19,Los Angeles,California,34.1141,-118.4068,12531334.0,3267.0,America/Los_Angeles,2001,6,20
2001-06-21,133,Unhealthy for Sensitive Groups,Ozone,19,Los Angeles,California,34.1141,-118.4068,12531334.0,3267.0,America/Los_Angeles,2001,6,21
2001-06-22,147,Unhealthy for Sensitive Groups,Ozone,19,Los Angeles,California,34.1141,-118.4068,12531334.0,3267.0,America/Los_Angeles,2001,6,22
2001-06-23,119,Unhealthy for Sensitive Groups,Ozone,19,Los Angeles,California,34.1141,-118.4068,12531334.0,3267.0,America/Los_Angeles,2001,6,23
2001-06-24,101,Unhealthy for Sensitive Groups,Ozone,19,Los Angeles,California,34.1141,-118.4068,12531334.0,3267.0,America/Los_Angeles,2001,6,24
2001-06-25,105,Unhealthy for Sensitive Groups,Ozone,19,Los Angeles,California,34.1141,-118.4068,12531334.0,3267.0,America/Los_Angeles,2001,6,25
2001-06-26,76,Moderate,NO2,19,Los Angeles,California,34.1141,-118.4068,12531334.0,3267.0,America/Los_Angeles,2001,6,26
2001-06-27,56,Moderate,NO2,19,Los Angeles,California,34.1141,-118.4068,12531334.0,3267.0,America/Los_Angeles,2001,6,27
2001-06-28,77,Moderate,NO2,19,Los Angeles,California,34.1141,-118.4068,12531334.0,3267.0,America/Los_Angeles,2001,6,28
2001-06-29,101,Unhealthy for Sensitive Groups,Ozone,19,Los Angeles,California,34.1141,-118.4068,12531334.0,3267.0,America/Los_Angeles,2001,6,29
2001-06-30,187,Unhealthy,Ozone,19,Los Angeles,California,34.1141,-118.4068,12531334.0,3267.0,America/Los_Angeles,2001,6,30
2001-07-01,204,Very Unhealthy,Ozone,19,Los Angeles,California,34.1141,-118.4068,12531334.0,3267.0,America/Los_Angeles,2001,7,1
2001-07-02,224,Very Unhealthy,Ozone,19,Los Angeles,California,34.1141,-118.4068,12531334.0,3267.0,America/Los_Angeles,2001,7,2
2001-07-03,201,Very Unhealthy,Ozone,19,Los Angeles,California,34.1141,-118.4068,12531334.0,3267.0,America/Los_Angeles,2001,7,3
2001-07-04,182,Unhealthy,Ozone,19,Los Angeles,California,34.1141,-118.4068,12531334.0,3267.0,America/Los_Angeles,2001,7,4
2001-07-05,110,Unhealthy for Sensitive Groups,PM2.5,19,Los Angeles,California,34.1141,-118.4068,12531334.0,3267.0,America/Los_Angeles,2001,7,5
2001-07-06,97,Moderate,Ozone,20,Los Angeles,California,34.1141,-118.4068,12531334.0,3267.0,America/Los_Angeles,2001,7,6
2001-07-07,112,Unhealthy for Sensitive Groups,Ozone,19,Los Angeles,California,34.1141,-118.4068,12531334.0,3267.0,America/Los_Angeles,2001,7,7
2001-07-08,97,Moderate,Ozone,19,Los Angeles,California,34.1141,-118.4068,12531334.0,3267.0,America/Los_Angeles,2001,7,8
2001-07-09,70,Moderate,PM2.5,19,Los Angeles,California,34.1141,-118.4068,12531334.0,3267.0,America/Los_Angeles,2001,7,9
2001-07-10,87,Moderate,Ozone,19,Los Angeles,California,34.1141,-118.4068,12531334.0,3267.0,America/Los_Angeles,2001,7,10
2001-07-11,74,Moderate,Ozone,19,Los Angeles,California,34.1141,-118.4068,12531334.0,3267.0,America/Los_Angeles,2001,7,11
2001-07-12,122,Unhealthy for Sensitive Groups,Ozone,19,Los Angeles,California,34.1141,-118.4068,12531334.0,3267.0,America/Los_Angeles,2001,7,12
2001-07-13,133,Unhealthy for Sensitive Groups,Ozone,19,Los Angeles,California,34.1141,-118.4068,12531334.0,3267.0,America/Los_Angeles,2001,7,13
2001-07-14,169,Unhealthy,Ozone,19,Los Angeles,California,34.1141,-118.4068,12531334.0,3267.0,America/Los_Angeles,2001,7,14
2001-07-15,140,Unhealthy for Sensitive Groups,Ozone,19,Los Angeles,California,34.1141,-118.4068,12531334.0,3267.0,America/Los_Angeles,2001,7,15
2001-07-16,64,Moderate,Ozone,19,Los Angeles,California,34.1141,-118.4068,12531334.0,3267.0,America/Los_Angeles,2001,7,16
2001-07-17,64,Moderate,Ozone,19,Los Angeles,California,34.1141,-118.4068,12531334.0,3267.0,America/Los_Angeles,2001,7,17
2001-07-18,77,Moderate,Ozone,19,Los Angeles,California,34.1141,-118.4068,12531334.0,3267.0,America/Los_Angeles,2001,7,18
2001-07-19,90,Moderate,Ozone,19,Los Angeles,California,34.1141,-118.4068,12531334.0,3267.0,America/Los_Angeles,2001,7,19
2001-07-20,74,Moderate,Ozone,19,Los Angeles,California,34.1141,-118.4068,12531334.0,3267.0,America/Los_Angeles,2001,7,20
2001-07-21,97,Moderate,Ozone,19,Los Angeles,California,34.1141,-118.4068,12531334.0,3267.0,America/Los_Angeles,2001,7,21
2001-07-22,115,Unhealthy for Sensitive Groups,Ozone,19,Los Angeles,California,34.1141,-118.4068,12531334.0,3267.0,America/Los_Angeles,2001,7,22
2001-07-23,119,Unhealthy for Sensitive Groups,Ozone,19,Los Angeles,California,34.1141,-118.4068,12531334.0,3267.0,America/Los_Angeles,2001,7,23
2001-07-24,129,Unhealthy for Sensitive Groups,Ozone,19,Los Angeles,California,34.1141,-118.4068,12531334.0,3267.0,America/Los_Angeles,2001,7,24
2001-07-25,143,Unhealthy for Sensitive Groups,Ozone,19,Los Angeles,California,34.1141,-118.4068,12531334.0,3267.0,America/Los_Angeles,2001,7,25
2001-07-26,182,Unhealthy,Ozone,19,Los Angeles,California,34.1141,-118.4068,12531334.0,3267.0,America/Los_Angeles,2001,7,26
2001-07-27,202,Very Unhealthy,Ozone,19,Los Angeles,California,34.1141,-118.4068,12531334.0,3267.0,America/Los_Angeles,2001,7,27
2001-07-28,209,Very Unhealthy,Ozone,19,Los Angeles,California,34.1141,-118.4068,12531334.0,3267.0,America/Los_Angeles,2001,7,28
2001-07-29,159,Unhealthy,Ozone,19,Los Angeles,California,34.1141,-118.4068,12531334.0,3267.0,America/Los_Angeles,2001,7,29
2001-07-30,136,Unhealthy for Sensitive Groups,Ozone,19,Los Angeles,California,34.1141,-118.4068,12531334.0,3267.0,America/Los_Angeles,2001,7,30
2001-07-31,112,Unhealthy for Sensitive Groups,Ozone,19,Los Angeles,California,34.1141,-118.4068,12531334.0,3267.0,America/Los_Angeles,2001,7,31
2001-08-01,101,Unhealthy for Sensitive Groups,Ozone,19,Los Angeles,California,34.1141,-118.4068,12531334.0,3267.0,America/Los_Angeles,2001,8,1
2001-08-02,119,Unhealthy for Sensitive Groups,Ozone,19,Los Angeles,California,34.1141,-118.4068,12531334.0,3267.0,America/Los_Angeles,2001,8,2
2001-08-03,100,Moderate,Ozone,19,Los Angeles,California,34.1141,-118.4068,12531334.0,3267.0,America/Los_Angeles,2001,8,3
2001-08-04,185,Unhealthy,Ozone,19,Los Angeles,California,34.1141,-118.4068,12531334.0,3267.0,America/Los_Angeles,2001,8,4
2001-08-05,197,Unhealthy,Ozone,19,Los Angeles,California,34.1141,-118.4068,12531334.0,3267.0,America/Los_Angeles,2001,8,5
2001-08-06,161,Unhealthy,Ozone,19,Los Angeles,California,34.1141,-118.4068,12531334.0,3267.0,America/Los_Angeles,2001,8,6
2001-08-07,151,Unhealthy,Ozone,19,Los Angeles,California,34.1141,-118.4068,12531334.0,3267.0,America/Los_Angeles,2001,8,7
2001-08-08,119,Unhealthy for Sensitive Groups,Ozone,19,Los Angeles,California,34.1141,-118.4068,12531334.0,3267.0,America/Los_Angeles,2001,8,8
2001-08-09,100,Moderate,Ozone,19,Los Angeles,California,34.1141,-118.4068,12531334.0,3267.0,America/Los_Angeles,2001,8,9
2001-08-10,143,Unhealthy for Sensitive Groups,Ozone,19,Los Angeles,California,34.1141,-118.4068,12531334.0,3267.0,America/Los_Angeles,2001,8,10
2001-08-11,179,Unhealthy,Ozone,19,Los Angeles,California,34.1141,-118.4068,12531334.0,3267.0,America/Los_Angeles,2001,8,11
2001-08-12,195,Unhealthy,Ozone,19,Los Angeles,California,34.1141,-118.4068,12531334.0,3267.0,America/Los_Angeles,2001,8,12
2001-08-13,154,Unhealthy,Ozone,19,Los Angeles,California,34.1141,-118.4068,12531334.0,3267.0,America/Los_Angeles,2001,8,13
2001-08-14,122,Unhealthy for Sensitive Groups,Ozone,19,Los Angeles,California,34.1141,-118.4068,12531334.0,3267.0,America/Los_Angeles,2001,8,14
2001-08-15,143,Unhealthy for Sensitive Groups,Ozone,19,Los Angeles,California,34.1141,-118.4068,12531334.0,3267.0,America/Los_Angeles,2001,8,15
2001-08-16,133,Unhealthy for Sensitive Groups,Ozone,19,Los Angeles,California,34.1141,-118.4068,12531334.0,3267.0,America/Los_Angeles,2001,8,16
2001-08-17,112,Unhealthy for Sensitive Groups,Ozone,19,Los Angeles,California,34.1141,-118.4068,12531334.0,3267.0,America/Los_Angeles,2001,8,17
2001-08-18,192,Unhealthy,Ozone,19,Los Angeles,California,34.1141,-118.4068,12531334.0,3267.0,America/Los_Angeles,2001,8,18
2001-08-19,129,Unhealthy for Sensitive Groups,Ozone,19,Los Angeles,California,34.1141,-118.4068,12531334.0,3267.0,America/Los_Angeles,2001,8,19
2001-08-20,77,Moderate,Ozone,19,Los Angeles,California,34.1141,-118.4068,12531334.0,3267.0,America/Los_Angeles,2001,8,20
2001-08-21,119,Unhealthy for Sensitive Groups,Ozone,19,Los Angeles,California,34.1141,-118.4068,12531334.0,3267.0,America/Los_Angeles,2001,8,21
2001-08-22,100,Moderate,Ozone,19,Los Angeles,California,34.1141,-118.4068,12531334.0,3267.0,America/Los_Angeles,2001,8,22
2001-08-23,129,Unhealthy for Sensitive Groups,Ozone,19,Los Angeles,California,34.1141,-118.4068,12531334.0,3267.0,America/Los_Angeles,2001,8,23
2001-08-24,174,Unhealthy,Ozone,19,Los Angeles,California,34.1141,-118.4068,12531334.0,3267.0,America/Los_Angeles,2001,8,24
2001-08-25,207,Very Unhealthy,Ozone,19,Los Angeles,California,34.1141,-118.4068,12531334.0,3267.0,America/Los_Angeles,2001,8,25
2001-08-26,230,Very Unhealthy,Ozone,19,Los Angeles,California,34.1141,-118.4068,12531334.0,3267.0,America/Los_Angeles,2001,8,26
2001-08-27,190,Unhealthy,Ozone,19,Los Angeles,California,34.1141,-118.4068,12531334.0,3267.0,America/Los_Angeles,2001,8,27
2001-08-28,192,Unhealthy,Ozone,19,Los Angeles,California,34.1141,-118.4068,12531334.0,3267.0,America/Los_Angeles,2001,8,28
2001-08-29,101,Unhealthy for Sensitive Groups,Ozone,19,Los Angeles,California,34.1141,-118.4068,12531334.0,3267.0,America/Los_Angeles,2001,8,29
2001-08-30,93,Moderate,Ozone,19,Los Angeles,California,34.1141,-118.4068,12531334.0,3267.0,America/Los_Angeles,2001,8,30
2001-08-31,87,Moderate,Ozone,19,Los Angeles,California,34.1141,-118.4068,12531334.0,3267.0,America/Los_Angeles,2001,8,31
2001-09-01,90,Moderate,Ozone,20,Los Angeles,California,34.1141,-118.4068,12531334.0,3267.0,America/Los_Angeles,2001,9,1
2001-09-02,74,Moderate,NO2,20,Los Angeles,California,34.1141,-118.4068,12531334.0,3267.0,America/Los_Angeles,2001,9,2
2001-09-03,74,Moderate,NO2,20,Los Angeles,California,34.1141,-118.4068,12531334.0,3267.0,America/Los_Angeles,2001,9,3
2001-09-04,84,Moderate,Ozone,20,Los Angeles,California,34.1141,-118.4068,12531334.0,3267.0,America/Los_Angeles,2001,9,4
2001-09-05,136,Unhealthy for Sensitive Groups,Ozone,20,Los Angeles,California,34.1141,-118.4068,12531334.0,3267.0,America/Los_Angeles,2001,9,5
2001-09-06,108,Unhealthy for Sensitive Groups,Ozone,20,Los Angeles,California,34.1141,-118.4068,12531334.0,3267.0,America/Los_Angeles,2001,9,6
2001-09-07,108,Unhealthy for Sensitive Groups,Ozone,20,Los Angeles,California,34.1141,-118.4068,12531334.0,3267.0,America/Los_Angeles,2001,9,7
2001-09-08,84,Moderate,Ozone,20,Los Angeles,California,34.1141,-118.4068,12531334.0,3267.0,America/Los_Angeles,2001,9,8
2001-09-09,147,Unhealthy for Sensitive Groups,Ozone,20,Los Angeles,California,34.1141,-118.4068,12531334.0,3267.0,America/Los_Angeles,2001,9,9
2001-09-10,70,Moderate,PM2.5,20,Los Angeles,California,34.1141,-118.4068,12531334.0,3267.0,America/Los_Angeles,2001,9,10
2001-09-11,71,Moderate,Ozone,20,Los Angeles,California,34.1141,-118.4068,12531334.0,3267.0,America/Los_Angeles,2001,9,11
2001-09-12,54,Moderate,NO2,20,Los Angeles,California,34.1141,-118.4068,12531334.0,3267.0,America/Los_Angeles,2001,9,12
2001-09-13,84,Moderate,NO2,20,Los Angeles,California,34.1141,-118.4068,12531334.0,3267.0,America/Los_Angeles,2001,9,13
2001-09-14,104,Unhealthy for Sensitive Groups,NO2,20,Los Angeles,California,34.1141,-118.4068,12531334.0,3267.0,America/Los_Angeles,2001,9,14
2001-09-15,97,Moderate,Ozone,20,Los Angeles,California,34.1141,-118.4068,12531334.0,3267.0,America/Los_Angeles,2001,9,15
2001-09-16,115,Unhealthy for Sensitive Groups,Ozone,20,Los Angeles,California,34.1141,-118.4068,12531334.0,3267.0,America/Los_Angeles,2001,9,16
2001-09-17,126,Unhealthy for Sensitive Groups,Ozone,20,Los Angeles,California,34.1141,-118.4068,12531334.0,3267.0,America/Los_Angeles,2001,9,17
2001-09-18,136,Unhealthy for Sensitive Groups,Ozone,20,Los Angeles,California,34.1141,-118.4068,12531334.0,3267.0,America/Los_Angeles,2001,9,18
2001-09-19,114,Unhealthy for Sensitive Groups,PM2.5,20,Los Angeles,California,34.1141,-118.4068,12531334.0,3267.0,America/Los_Angeles,2001,9,19
2001-09-20,125,Unhealthy for Sensitive Groups,PM2.5,20,Los Angeles,California,34.1141,-118.4068,12531334.0,3267.0,America/Los_Angeles,2001,9,20
2001-09-21,126,Unhealthy for Sensitive Groups,Ozone,20,Los Angeles,California,34.1141,-118.4068,12531334.0,3267.0,America/Los_Angeles,2001,9,21
2001-09-22,164,Unhealthy,Ozone,20,Los Angeles,California,34.1141,-118.4068,12531334.0,3267.0,America/Los_Angeles,2001,9,22
2001-09-23,156,Unhealthy,Ozone,19,Los Angeles,California,34.1141,-118.4068,12531334.0,3267.0,America/Los_Angeles,2001,9,23
2001-09-24,108,Unhealthy for Sensitive Groups,NO2,19,Los Angeles,California,34.1141,-118.4068,12531334.0,3267.0,America/Los_Angeles,2001,9,24
2001-09-25,107,Unhealthy for Sensitive Groups,NO2,20,Los Angeles,California,34.1141,-118.4068,12531334.0,3267.0,America/Los_Angeles,2001,9,25
2001-09-26,112,Unhealthy for Sensitive Groups,NO2,20,Los Angeles,California,34.1141,-118.4068,12531334.0,3267.0,America/Los_Angeles,2001,9,26
2001-09-27,111,Unhealthy for Sensitive Groups,NO2,20,Los Angeles,California,34.1141,-118.4068,12531334.0,3267.0,America/Los_Angeles,2001,9,27
2001-09-28,107,Unhealthy for Sensitive Groups,NO2,20,Los Angeles,California,34.1141,-118.4068,12531334.0,3267.0,America/Los_Angeles,2001,9,28
2001-09-29,161,Unhealthy,Ozone,20,Los Angeles,California,34.1141,-118.4068,12531334.0,3267.0,America/Los_Angeles,2001,9,29
2001-09-30,179,Unhealthy,Ozone,20,Los Angeles,California,34.1141,-118.4068,12531334.0,3267.0,America/Los_Angeles,2001,9,30
2001-10-01,90,Moderate,NO2,20,Los Angeles,California,34.1141,-118.4068,12531334.0,3267.0,America/Los_Angeles,2001,10,1
2001-10-02,105,Unhealthy for Sensitive Groups,NO2,20,Los Angeles,California,34.1141,-118.4068,12531334.0,3267.0,America/Los_Angeles,2001,10,2
2001-10-03,101,Unhealthy for Sensitive Groups,Ozone,20,Los Angeles,California,34.1141,-118.4068,12531334.0,3267.0,America/Los_Angeles,2001,10,3
2001-10-04,99,Moderate,PM2.5,20,Los Angeles,California,34.1141,-118.4068,12531334.0,3267.0,America/Los_Angeles,2001,10,4
2001-10-05,62,Moderate,PM2.5,20,Los Angeles,California,34.1141,-118.4068,12531334.0,3267.0,America/Los_Angeles,2001,10,5
2001-10-06,64,Moderate,Ozone,20,Los Angeles,California,34.1141,-118.4068,12531334.0,3267.0,America/Los_Angeles,2001,10,6
2001-10-07,87,Moderate,Ozone,20,Los Angeles,California,34.1141,-118.4068,12531334.0,3267.0,America/Los_Angeles,2001,10,7
2001-10-08,74,Moderate,PM2.5,20,Los Angeles,California,34.1141,-118.4068,12531334.0,3267.0,America/Los_Angeles,2001,10,8
2001-10-09,87,Moderate,Ozone,20,Los Angeles,California,34.1141,-118.4068,12531334.0,3267.0,America/Los_Angeles,2001,10,9
2001-10-10,94,Moderate,NO2,20,Los Angeles,California,34.1141,-118.4068,12531334.0,3267.0,America/Los_Angeles,2001,10,10
2001-10-11,115,Unhealthy for Sensitive Groups,PM2.5,20,Los Angeles,California,34.1141,-118.4068,12531334.0,3267.0,America/Los_Angeles,2001,10,11
2001-10-12,103,Unhealthy for Sensitive Groups,NO2,20,Los Angeles,California,34.1141,-118.4068,12531334.0,3267.0,America/Los_Angeles,2001,10,12
2001-10-13,126,Unhealthy for Sensitive Groups,Ozone,20,Los Angeles,California,34.1141,-118.4068,12531334.0,3267.0,America/Los_Angeles,2001,10,13
2001-10-14,169,Unhealthy,Ozone,20,Los Angeles,California,34.1141,-118.4068,12531334.0,3267.0,America/Los_Angeles,2001,10,14
2001-10-15,155,Unhealthy,PM2.5,20,Los Angeles,California,34.1141,-118.4068,12531334.0,3267.0,America/Los_Angeles,2001,10,15
2001-10-16,147,Unhealthy for Sensitive Groups,PM2.5,20,Los Angeles,California,34.1141,-118.4068,12531334.0,3267.0,America/Los_Angeles,2001,10,16
2001-10-17,114,Unhealthy for Sensitive Groups,PM2.5,20,Los Angeles,California,34.1141,-118.4068,12531334.0,3267.0,America/Los_Angeles,2001,10,17
2001-10-18,103,Unhealthy for Sensitive Groups,NO2,20,Los Angeles,California,34.1141,-118.4068,12531334.0,3267.0,America/Los_Angeles,2001,10,18
2001-10-19,106,Unhealthy for Sensitive Groups,NO2,20,Los Angeles,California,34.1141,-118.4068,12531334.0,3267.0,America/Los_Angeles,2001,10,19
2001-10-20,136,Unhealthy for Sensitive Groups,PM2.5,20,Los Angeles,California,34.1141,-118.4068,12531334.0,3267.0,America/Los_Angeles,2001,10,20
2001-10-21,139,Unhealthy for Sensitive Groups,PM2.5,20,Los Angeles,California,34.1141,-118.4068,12531334.0,3267.0,America/Los_Angeles,2001,10,21
2001-10-22,153,Unhealthy,PM2.5,20,Los Angeles,California,34.1141,-118.4068,12531334.0,3267.0,America/Los_Angeles,2001,10,22
2001-10-23,157,Unhealthy,PM2.5,20,Los Angeles,California,34.1141,-118.4068,12531334.0,3267.0,America/Los_Angeles,2001,10,23
2001-10-24,137,Unhealthy for Sensitive Groups,PM2.5,20,Los Angeles,California,34.1141,-118.4068,12531334.0,3267.0,America/Los_Angeles,2001,10,24
2001-10-25,161,Unhealthy,PM2.5,20,Los Angeles,California,34.1141,-118.4068,12531334.0,3267.0,America/Los_Angeles,2001,10,25
2001-10-26,155,Unhealthy,PM2.5,20,Los Angeles,California,34.1141,-118.4068,12531334.0,3267.0,America/Los_Angeles,2001,10,26
2001-10-27,99,Moderate,PM2.5,20,Los Angeles,California,34.1141,-118.4068,12531334.0,3267.0,America/Los_Angeles,2001,10,27
2001-10-28,73,Moderate,PM2.5,20,Los Angeles,California,34.1141,-118.4068,12531334.0,3267.0,America/Los_Angeles,2001,10,28
2001-10-29,66,Moderate,PM2.5,20,Los Angeles,California,34.1141,-118.4068,12531334.0,3267.0,America/Los_Angeles,2001,10,29
2001-10-30,78,Moderate,NO2,19,Los Angeles,California,34.1141,-118.4068,12531334.0,3267.0,America/Los_Angeles,2001,10,30
2001-10-31,64,Moderate,PM2.5,20,Los Angeles,California,34.1141,-118.4068,12531334.0,3267.0,America/Los_Angeles,2001,10,31
2001-11-01,84,Moderate,PM2.5,20,Los Angeles,California,34.1141,-118.4068,12531334.0,3267.0,America/Los_Angeles,2001,11,1
2001-11-02,120,Unhealthy for Sensitive Groups,PM2.5,20,Los Angeles,California,34.1141,-118.4068,12531334.0,3267.0,America/Los_Angeles,2001,11,2
2001-11-03,149,Unhealthy for Sensitive Groups,PM2.5,20,Los Angeles,California,34.1141,-118.4068,12531334.0,3267.0,America/Los_Angeles,2001,11,3
2001-11-04,160,Unhealthy,PM2.5,20,Los Angeles,California,34.1141,-118.4068,12531334.0,3267.0,America/Los_Angeles,2001,11,4
2001-11-05,160,Unhealthy,PM2.5,20,Los Angeles,California,34.1141,-118.4068,12531334.0,3267.0,America/Los_Angeles,2001,11,5
2001-11-06,171,Unhealthy,PM2.5,19,Los Angeles,California,34.1141,-118.4068,12531334.0,3267.0,America/Los_Angeles,2001,11,6
2001-11-07,158,Unhealthy,PM2.5,20,Los Angeles,California,34.1141,-118.4068,12531334.0,3267.0,America/Los_Angeles,2001,11,7
2001-11-08,151,Unhealthy,PM2.5,20,Los Angeles,California,34.1141,-118.4068,12531334.0,3267.0,America/Los_Angeles,2001,11,8
2001-11-09,144,Unhealthy for Sensitive Groups,PM2.5,20,Los Angeles,California,34.1141,-118.4068,12531334.0,3267.0,America/Los_Angeles,2001,11,9
2001-11-10,98,Moderate,PM2.5,20,Los Angeles,California,34.1141,-118.4068,12531334.0,3267.0,America/Los_Angeles,2001,11,10
2001-11-11,86,Moderate,PM2.5,20,Los Angeles,California,34.1141,-118.4068,12531334.0,3267.0,America/Los_Angeles,2001,11,11
2001-11-12,61,Moderate,PM2.5,20,Los Angeles,California,34.1141,-118.4068,12531334.0,3267.0,America/Los_Angeles,2001,11,12
2001-11-13,49,Good,NO2,20,Los Angeles,California,34.1141,-118.4068,12531334.0,3267.0,America/Los_Angeles,2001,11,13
2001-11-14,78,Moderate,PM2.5,20,Los Angeles,California,34.1141,-118.4068,12531334.0,3267.0,America/Los_Angeles,2001,11,14
2001-11-15,114,Unhealthy for Sensitive Groups,PM2.5,20,Los Angeles,California,34.1141,-118.4068,12531334.0,3267.0,America/Los_Angeles,2001,11,15
2001-11-16,125,Unhealthy for Sensitive Groups,PM2.5,20,Los Angeles,California,34.1141,-118.4068,12531334.0,3267.0,America/Los_Angeles,2001,11,16
2001-11-17,142,Unhealthy for Sensitive Groups,PM2.5,20,Los Angeles,California,34.1141,-118.4068,12531334.0,3267.0,America/Los_Angeles,2001,11,17
2001-11-18,153,Unhealthy,PM2.5,20,Los Angeles,California,34.1141,-118.4068,12531334.0,3267.0,America/Los_Angeles,2001,11,18
2001-11-19,145,Unhealthy for Sensitive Groups,PM2.5,20,Los Angeles,California,34.1141,-118.4068,12531334.0,3267.0,America/Los_Angeles,2001,11,19
2001-11-20,125,Unhealthy for Sensitive Groups,PM2.5,20,Los Angeles,California,34.1141,-118.4068,12531334.0,3267.0,America/Los_Angeles,2001,11,20
2001-11-21,107,Unhealthy for Sensitive Groups,NO2,20,Los Angeles,California,34.1141,-118.4068,12531334.0,3267.0,America/Los_Angeles,2001,11,21
2001-11-22,78,Moderate,PM2.5,20,Los Angeles,California,34.1141,-118.4068,12531334.0,3267.0,America/Los_Angeles,2001,11,22
2001-11-23,70,Moderate,PM2.5,20,Los Angeles,California,34.1141,-118.4068,12531334.0,3267.0,America/Los_Angeles,2001,11,23
2001-11-24,62,Moderate,PM2.5,19,Los Angeles,California,34.1141,-118.4068,12531334.0,3267.0,America/Los_Angeles,2001,11,24
2001-11-25,54,Moderate,PM2.5,20,Los Angeles,California,34.1141,-118.4068,12531334.0,3267.0,America/Los_Angeles,2001,11,25
2001-11-26,67,Moderate,NO2,20,Los Angeles,California,34.1141,-118.4068,12531334.0,3267.0,America/Los_Angeles,2001,11,26
2001-11-27,76,Moderate,PM2.5,20,Los Angeles,California,34.1141,-118.4068,12531334.0,3267.0,America/Los_Angeles,2001,11,27
2001-11-28,70,Moderate,NO2,20,Los Angeles,California,34.1141,-118.4068,12531334.0,3267.0,America/Los_Angeles,2001,11,28
2001-11-29,69,Moderate,PM2.5,20,Los Angeles,California,34.1141,-118.4068,12531334.0,3267.0,America/Los_Angeles,2001,11,29
2001-11-30,93,Moderate,PM2.5,20,Los Angeles,California,34.1141,-118.4068,12531334.0,3267.0,America/Los_Angeles,2001,11,30
2001-12-01,111,Unhealthy for Sensitive Groups,PM2.5,20,Los Angeles,California,34.1141,-118.4068,12531334.0,3267.0,America/Los_Angeles,2001,12,1
2001-12-02,115,Unhealthy for Sensitive Groups,PM2.5,20,Los Angeles,California,34.1141,-118.4068,12531334.0,3267.0,America/Los_Angeles,2001,12,2
2001-12-03,48,Good,PM2.5,21,Los Angeles,California,34.1141,-118.4068,12531334.0,3267.0,America/Los_Angeles,2001,12,3
2001-12-04,55,Moderate,PM2.5,20,Los Angeles,California,34.1141,-118.4068,12531334.0,3267.0,America/Los_Angeles,2001,12,4
2001-12-05,72,Moderate,PM2.5,20,Los Angeles,California,34.1141,-118.4068,12531334.0,3267.0,America/Los_Angeles,2001,12,5
2001-12-06,99,Moderate,PM2.5,21,Los Angeles,California,34.1141,-118.4068,12531334.0,3267.0,America/Los_Angeles,2001,12,6
2001-12-07,73,Moderate,NO2,20,Los Angeles,California,34.1141,-118.4068,12531334.0,3267.0,America/Los_Angeles,2001,12,7
2001-12-08,129,Unhealthy for Sensitive Groups,NO2,20,Los Angeles,California,34.1141,-118.4068,12531334.0,3267.0,America/Los_Angeles,2001,12,8
2001-12-09,53,Moderate,PM2.5,21,Los Angeles,California,34.1141,-118.4068,12531334.0,3267.0,America/Los_Angeles,2001,12,9
2001-12-10,52,Moderate,PM2.5,20,Los Angeles,California,34.1141,-118.4068,12531334.0,3267.0,America/Los_Angeles,2001,12,10
2001-12-11,63,Moderate,PM2.5,20,Los Angeles,California,34.1141,-118.4068,12531334.0,3267.0,America/Los_Angeles,2001,12,11
2001-12-12,108,Unhealthy for Sensitive Groups,PM2.5,21,Los Angeles,California,34.1141,-118.4068,12531334.0,3267.0,America/Los_Angeles,2001,12,12
2001-12-13,94,Moderate,PM2.5,20,Los Angeles,California,34.1141,-118.4068,12531334.0,3267.0,America/Los_Angeles,2001,12,13
2001-12-14,89,Moderate,PM2.5,20,Los Angeles,California,34.1141,-118.4068,12531334.0,3267.0,America/Los_Angeles,2001,12,14
2001-12-15,93,Moderate,PM2.5,21,Los Angeles,California,34.1141,-118.4068,12531334.0,3267.0,America/Los_Angeles,2001,12,15
2001-12-16,80,Moderate,PM2.5,20,Los Angeles,California,34.1141,-118.4068,12531334.0,3267.0,America/Los_Angeles,2001,12,16
2001-12-17,91,Moderate,PM2.5,20,Los Angeles,California,34.1141,-118.4068,12531334.0,3267.0,America/Los_Angeles,2001,12,17
2001-12-18,123,Unhealthy for Sensitive Groups,PM2.5,21,Los Angeles,California,34.1141,-118.4068,12531334.0,3267.0,America/Los_Angeles,2001,12,18
2001-12-19,131,Unhealthy for Sensitive Groups,PM2.5,20,Los Angeles,California,34.1141,-118.4068,12531334.0,3267.0,America/Los_Angeles,2001,12,19
2001-12-20,85,Moderate,NO2,20,Los Angeles,California,34.1141,-118.4068,12531334.0,3267.0,America/Los_Angeles,2001,12,20
2001-12-21,58,Moderate,PM2.5,21,Los Angeles,California,34.1141,-118.4068,12531334.0,3267.0,America/Los_Angeles,2001,12,21
2001-12-22,106,Unhealthy for Sensitive Groups,PM2.5,20,Los Angeles,California,34.1141,-118.4068,12531334.0,3267.0,America/Los_Angeles,2001,12,22
2001-12-23,115,Unhealthy for Sensitive Groups,PM2.5,20,Los Angeles,California,34.1141,-118.4068,12531334.0,3267.0,America/Los_Angeles,2001,12,23
2001-12-24,136,Unhealthy for Sensitive Groups,PM2.5,21,Los Angeles,California,34.1141,-118.4068,12531334.0,3267.0,America/Los_Angeles,2001,12,24
2001-12-25,80,Moderate,PM2.5,20,Los Angeles,California,34.1141,-118.4068,12531334.0,3267.0,America/Los_Angeles,2001,12,25
2001-12-26,79,Moderate,NO2,20,Los Angeles,California,34.1141,-118.4068,12531334.0,3267.0,America/Los_Angeles,2001,12,26
2001-12-27,136,Unhealthy for Sensitive Groups,PM2.5,21,Los Angeles,California,34.1141,-118.4068,12531334.0,3267.0,America/Los_Angeles,2001,12,27
2001-12-28,155,Unhealthy,PM2.5,20,Los Angeles,California,34.1141,-118.4068,12531334.0,3267.0,America/Los_Angeles,2001,12,28
2001-12-29,152,Unhealthy,PM2.5,20,Los Angeles,California,34.1141,-118.4068,12531334.0,3267.0,America/Los_Angeles,2001,12,29
2001-12-30,76,Moderate,PM2.5,21,Los Angeles,California,34.1141,-118.4068,12531334.0,3267.0,America/Los_Angeles,2001,12,30
2001-12-31,91,Moderate,PM2.5,20,Los Angeles,California,34.1141,-118.4068,12531334.0,3267.0,America/Los_Angeles,2001,12,31
2002-01-01,132,Unhealthy for Sensitive Groups,PM2.5,20,Los Angeles,California,34.1141,-118.4068,12531334.0,3267.0,America/Los_Angeles,2002,1,1
2002-01-02,158,Unhealthy,PM2.5,21,Los Angeles,California,34.1141,-118.4068,12531334.0,3267.0,America/Los_Angeles,2002,1,2
2002-01-03,115,Unhealthy for Sensitive Groups,PM2.5,20,Los Angeles,California,34.1141,-118.4068,12531334.0,3267.0,America/Los_Angeles,2002,1,3
2002-01-04,111,Unhealthy for Sensitive Groups,PM2.5,20,Los Angeles,California,34.1141,-118.4068,12531334.0,3267.0,America/Los_Angeles,2002,1,4
2002-01-05,106,Unhealthy for Sensitive Groups,PM2.5,21,Los Angeles,California,34.1141,-118.4068,12531334.0,3267.0,America/Los_Angeles,2002,1,5
2002-01-06,88,Moderate,PM2.5,20,Los Angeles,California,34.1141,-118.4068,12531334.0,3267.0,America/Los_Angeles,2002,1,6
2002-01-07,108,Unhealthy for Sensitive Groups,PM2.5,20,Los Angeles,California,34.1141,-118.4068,12531334.0,3267.0,America/Los_Angeles,2002,1,7
2002-01-08,111,Unhealthy for Sensitive Groups,CO,21,Los Angeles,California,34.1141,-118.4068,12531334.0,3267.0,America/Los_Angeles,2002,1,8
2002-01-09,78,Moderate,PM2.5,20,Los Angeles,California,34.1141,-118.4068,12531334.0,3267.0,America/Los_Angeles,2002,1,9
2002-01-10,96,Moderate,PM2.5,20,Los Angeles,California,34.1141,-118.4068,12531334.0,3267.0,America/Los_Angeles,2002,1,10
2002-01-11,131,Unhealthy for Sensitive Groups,NO2,21,Los Angeles,California,34.1141,-118.4068,12531334.0,3267.0,America/Los_Angeles,2002,1,11
2002-01-12,102,Unhealthy for Sensitive Groups,NO2,20,Los Angeles,California,34.1141,-118.4068,12531334.0,3267.0,America/Los_Angeles,2002,1,12
2002-01-13,140,Unhealthy for Sensitive Groups,PM2.5,20,Los Angeles,California,34.1141,-118.4068,12531334.0,3267.0,America/Los_Angeles,2002,1,13
2002-01-14,143,Unhealthy for Sensitive Groups,PM2.5,20,Los Angeles,California,34.1141,-118.4068,12531334.0,3267.0,America/Los_Angeles,2002,1,14
2002-01-15,77,Moderate,PM2.5,20,Los Angeles,California,34.1141,-118.4068,12531334.0,3267.0,America/Los_Angeles,2002,1,15
2002-01-16,59,Moderate,PM2.5,20,Los Angeles,California,34.1141,-118.4068,12531334.0,3267.0,America/Los_Angeles,2002,1,16
2002-01-17,81,Moderate,PM2.5,21,Los Angeles,California,34.1141,-118.4068,12531334.0,3267.0,America/Los_Angeles,2002,1,17
2002-01-18,95,Moderate,PM2.5,20,Los Angeles,California,34.1141,-118.4068,12531334.0,3267.0,America/Los_Angeles,2002,1,18
2002-01-19,70,Moderate,PM2.5,20,Los Angeles,California,34.1141,-118.4068,12531334.0,3267.0,America/Los_Angeles,2002,1,19
2002-01-20,86,Moderate,PM2.5,21,Los Angeles,California,34.1141,-118.4068,12531334.0,3267.0,America/Los_Angeles,2002,1,20
2002-01-21,103,Unhealthy for Sensitive Groups,PM2.5,20,Los Angeles,California,34.1141,-118.4068,12531334.0,3267.0,America/Los_Angeles,2002,1,21
2002-01-22,70,Moderate,PM2.5,20,Los Angeles,California,34.1141,-118.4068,12531334.0,3267.0,America/Los_Angeles,2002,1,22
2002-01-23,63,Moderate,NO2,21,Los Angeles,California,34.1141,-118.4068,12531334.0,3267.0,America/Los_Angeles,2002,1,23
2002-01-24,82,Moderate,NO2,20,Los Angeles,California,34.1141,-118.4068,12531334.0,3267.0,America/Los_Angeles,2002,1,24
2002-01-25,77,Moderate,NO2,20,Los Angeles,California,34.1141,-118.4068,12531334.0,3267.0,America/Los_Angeles,2002,1,25
2002-01-26,106,Unhealthy for Sensitive Groups,PM2.5,21,Los Angeles,California,34.1141,-118.4068,12531334.0,3267.0,America/Los_Angeles,2002,1,26
2002-01-27,59,Moderate,PM2.5,20,Los Angeles,California,34.1141,-118.4068,12531334.0,3267.0,America/Los_Angeles,2002,1,27
2002-01-28,46,Good,NO2,20,Los Angeles,California,34.1141,-118.4068,12531334.0,3267.0,America/Los_Angeles,2002,1,28
2002-01-29,54,Moderate,PM2.5,21,Los Angeles,California,34.1141,-118.4068,12531334.0,3267.0,America/Los_Angeles,2002,1,29
2002-01-30,55,Moderate,PM2.5,20,Los Angeles,California,34.1141,-118.4068,12531334.0,3267.0,America/Los_Angeles,2002,1,30
2002-01-31,67,Moderate,PM2.5,20,Los Angeles,California,34.1141,-118.4068,12531334.0,3267.0,America/Los_Angeles,2002,1,31
2002-02-01,73,Moderate,PM2.5,21,Los Angeles,California,34.1141,-118.4068,12531334.0,3267.0,America/Los_Angeles,2002,2,1
2002-02-02,92,Moderate,PM2.5,20,Los Angeles,California,34.1141,-118.4068,12531334.0,3267.0,America/Los_Angeles,2002,2,2
2002-02-03,97,Moderate,PM2.5,20,Los Angeles,California,34.1141,-118.4068,12531334.0,3267.0,America/Los_Angeles,2002,2,3
2002-02-04,76,Moderate,PM2.5,21,Los Angeles,California,34.1141,-118.4068,12531334.0,3267.0,America/Los_Angeles,2002,2,4
2002-02-05,104,Unhealthy for Sensitive Groups,NO2,20,Los Angeles,California,34.1141,-118.4068,12531334.0,3267.0,America/Los_Angeles,2002,2,5
2002-02-06,132,Unhealthy for Sensitive Groups,PM2.5,20,Los Angeles,California,34.1141,-118.4068,12531334.0,3267.0,America/Los_Angeles,2002,2,6
2002-02-07,153,Unhealthy,PM2.5,21,Los Angeles,California,34.1141,-118.4068,12531334.0,3267.0,America/Los_Angeles,2002,2,7
2002-02-08,134,Unhealthy for Sensitive Groups,PM2.5,20,Los Angeles,California,34.1141,-118.4068,12531334.0,3267.0,America/Los_Angeles,2002,2,8
2002-02-09,73,Moderate,PM2.5,20,Los Angeles,California,34.1141,-118.4068,12531334.0,3267.0,America/Los_Angeles,2002,2,9
2002-02-10,52,Moderate,NO2,21,Los Angeles,California,34.1141,-118.4068,12531334.0,3267.0,America/Los_Angeles,2002,2,10
2002-02-11,72,Moderate,NO2,20,Los Angeles,California,34.1141,-118.4068,12531334.0,3267.0,America/Los_Angeles,2002,2,11
2002-02-12,102,Unhealthy for Sensitive Groups,NO2,20,Los Angeles,California,34.1141,-118.4068,12531334.0,3267.0,America/Los_Angeles,2002,2,12
2002-02-13,133,Unhealthy for Sensitive Groups,PM2.5,20,Los Angeles,California,34.1141,-118.4068,12531334.0,3267.0,America/Los_Angeles,2002,2,13
2002-02-14,84,Moderate,PM2.5,20,Los Angeles,California,34.1141,-118.4068,12531334.0,3267.0,America/Los_Angeles,2002,2,14
2002-02-15,123,Unhealthy for Sensitive Groups,PM2.5,20,Los Angeles,California,34.1141,-118.4068,12531334.0,3267.0,America/Los_Angeles,2002,2,15
2002-02-16,129,Unhealthy for Sensitive Groups,PM2.5,21,Los Angeles,California,34.1141,-118.4068,12531334.0,3267.0,America/Los_Angeles,2002,2,16
2002-02-17,42,Good,NO2,20,Los Angeles,California,34.1141,-118.4068,12531334.0,3267.0,America/Los_Angeles,2002,2,17
2002-02-18,52,Moderate,PM2.5,20,Los Angeles,California,34.1141,-118.4068,12531334.0,3267.0,America/Los_Angeles,2002,2,18
2002-02-19,70,Moderate,PM2.5,21,Los Angeles,California,34.1141,-118.4068,12531334.0,3267.0,America/Los_Angeles,2002,2,19
2002-02-20,104,Unhealthy for Sensitive Groups,PM2.5,20,Los Angeles,California,34.1141,-118.4068,12531334.0,3267.0,America/Los_Angeles,2002,2,20
2002-02-21,96,Moderate,NO2,20,Los Angeles,California,34.1141,-118.4068,12531334.0,3267.0,America/Los_Angeles,2002,2,21
2002-02-22,81,Moderate,NO2,21,Los Angeles,California,34.1141,-118.4068,12531334.0,3267.0,America/Los_Angeles,2002,2,22
2002-02-23,56,Moderate,NO2,20,Los Angeles,California,34.1141,-118.4068,12531334.0,3267.0,America/Los_Angeles,2002,2,23
2002-02-24,70,Moderate,PM2.5,20,Los Angeles,California,34.1141,-118.4068,12531334.0,3267.0,America/Los_Angeles,2002,2,24
2002-02-25,119,Unhealthy for Sensitive Groups,PM2.5,21,Los Angeles,California,34.1141,-118.4068,12531334.0,3267.0,America/Los_Angeles,2002,2,25
2002-02-26,82,Moderate,NO2,20,Los Angeles,California,34.1141,-118.4068,12531334.0,3267.0,America/Los_Angeles,2002,2,26
2002-02-27,99,Moderate,NO2,20,Los Angeles,California,34.1141,-118.4068,12531334.0,3267.0,America/Los_Angeles,2002,2,27
2002-02-28,112,Unhealthy for Sensitive Groups,PM2.5,21,Los Angeles,California,34.1141,-118.4068,12531334.0,3267.0,America/Los_Angeles,2002,2,28
2002-03-01,81,Moderate,PM10,20,Los Angeles,California,34.1141,-118.4068,12531334.0,3267.0,America/Los_Angeles,2002,3,1
2002-03-02,64,Moderate,NO2,20,Los Angeles,California,34.1141,-118.4068,12531334.0,3267.0,America/Los_Angeles,2002,3,2
2002-03-03,62,Moderate,NO2,20,Los Angeles,California,34.1141,-118.4068,12531334.0,3267.0,America/Los_Angeles,2002,3,3
2002-03-04,66,Moderate,NO2,20,Los Angeles,California,34.1141,-118.4068,12531334.0,3267.0,America/Los_Angeles,2002,3,4
2002-03-05,82,Moderate,NO2,20,Los Angeles,California,34.1141,-118.4068,12531334.0,3267.0,America/Los_Angeles,2002,3,5
2002-03-06,97,Moderate,PM2.5,21,Los Angeles,California,34.1141,-118.4068,12531334.0,3267.0,America/Los_Angeles,2002,3,6
2002-03-07,37,Good,Ozone,20,Los Angeles,California,34.1141,-118.4068,12531334.0,3267.0,America/Los_Angeles,2002,3,7
2002-03-08,49,Good,NO2,20,Los Angeles,California,34.1141,-118.4068,12531334.0,3267.0,America/Los_Angeles,2002,3,8
2002-03-09,65,Moderate,PM2.5,21,Los Angeles,California,34.1141,-118.4068,12531334.0,3267.0,America/Los_Angeles,2002,3,9
2002-03-10,58,Moderate,NO2,20,Los Angeles,California,34.1141,-118.4068,12531334.0,3267.0,America/Los_Angeles,2002,3,10
2002-03-11,70,Moderate,NO2,20,Los Angeles,California,34.1141,-118.4068,12531334.0,3267.0,America/Los_Angeles,2002,3,11
2002-03-12,96,Moderate,PM2.5,21,Los Angeles,California,34.1141,-118.4068,12531334.0,3267.0,America/Los_Angeles,2002,3,12
2002-03-13,52,Moderate,PM2.5,20,Los Angeles,California,34.1141,-118.4068,12531334.0,3267.0,America/Los_Angeles,2002,3,13
2002-03-14,46,Good,NO2,20,Los Angeles,California,34.1141,-118.4068,12531334.0,3267.0,America/Los_Angeles,2002,3,14
2002-03-15,57,Moderate,NO2,21,Los Angeles,California,34.1141,-118.4068,12531334.0,3267.0,America/Los_Angeles,2002,3,15
2002-03-16,46,Good,NO2,20,Los Angeles,California,34.1141,-118.4068,12531334.0,3267.0,America/Los_Angeles,2002,3,16
2002-03-17,46,Good,Ozone,20,Los Angeles,California,34.1141,-118.4068,12531334.0,3267.0,America/Los_Angeles,2002,3,17
2002-03-18,50,Good,NO2,21,Los Angeles,California,34.1141,-118.4068,12531334.0,3267.0,America/Los_Angeles,2002,3,18
2002-03-19,68,Moderate,NO2,20,Los Angeles,California,34.1141,-118.4068,12531334.0,3267.0,America/Los_Angeles,2002,3,19
2002-03-20,101,Unhealthy for Sensitive Groups,NO2,20,Los Angeles,California,34.1141,-118.4068,12531334.0,3267.0,America/Los_Angeles,2002,3,20
2002-03-21,98,Moderate,NO2,21,Los Angeles,California,34.1141,-118.4068,12531334.0,3267.0,America/Los_Angeles,2002,3,21
2002-03-22,64,Moderate,Ozone,20,Los Angeles,California,34.1141,-118.4068,12531334.0,3267.0,America/Los_Angeles,2002,3,22
2002-03-23,41,Good,Ozone,20,Los Angeles,California,34.1141,-118.4068,12531334.0,3267.0,America/Los_Angeles,2002,3,23
2002-03-24,44,Good,Ozone,21,Los Angeles,California,34.1141,-118.4068,12531334.0,3267.0,America/Los_Angeles,2002,3,24
2002-03-25,56,Moderate,NO2,20,Los Angeles,California,34.1141,-118.4068,12531334.0,3267.0,America/Los_Angeles,2002,3,25
2002-03-26,83,Moderate,NO2,20,Los Angeles,California,34.1141,-118.4068,12531334.0,3267.0,America/Los_Angeles,2002,3,26
2002-03-27,69,Moderate,PM2.5,21,Los Angeles,California,34.1141,-118.4068,12531334.0,3267.0,America/Los_Angeles,2002,3,27
2002-03-28,64,Moderate,PM2.5,20,Los Angeles,California,34.1141,-118.4068,12531334.0,3267.0,America/Los_Angeles,2002,3,28
2002-03-29,83,Moderate,PM2.5,20,Los Angeles,California,34.1141,-118.4068,12531334.0,3267.0,America/Los_Angeles,2002,3,29
2002-03-30,133,Unhealthy for Sensitive Groups,PM2.5,21,Los Angeles,California,34.1141,-118.4068,12531334.0,3267.0,America/Los_Angeles,2002,3,30
2002-03-31,154,Unhealthy,Ozone,20,Los Angeles,California,34.1141,-118.4068,12531334.0,3267.0,America/Los_Angeles,2002,3,31
2002-04-01,154,Unhealthy,PM2.5,20,Los Angeles,California,34.1141,-118.4068,12531334.0,3267.0,America/Los_Angeles,2002,4,1
2002-04-02,150,Unhealthy for Sensitive Groups,PM2.5,21,Los Angeles,California,34.1141,-118.4068,12531334.0,3267.0,America/Los_Angeles,2002,4,2
2002-04-03,113,Unhealthy for Sensitive Groups,PM2.5,20,Los Angeles,California,34.1141,-118.4068,12531334.0,3267.0,America/Los_Angeles,2002,4,3
2002-04-04,89,Moderate,PM2.5,20,Los Angeles,California,34.1141,-118.4068,12531334.0,3267.0,America/Los_Angeles,2002,4,4
2002-04-05,59,Moderate,PM2.5,21,Los Angeles,California,34.1141,-118.4068,12531334.0,3267.0,America/Los_Angeles,2002,4,5
2002-04-06,42,Good,Ozone,20,Los Angeles,California,34.1141,-118.4068,12531334.0,3267.0,America/Los_Angeles,2002,4,6
2002-04-07,58,Moderate,Ozone,20,Los Angeles,California,34.1141,-118.4068,12531334.0,3267.0,America/Los_Angeles,2002,4,7
2002-04-08,64,Moderate,PM2.5,21,Los Angeles,California,34.1141,-118.4068,12531334.0,3267.0,America/Los_Angeles,2002,4,8
2002-04-09,84,Moderate,PM2.5,20,Los Angeles,California,34.1141,-118.4068,12531334.0,3267.0,America/Los_Angeles,2002,4,9
2002-04-10,89,Moderate,PM2.5,20,Los Angeles,California,34.1141,-118.4068,12531334.0,3267.0,America/Los_Angeles,2002,4,10
2002-04-11,127,Unhealthy for Sensitive Groups,PM2.5,21,Los Angeles,California,34.1141,-118.4068,12531334.0,3267.0,America/Los_Angeles,2002,4,11
2002-04-12,143,Unhealthy for Sensitive Groups,PM2.5,20,Los Angeles,California,34.1141,-118.4068,12531334.0,3267.0,America/Los_Angeles,2002,4,12
2002-04-13,149,Unhealthy for Sensitive Groups,PM2.5,20,Los Angeles,California,34.1141,-118.4068,12531334.0,3267.0,America/Los_Angeles,2002,4,13
2002-04-14,190,Unhealthy,Ozone,21,Los Angeles,California,34.1141,-118.4068,12531334.0,3267.0,America/Los_Angeles,2002,4,14
2002-04-15,82,Moderate,PM10,20,Los Angeles,California,34.1141,-118.4068,12531334.0,3267.0,America/Los_Angeles,2002,4,15
2002-04-16,48,Good,Ozone,20,Los Angeles,California,34.1141,-118.4068,12531334.0,3267.0,America/Los_Angeles,2002,4,16
2002-04-17,54,Moderate,PM2.5,21,Los Angeles,California,34.1141,-118.4068,12531334.0,3267.0,America/Los_Angeles,2002,4,17
2002-04-18,49,Good,Ozone,20,Los Angeles,California,34.1141,-118.4068,12531334.0,3267.0,America/Los_Angeles,2002,4,18
2002-04-19,54,Moderate,Ozone,19,Los Angeles,California,34.1141,-118.4068,12531334.0,3267.0,America/Los_Angeles,2002,4,19
2002-04-20,64,Moderate,Ozone,21,Los Angeles,California,34.1141,-118.4068,12531334.0,3267.0,America/Los_Angeles,2002,4,20
2002-04-21,122,Unhealthy for Sensitive Groups,Ozone,20,Los Angeles,California,34.1141,-118.4068,12531334.0,3267.0,America/Los_Angeles,2002,4,21
2002-04-22,143,Unhealthy for Sensitive Groups,Ozone,20,Los Angeles,California,34.1141,-118.4068,12531334.0,3267.0,America/Los_Angeles,2002,4,22
2002-04-23,122,Unhealthy for Sensitive Groups,Ozone,21,Los Angeles,California,34.1141,-118.4068,12531334.0,3267.0,America/Los_Angeles,2002,4,23
2002-04-24,73,Moderate,PM2.5,20,Los Angeles,California,34.1141,-118.4068,12531334.0,3267.0,America/Los_Angeles,2002,4,24
2002-04-25,43,Good,Ozone,20,Los Angeles,California,34.1141,-118.4068,12531334.0,3267.0,America/Los_Angeles,2002,4,25
2002-04-26,45,Good,Ozone,21,Los Angeles,California,34.1141,-118.4068,12531334.0,3267.0,America/Los_Angeles,2002,4,26
2002-04-27,42,Good,Ozone,20,Los Angeles,California,34.1141,-118.4068,12531334.0,3267.0,America/Los_Angeles,2002,4,27
2002-04-28,47,Good,Ozone,20,Los Angeles,California,34.1141,-118.4068,12531334.0,3267.0,America/Los_Angeles,2002,4,28
2002-04-29,42,Good,NO2,21,Los Angeles,California,34.1141,-118.4068,12531334.0,3267.0,America/Los_Angeles,2002,4,29
2002-04-30,44,Good,Ozone,20,Los Angeles,California,34.1141,-118.4068,12531334.0,3267.0,America/Los_Angeles,2002,4,30
2002-05-01,51,Moderate,NO2,20,Los Angeles,California,34.1141,-118.4068,12531334.0,3267.0,America/Los_Angeles,2002,5,1
2002-05-02,53,Moderate,PM2.5,21,Los Angeles,California,34.1141,-118.4068,12531334.0,3267.0,America/Los_Angeles,2002,5,2
2002-05-03,74,Moderate,Ozone,20,Los Angeles,California,34.1141,-118.4068,12531334.0,3267.0,America/Los_Angeles,2002,5,3
2002-05-04,112,Unhealthy for Sensitive Groups,Ozone,20,Los Angeles,California,34.1141,-118.4068,12531334.0,3267.0,America/Los_Angeles,2002,5,4
2002-05-05,100,Moderate,Ozone,21,Los Angeles,California,34.1141,-118.4068,12531334.0,3267.0,America/Los_Angeles,2002,5,5
2002-05-06,81,Moderate,PM2.5,20,Los Angeles,California,34.1141,-118.4068,12531334.0,3267.0,America/Los_Angeles,2002,5,6
2002-05-07,76,Moderate,PM2.5,20,Los Angeles,California,34.1141,-118.4068,12531334.0,3267.0,America/Los_Angeles,2002,5,7
2002-05-08,90,Moderate,Ozone,21,Los Angeles,California,34.1141,-118.4068,12531334.0,3267.0,America/Los_Angeles,2002,5,8
2002-05-09,77,Moderate,Ozone,20,Los Angeles,California,34.1141,-118.4068,12531334.0,3267.0,America/Los_Angeles,2002,5,9
2002-05-10,67,Moderate,Ozone,20,Los Angeles,California,34.1141,-118.4068,12531334.0,3267.0,America/Los_Angeles,2002,5,10
2002-05-11,80,Moderate,Ozone,21,Los Angeles,California,34.1141,-118.4068,12531334.0,3267.0,America/Los_Angeles,2002,5,11
2002-05-12,115,Unhealthy for Sensitive Groups,Ozone,20,Los Angeles,California,34.1141,-118.4068,12531334.0,3267.0,America/Los_Angeles,2002,5,12
2002-05-13,129,Unhealthy for Sensitive Groups,Ozone,20,Los Angeles,California,34.1141,-118.4068,12531334.0,3267.0,America/Los_Angeles,2002,5,13
2002-05-14,126,Unhealthy for Sensitive Groups,Ozone,21,Los Angeles,California,34.1141,-118.4068,12531334.0,3267.0,America/Los_Angeles,2002,5,14
2002-05-15,105,Unhealthy for Sensitive Groups,Ozone,20,Los Angeles,California,34.1141,-118.4068,12531334.0,3267.0,America/Los_Angeles,2002,5,15
2002-05-16,108,Unhealthy for Sensitive Groups,Ozone,20,Los Angeles,California,34.1141,-118.4068,12531334.0,3267.0,America/Los_Angeles,2002,5,16
2002-05-17,154,Unhealthy,Ozone,21,Los Angeles,California,34.1141,-118.4068,12531334.0,3267.0,America/Los_Angeles,2002,5,17
2002-05-18,151,Unhealthy,Ozone,20,Los Angeles,California,34.1141,-118.4068,12531334.0,3267.0,America/Los_Angeles,2002,5,18
2002-05-19,93,Moderate,Ozone,20,Los Angeles,California,34.1141,-118.4068,12531334.0,3267.0,America/Los_Angeles,2002,5,19
2002-05-20,43,Good,Ozone,21,Los Angeles,California,34.1141,-118.4068,12531334.0,3267.0,America/Los_Angeles,2002,5,20
2002-05-21,47,Good,NO2,20,Los Angeles,California,34.1141,-118.4068,12531334.0,3267.0,America/Los_Angeles,2002,5,21
2002-05-22,54,Moderate,Ozone,20,Los Angeles,California,34.1141,-118.4068,12531334.0,3267.0,America/Los_Angeles,2002,5,22
2002-05-23,80,Moderate,Ozone,21,Los Angeles,California,34.1141,-118.4068,12531334.0,3267.0,America/Los_Angeles,2002,5,23
2002-05-24,122,Unhealthy for Sensitive Groups,Ozone,20,Los Angeles,California,34.1141,-118.4068,12531334.0,3267.0,America/Los_Angeles,2002,5,24
2002-05-25,151,Unhealthy,Ozone,20,Los Angeles,California,34.1141,-118.4068,12531334.0,3267.0,America/Los_Angeles,2002,5,25
2002-05-26,122,Unhealthy for Sensitive Groups,Ozone,21,Los Angeles,California,34.1141,-118.4068,12531334.0,3267.0,America/Los_Angeles,2002,5,26
2002-05-27,115,Unhealthy for Sensitive Groups,Ozone,20,Los Angeles,California,34.1141,-118.4068,12531334.0,3267.0,America/Los_Angeles,2002,5,27
2002-05-28,93,Moderate,Ozone,20,Los Angeles,California,34.1141,-118.4068,12531334.0,3267.0,America/Los_Angeles,2002,5,28
2002-05-29,147,Unhealthy for Sensitive Groups,Ozone,21,Los Angeles,California,34.1141,-118.4068,12531334.0,3267.0,America/Los_Angeles,2002,5,29
2002-05-30,195,Unhealthy,Ozone,20,Los Angeles,California,34.1141,-118.4068,12531334.0,3267.0,America/Los_Angeles,2002,5,30
2002-05-31,136,Unhealthy for Sensitive Groups,Ozone,20,Los Angeles,California,34.1141,-118.4068,12531334.0,3267.0,America/Los_Angeles,2002,5,31
2002-06-01,105,Unhealthy for Sensitive Groups,Ozone,21,Los Angeles,California,34.1141,-118.4068,12531334.0,3267.0,America/Los_Angeles,2002,6,1
2002-06-02,97,Moderate,Ozone,19,Los Angeles,California,34.1141,-118.4068,12531334.0,3267.0,America/Los_Angeles,2002,6,2
2002-06-03,101,Unhealthy for Sensitive Groups,Ozone,19,Los Angeles,California,34.1141,-118.4068,12531334.0,3267.0,America/Los_Angeles,2002,6,3
2002-06-04,129,Unhealthy for Sensitive Groups,Ozone,20,Los Angeles,California,34.1141,-118.4068,12531334.0,3267.0,America/Los_Angeles,2002,6,4
2002-06-05,203,Very Unhealthy,Ozone,19,Los Angeles,California,34.1141,-118.4068,12531334.0,3267.0,America/Los_Angeles,2002,6,5
2002-06-06,205,Very Unhealthy,Ozone,19,Los Angeles,California,34.1141,-118.4068,12531334.0,3267.0,America/Los_Angeles,2002,6,6
2002-06-07,169,Unhealthy,Ozone,20,Los Angeles,California,34.1141,-118.4068,12531334.0,3267.0,America/Los_Angeles,2002,6,7
2002-06-08,150,Unhealthy for Sensitive Groups,Ozone,19,Los Angeles,California,34.1141,-118.4068,12531334.0,3267.0,America/Los_Angeles,2002,6,8
2002-06-09,87,Moderate,Ozone,19,Los Angeles,California,34.1141,-118.4068,12531334.0,3267.0,America/Los_Angeles,2002,6,9
2002-06-10,64,Moderate,Ozone,20,Los Angeles,California,34.1141,-118.4068,12531334.0,3267.0,America/Los_Angeles,2002,6,10
2002-06-11,84,Moderate,Ozone,19,Los Angeles,California,34.1141,-118.4068,12531334.0,3267.0,America/Los_Angeles,2002,6,11
2002-06-12,147,Unhealthy for Sensitive Groups,Ozone,19,Los Angeles,California,34.1141,-118.4068,12531334.0,3267.0,America/Los_Angeles,2002,6,12
2002-06-13,143,Unhealthy for Sensitive Groups,Ozone,20,Los Angeles,California,34.1141,-118.4068,12531334.0,3267.0,America/Los_Angeles,2002,6,13
2002-06-14,154,Unhealthy,Ozone,19,Los Angeles,California,34.1141,-118.4068,12531334.0,3267.0,America/Los_Angeles,2002,6,14
2002-06-15,202,Very Unhealthy,Ozone,19,Los Angeles,California,34.1141,-118.4068,12531334.0,3267.0,America/Los_Angeles,2002,6,15
2002-06-16,227,Very Unhealthy,Ozone,19,Los Angeles,California,34.1141,-118.4068,12531334.0,3267.0,America/Los_Angeles,2002,6,16
2002-06-17,210,Very Unhealthy,Ozone,19,Los Angeles,California,34.1141,-118.4068,12531334.0,3267.0,America/Los_Angeles,2002,6,17
2002-06-18,174,Unhealthy,Ozone,19,Los Angeles,California,34.1141,-118.4068,12531334.0,3267.0,America/Los_Angeles,2002,6,18
2002-06-19,177,Unhealthy,Ozone,19,Los Angeles,California,34.1141,-118.4068,12531334.0,3267.0,America/Los_Angeles,2002,6,19
2002-06-20,112,Unhealthy for Sensitive Groups,Ozone,19,Los Angeles,California,34.1141,-118.4068,12531334.0,3267.0,America/Los_Angeles,2002,6,20
2002-06-21,67,Moderate,Ozone,19,Los Angeles,California,34.1141,-118.4068,12531334.0,3267.0,America/Los_Angeles,2002,6,21
2002-06-22,159,Unhealthy,Ozone,20,Los Angeles,California,34.1141,-118.4068,12531334.0,3267.0,America/Los_Angeles,2002,6,22
2002-06-23,209,Very Unhealthy,Ozone,19,Los Angeles,California,34.1141,-118.4068,12531334.0,3267.0,America/Los_Angeles,2002,6,23
2002-06-24,204,Very Unhealthy,Ozone,19,Los Angeles,California,34.1141,-118.4068,12531334.0,3267.0,America/Los_Angeles,2002,6,24
2002-06-25,172,Unhealthy,Ozone,20,Los Angeles,California,34.1141,-118.4068,12531334.0,3267.0,America/Los_Angeles,2002,6,25
2002-06-26,133,Unhealthy for Sensitive Groups,Ozone,19,Los Angeles,California,34.1141,-118.4068,12531334.0,3267.0,America/Los_Angeles,2002,6,26
2002-06-27,151,Unhealthy,Ozone,19,Los Angeles,California,34.1141,-118.4068,12531334.0,3267.0,America/Los_Angeles,2002,6,27
2002-06-28,174,Unhealthy,Ozone,20,Los Angeles,California,34.1141,-118.4068,12531334.0,3267.0,America/Los_Angeles,2002,6,28
2002-06-29,214,Very Unhealthy,Ozone,19,Los Angeles,California,34.1141,-118.4068,12531334.0,3267.0,America/Los_Angeles,2002,6,29
2002-06-30,214,Very Unhealthy,Ozone,19,Los Angeles,California,34.1141,-118.4068,12531334.0,3267.0,America/Los_Angeles,2002,6,30
2002-07-01,136,Unhealthy for Sensitive Groups,Ozone,20,Los Angeles,California,34.1141,-118.4068,12531334.0,3267.0,America/Los_Angeles,2002,7,1
2002-07-02,84,Moderate,Ozone,19,Los Angeles,California,34.1141,-118.4068,12531334.0,3267.0,America/Los_Angeles,2002,7,2
2002-07-03,119,Unhealthy for Sensitive Groups,Ozone,19,Los Angeles,California,34.1141,-118.4068,12531334.0,3267.0,America/Los_Angeles,2002,7,3
2002-07-04,159,Unhealthy,Ozone,20,Los Angeles,California,34.1141,-118.4068,12531334.0,3267.0,America/Los_Angeles,2002,7,4
2002-07-05,153,Unhealthy,PM2.5,19,Los Angeles,California,34.1141,-118.4068,12531334.0,3267.0,America/Los_Angeles,2002,7,5
2002-07-06,208,Very Unhealthy,Ozone,19,Los Angeles,California,34.1141,-118.4068,12531334.0,3267.0,America/Los_Angeles,2002,7,6
2002-07-07,212,Very Unhealthy,Ozone,20,Los Angeles,California,34.1141,-118.4068,12531334.0,3267.0,America/Los_Angeles,2002,7,7
2002-07-08,216,Very Unhealthy,Ozone,19,Los Angeles,California,34.1141,-118.4068,12531334.0,3267.0,America/Los_Angeles,2002,7,8
2002-07-09,230,Very Unhealthy,Ozone,19,Los Angeles,California,34.1141,-118.4068,12531334.0,3267.0,America/Los_Angeles,2002,7,9
2002-07-10,241,Very Unhealthy,Ozone,19,Los Angeles,California,34.1141,-118.4068,12531334.0,3267.0,America/Los_Angeles,2002,7,10
2002-07-11,147,Unhealthy for Sensitive Groups,Ozone,19,Los Angeles,California,34.1141,-118.4068,12531334.0,3267.0,America/Los_Angeles,2002,7,11
2002-07-12,159,Unhealthy,Ozone,19,Los Angeles,California,34.1141,-118.4068,12531334.0,3267.0,America/Los_Angeles,2002,7,12
2002-07-13,164,Unhealthy,Ozone,20,Los Angeles,California,34.1141,-118.4068,12531334.0,3267.0,America/Los_Angeles,2002,7,13
2002-07-14,213,Very Unhealthy,Ozone,19,Los Angeles,California,34.1141,-118.4068,12531334.0,3267.0,America/Los_Angeles,2002,7,14
2002-07-15,90,Moderate,Ozone,19,Los Angeles,California,34.1141,-118.4068,12531334.0,3267.0,America/Los_Angeles,2002,7,15
2002-07-16,65,Moderate,PM2.5,19,Los Angeles,California,34.1141,-118.4068,12531334.0,3267.0,America/Los_Angeles,2002,7,16
2002-07-17,64,Moderate,PM2.5,19,Los Angeles,California,34.1141,-118.4068,12531334.0,3267.0,America/Los_Angeles,2002,7,17
2002-07-18,100,Moderate,Ozone,19,Los Angeles,California,34.1141,-118.4068,12531334.0,3267.0,America/Los_Angeles,2002,7,18
2002-07-19,143,Unhealthy for Sensitive Groups,Ozone,20,Los Angeles,California,34.1141,-118.4068,12531334.0,3267.0,America/Los_Angeles,2002,7,19
2002-07-20,143,Unhealthy for Sensitive Groups,Ozone,19,Los Angeles,California,34.1141,-118.4068,12531334.0,3267.0,America/Los_Angeles,2002,7,20
2002-07-21,159,Unhealthy,Ozone,19,Los Angeles,California,34.1141,-118.4068,12531334.0,3267.0,America/Los_Angeles,2002,7,21
2002-07-22,87,Moderate,Ozone,20,Los Angeles,California,34.1141,-118.4068,12531334.0,3267.0,America/Los_Angeles,2002,7,22
2002-07-23,93,Moderate,Ozone,19,Los Angeles,California,34.1141,-118.4068,12531334.0,3267.0,America/Los_Angeles,2002,7,23
2002-07-24,119,Unhealthy for Sensitive Groups,Ozone,18,Los Angeles,California,34.1141,-118.4068,12531334.0,3267.0,America/Los_Angeles,2002,7,24
2002-07-25,140,Unhealthy for Sensitive Groups,Ozone,19,Los Angeles,California,34.1141,-118.4068,12531334.0,3267.0,America/Los_Angeles,2002,7,25
2002-07-26,143,Unhealthy for Sensitive Groups,Ozone,19,Los Angeles,California,34.1141,-118.4068,12531334.0,3267.0,America/Los_Angeles,2002,7,26
2002-07-27,115,Unhealthy for Sensitive Groups,Ozone,19,Los Angeles,California,34.1141,-118.4068,12531334.0,3267.0,America/Los_Angeles,2002,7,27
2002-07-28,119,Unhealthy for Sensitive Groups,Ozone,20,Los Angeles,California,34.1141,-118.4068,12531334.0,3267.0,America/Los_Angeles,2002,7,28
2002-07-29,179,Unhealthy,Ozone,19,Los Angeles,California,34.1141,-118.4068,12531334.0,3267.0,America/Los_Angeles,2002,7,29
2002-07-30,200,Unhealthy,Ozone,19,Los Angeles,California,34.1141,-118.4068,12531334.0,3267.0,America/Los_Angeles,2002,7,30
2002-07-31,205,Very Unhealthy,Ozone,19,Los Angeles,California,34.1141,-118.4068,12531334.0,3267.0,America/Los_Angeles,2002,7,31
2002-08-01,202,Very Unhealthy,Ozone,19,Los Angeles,California,34.1141,-118.4068,12531334.0,3267.0,America/Los_Angeles,2002,8,1
2002-08-02,90,Moderate,Ozone,19,Los Angeles,California,34.1141,-118.4068,12531334.0,3267.0,America/Los_Angeles,2002,8,2
2002-08-03,119,Unhealthy for Sensitive Groups,Ozone,19,Los Angeles,California,34.1141,-118.4068,12531334.0,3267.0,America/Los_Angeles,2002,8,3
2002-08-04,161,Unhealthy,Ozone,19,Los Angeles,California,34.1141,-118.4068,12531334.0,3267.0,America/Los_Angeles,2002,8,4
2002-08-05,84,Moderate,Ozone,19,Los Angeles,California,34.1141,-118.4068,12531334.0,3267.0,America/Los_Angeles,2002,8,5
2002-08-06,74,Moderate,PM2.5,20,Los Angeles,California,34.1141,-118.4068,12531334.0,3267.0,America/Los_Angeles,2002,8,6
2002-08-07,100,Moderate,Ozone,19,Los Angeles,California,34.1141,-118.4068,12531334.0,3267.0,America/Los_Angeles,2002,8,7
2002-08-08,187,Unhealthy,Ozone,18,Los Angeles,California,34.1141,-118.4068,12531334.0,3267.0,America/Los_Angeles,2002,8,8
2002-08-09,179,Unhealthy,Ozone,19,Los Angeles,California,34.1141,-118.4068,12531334.0,3267.0,America/Los_Angeles,2002,8,9
2002-08-10,212,Very Unhealthy,Ozone,18,Los Angeles,California,34.1141,-118.4068,12531334.0,3267.0,America/Los_Angeles,2002,8,10
2002-08-11,239,Very Unhealthy,Ozone,18,Los Angeles,California,34.1141,-118.4068,12531334.0,3267.0,America/Los_Angeles,2002,8,11
2002-08-12,203,Very Unhealthy,Ozone,19,Los Angeles,California,34.1141,-118.4068,12531334.0,3267.0,America/Los_Angeles,2002,8,12
2002-08-13,195,Unhealthy,Ozone,18,Los Angeles,California,34.1141,-118.4068,12531334.0,3267.0,America/Los_Angeles,2002,8,13
2002-08-14,179,Unhealthy,Ozone,18,Los Angeles,California,34.1141,-118.4068,12531334.0,3267.0,America/Los_Angeles,2002,8,14
2002-08-15,182,Unhealthy,Ozone,19,Los Angeles,California,34.1141,-118.4068,12531334.0,3267.0,America/Los_Angeles,2002,8,15
2002-08-16,169,Unhealthy,Ozone,18,Los Angeles,California,34.1141,-118.4068,12531334.0,3267.0,America/Los_Angeles,2002,8,16
2002-08-17,202,Very Unhealthy,Ozone,18,Los Angeles,California,34.1141,-118.4068,12531334.0,3267.0,America/Los_Angeles,2002,8,17
2002-08-18,192,Unhealthy,Ozone,18,Los Angeles,California,34.1141,-118.4068,12531334.0,3267.0,America/Los_Angeles,2002,8,18
2002-08-19,151,Unhealthy,Ozone,18,Los Angeles,California,34.1141,-118.4068,12531334.0,3267.0,America/Los_Angeles,2002,8,19
2002-08-20,119,Unhealthy for Sensitive Groups,Ozone,17,Los Angeles,California,34.1141,-118.4068,12531334.0,3267.0,America/Los_Angeles,2002,8,20
2002-08-21,133,Unhealthy for Sensitive Groups,Ozone,18,Los Angeles,California,34.1141,-118.4068,12531334.0,3267.0,America/Los_Angeles,2002,8,21
2002-08-22,154,Unhealthy,Ozone,18,Los Angeles,California,34.1141,-118.4068,12531334.0,3267.0,America/Los_Angeles,2002,8,22
2002-08-23,159,Unhealthy,Ozone,18,Los Angeles,California,34.1141,-118.4068,12531334.0,3267.0,America/Los_Angeles,2002,8,23
2002-08-24,129,Unhealthy for Sensitive Groups,Ozone,19,Los Angeles,California,34.1141,-118.4068,12531334.0,3267.0,America/Los_Angeles,2002,8,24
2002-08-25,195,Unhealthy,Ozone,18,Los Angeles,California,34.1141,-118.4068,12531334.0,3267.0,America/Los_Angeles,2002,8,25
2002-08-26,129,Unhealthy for Sensitive Groups,Ozone,18,Los Angeles,California,34.1141,-118.4068,12531334.0,3267.0,America/Los_Angeles,2002,8,26
2002-08-27,156,Unhealthy,Ozone,19,Los Angeles,California,34.1141,-118.4068,12531334.0,3267.0,America/Los_Angeles,2002,8,27
2002-08-28,97,Moderate,Ozone,18,Los Angeles,California,34.1141,-118.4068,12531334.0,3267.0,America/Los_Angeles,2002,8,28
2002-08-29,101,Unhealthy for Sensitive Groups,Ozone,18,Los Angeles,California,34.1141,-118.4068,12531334.0,3267.0,America/Los_Angeles,2002,8,29
2002-08-30,97,Moderate,Ozone,19,Los Angeles,California,34.1141,-118.4068,12531334.0,3267.0,America/Los_Angeles,2002,8,30
2002-08-31,140,Unhealthy for Sensitive Groups,Ozone,18,Los Angeles,California,34.1141,-118.4068,12531334.0,3267.0,America/Los_Angeles,2002,8,31
2002-09-01,147,Unhealthy for Sensitive Groups,Ozone,18,Los Angeles,California,34.1141,-118.4068,12531334.0,3267.0,America/Los_Angeles,2002,9,1
2002-09-02,185,Unhealthy,Ozone,19,Los Angeles,California,34.1141,-118.4068,12531334.0,3267.0,America/Los_Angeles,2002,9,2
2002-09-03,166,Unhealthy,Ozone,18,Los Angeles,California,34.1141,-118.4068,12531334.0,3267.0,America/Los_Angeles,2002,9,3
2002-09-04,166,Unhealthy,Ozone,18,Los Angeles,California,34.1141,-118.4068,12531334.0,3267.0,America/Los_Angeles,2002,9,4
2002-09-05,96,Moderate,PM2.5,19,Los Angeles,California,34.1141,-118.4068,12531334.0,3267.0,America/Los_Angeles,2002,9,5
2002-09-06,77,Moderate,NO2,18,Los Angeles,California,34.1141,-118.4068,12531334.0,3267.0,America/Los_Angeles,2002,9,6
2002-09-07,49,Good,Ozone,18,Los Angeles,California,34.1141,-118.4068,12531334.0,3267.0,America/Los_Angeles,2002,9,7
2002-09-08,84,Moderate,Ozone,19,Los Angeles,California,34.1141,-118.4068,12531334.0,3267.0,America/Los_Angeles,2002,9,8
2002-09-09,105,Unhealthy for Sensitive Groups,NO2,18,Los Angeles,California,34.1141,-118.4068,12531334.0,3267.0,America/Los_Angeles,2002,9,9
2002-09-10,97,Moderate,Ozone,18,Los Angeles,California,34.1141,-118.4068,12531334.0,3267.0,America/Los_Angeles,2002,9,10
2002-09-11,151,Unhealthy,Ozone,19,Los Angeles,California,34.1141,-118.4068,12531334.0,3267.0,America/Los_Angeles,2002,9,11
2002-09-12,126,Unhealthy for Sensitive Groups,Ozone,18,Los Angeles,California,34.1141,-118.4068,12531334.0,3267.0,America/Los_Angeles,2002,9,12
2002-09-13,185,Unhealthy,Ozone,18,Los Angeles,California,34.1141,-118.4068,12531334.0,3267.0,America/Los_Angeles,2002,9,13
2002-09-14,182,Unhealthy,Ozone,19,Los Angeles,California,34.1141,-118.4068,12531334.0,3267.0,America/Los_Angeles,2002,9,14
2002-09-15,177,Unhealthy,Ozone,18,Los Angeles,California,34.1141,-118.4068,12531334.0,3267.0,America/Los_Angeles,2002,9,15
2002-09-16,64,Moderate,Ozone,18,Los Angeles,California,34.1141,-118.4068,12531334.0,3267.0,America/Los_Angeles,2002,9,16
2002-09-17,72,Moderate,PM2.5,19,Los Angeles,California,34.1141,-118.4068,12531334.0,3267.0,America/Los_Angeles,2002,9,17
2002-09-18,68,Moderate,PM2.5,18,Los Angeles,California,34.1141,-118.4068,12531334.0,3267.0,America/Los_Angeles,2002,9,18
2002-09-19,86,Moderate,PM2.5,18,Los Angeles,California,34.1141,-118.4068,12531334.0,3267.0,America/Los_Angeles,2002,9,19
2002-09-20,159,Unhealthy,Ozone,19,Los Angeles,California,34.1141,-118.4068,12531334.0,3267.0,America/Los_Angeles,2002,9,20
2002-09-21,154,Unhealthy,Ozone,18,Los Angeles,California,34.1141,-118.4068,12531334.0,3267.0,America/Los_Angeles,2002,9,21
2002-09-22,192,Unhealthy,Ozone,18,Los Angeles,California,34.1141,-118.4068,12531334.0,3267.0,America/Los_Angeles,2002,9,22
2002-09-23,136,Unhealthy for Sensitive Groups,Ozone,18,Los Angeles,California,34.1141,-118.4068,12531334.0,3267.0,America/Los_Angeles,2002,9,23
2002-09-24,206,Very Unhealthy,Ozone,18,Los Angeles,California,34.1141,-118.4068,12531334.0,3267.0,America/Los_Angeles,2002,9,24
2002-09-25,150,Unhealthy for Sensitive Groups,Ozone,18,Los Angeles,California,34.1141,-118.4068,12531334.0,3267.0,America/Los_Angeles,2002,9,25
2002-09-26,153,Unhealthy,PM2.5,18,Los Angeles,California,34.1141,-118.4068,12531334.0,3267.0,America/Los_Angeles,2002,9,26
2002-09-27,73,Moderate,PM10,18,Los Angeles,California,34.1141,-118.4068,12531334.0,3267.0,America/Los_Angeles,2002,9,27
2002-09-28,41,Good,NO2,18,Los Angeles,California,34.1141,-118.4068,12531334.0,3267.0,America/Los_Angeles,2002,9,28
2002-09-29,44,Good,Ozone,19,Los Angeles,California,34.1141,-118.4068,12531334.0,3267.0,America/Los_Angeles,2002,9,29
2002-09-30,47,Good,NO2,18,Los Angeles,California,34.1141,-118.4068,12531334.0,3267.0,America/Los_Angeles,2002,9,30
2002-10-01,48,Good,PM2.5,18,Los Angeles,California,34.1141,-118.4068,12531334.0,3267.0,America/Los_Angeles,2002,10,1
2002-10-02,55,Moderate,PM2.5,19,Los Angeles,California,34.1141,-118.4068,12531334.0,3267.0,America/Los_Angeles,2002,10,2
2002-10-03,62,Moderate,NO2,18,Los Angeles,California,34.1141,-118.4068,12531334.0,3267.0,America/Los_Angeles,2002,10,3
2002-10-04,90,Moderate,Ozone,18,Los Angeles,California,34.1141,-118.4068,12531334.0,3267.0,America/Los_Angeles,2002,10,4
2002-10-05,115,Unhealthy for Sensitive Groups,Ozone,19,Los Angeles,California,34.1141,-118.4068,12531334.0,3267.0,America/Los_Angeles,2002,10,5
2002-10-06,93,Moderate,Ozone,18,Los Angeles,California,34.1141,-118.4068,12531334.0,3267.0,America/Los_Angeles,2002,10,6
2002-10-07,102,Unhealthy for Sensitive Groups,NO2,18,Los Angeles,California,34.1141,-118.4068,12531334.0,3267.0,America/Los_Angeles,2002,10,7
2002-10-08,147,Unhealthy for Sensitive Groups,Ozone,19,Los Angeles,California,34.1141,-118.4068,12531334.0,3267.0,America/Los_Angeles,2002,10,8
2002-10-09,153,Unhealthy,PM2.5,18,Los Angeles,California,34.1141,-118.4068,12531334.0,3267.0,America/Los_Angeles,2002,10,9
2002-10-10,152,Unhealthy,PM2.5,18,Los Angeles,California,34.1141,-118.4068,12531334.0,3267.0,America/Los_Angeles,2002,10,10
2002-10-11,103,Unhealthy for Sensitive Groups,PM2.5,19,Los Angeles,California,34.1141,-118.4068,12531334.0,3267.0,America/Los_Angeles,2002,10,11
2002-10-12,85,Moderate,PM2.5,18,Los Angeles,California,34.1141,-118.4068,12531334.0,3267.0,America/Los_Angeles,2002,10,12
2002-10-13,107,Unhealthy for Sensitive Groups,PM2.5,18,Los Angeles,California,34.1141,-118.4068,12531334.0,3267.0,America/Los_Angeles,2002,10,13
2002-10-14,152,Unhealthy,PM2.5,19,Los Angeles,California,34.1141,-118.4068,12531334.0,3267.0,America/Los_Angeles,2002,10,14
2002-10-15,160,Unhealthy,PM2.5,18,Los Angeles,California,34.1141,-118.4068,12531334.0,3267.0,America/Los_Angeles,2002,10,15
2002-10-16,113,Unhealthy for Sensitive Groups,PM2.5,18,Los Angeles,California,34.1141,-118.4068,12531334.0,3267.0,America/Los_Angeles,2002,10,16
2002-10-17,76,Moderate,PM2.5,19,Los Angeles,California,34.1141,-118.4068,12531334.0,3267.0,America/Los_Angeles,2002,10,17
2002-10-18,83,Moderate,PM2.5,18,Los Angeles,California,34.1141,-118.4068,12531334.0,3267.0,America/Los_Angeles,2002,10,18
2002-10-19,97,Moderate,PM2.5,18,Los Angeles,California,34.1141,-118.4068,12531334.0,3267.0,America/Los_Angeles,2002,10,19
2002-10-20,131,Unhealthy for Sensitive Groups,PM2.5,19,Los Angeles,California,34.1141,-118.4068,12531334.0,3267.0,America/Los_Angeles,2002,10,20
2002-10-21,129,Unhealthy for Sensitive Groups,PM2.5,18,Los Angeles,California,34.1141,-118.4068,12531334.0,3267.0,America/Los_Angeles,2002,10,21
2002-10-22,91,Moderate,PM2.5,18,Los Angeles,California,34.1141,-118.4068,12531334.0,3267.0,America/Los_Angeles,2002,10,22
2002-10-23,84,Moderate,PM2.5,19,Los Angeles,California,34.1141,-118.4068,12531334.0,3267.0,America/Los_Angeles,2002,10,23
2002-10-24,104,Unhealthy for Sensitive Groups,PM2.5,18,Los Angeles,California,34.1141,-118.4068,12531334.0,3267.0,America/Los_Angeles,2002,10,24
2002-10-25,102,Unhealthy for Sensitive Groups,PM2.5,18,Los Angeles,California,34.1141,-118.4068,12531334.0,3267.0,America/Los_Angeles,2002,10,25
2002-10-26,83,Moderate,PM2.5,18,Los Angeles,California,34.1141,-118.4068,12531334.0,3267.0,America/Los_Angeles,2002,10,26
2002-10-27,71,Moderate,PM2.5,17,Los Angeles,California,34.1141,-118.4068,12531334.0,3267.0,America/Los_Angeles,2002,10,27
2002-10-28,93,Moderate,PM2.5,18,Los Angeles,California,34.1141,-118.4068,12531334.0,3267.0,America/Los_Angeles,2002,10,28
2002-10-29,93,Moderate,PM2.5,19,Los Angeles,California,34.1141,-118.4068,12531334.0,3267.0,America/Los_Angeles,2002,10,29
2002-10-30,76,Moderate,PM2.5,18,Los Angeles,California,34.1141,-118.4068,12531334.0,3267.0,America/Los_Angeles,2002,10,30
2002-10-31,102,Unhealthy for Sensitive Groups,PM2.5,18,Los Angeles,California,34.1141,-118.4068,12531334.0,3267.0,America/Los_Angeles,2002,10,31
2002-11-01,118,Unhealthy for Sensitive Groups,PM2.5,19,Los Angeles,California,34.1141,-118.4068,12531334.0,3267.0,America/Los_Angeles,2002,11,1
2002-11-02,136,Unhealthy for Sensitive Groups,PM2.5,18,Los Angeles,California,34.1141,-118.4068,12531334.0,3267.0,America/Los_Angeles,2002,11,2
2002-11-03,108,Unhealthy for Sensitive Groups,PM2.5,18,Los Angeles,California,34.1141,-118.4068,12531334.0,3267.0,America/Los_Angeles,2002,11,3
2002-11-04,109,Unhealthy for Sensitive Groups,PM2.5,19,Los Angeles,California,34.1141,-118.4068,12531334.0,3267.0,America/Los_Angeles,2002,11,4
2002-11-05,153,Unhealthy,PM2.5,18,Los Angeles,California,34.1141,-118.4068,12531334.0,3267.0,America/Los_Angeles,2002,11,5
2002-11-06,156,Unhealthy,PM2.5,18,Los Angeles,California,34.1141,-118.4068,12531334.0,3267.0,America/Los_Angeles,2002,11,6
2002-11-07,112,Unhealthy for Sensitive Groups,PM2.5,19,Los Angeles,California,34.1141,-118.4068,12531334.0,3267.0,America/Los_Angeles,2002,11,7
2002-11-08,41,Good,NO2,18,Los Angeles,California,34.1141,-118.4068,12531334.0,3267.0,America/Los_Angeles,2002,11,8
2002-11-09,33,Good,Ozone,18,Los Angeles,California,34.1141,-118.4068,12531334.0,3267.0,America/Los_Angeles,2002,11,9
2002-11-10,43,Good,PM2.5,19,Los Angeles,California,34.1141,-118.4068,12531334.0,3267.0,America/Los_Angeles,2002,11,10
2002-11-11,71,Moderate,CO,18,Los Angeles,California,34.1141,-118.4068,12531334.0,3267.0,America/Los_Angeles,2002,11,11
2002-11-12,72,Moderate,CO,18,Los Angeles,California,34.1141,-118.4068,12531334.0,3267.0,America/Los_Angeles,2002,11,12
2002-11-13,97,Moderate,NO2,19,Los Angeles,California,34.1141,-118.4068,12531334.0,3267.0,America/Los_Angeles,2002,11,13
2002-11-14,125,Unhealthy for Sensitive Groups,PM2.5,18,Los Angeles,California,34.1141,-118.4068,12531334.0,3267.0,America/Los_Angeles,2002,11,14
2002-11-15,85,Moderate,NO2,18,Los Angeles,California,34.1141,-118.4068,12531334.0,3267.0,America/Los_Angeles,2002,11,15
2002-11-16,63,Moderate,NO2,19,Los Angeles,California,34.1141,-118.4068,12531334.0,3267.0,America/Los_Angeles,2002,11,16
2002-11-17,94,Moderate,NO2,18,Los Angeles,California,34.1141,-118.4068,12531334.0,3267.0,America/Los_Angeles,2002,11,17
2002-11-18,81,Moderate,NO2,18,Los Angeles,California,34.1141,-118.4068,12531334.0,3267.0,America/Los_Angeles,2002,11,18
2002-11-19,87,Moderate,NO2,19,Los Angeles,California,34.1141,-118.4068,12531334.0,3267.0,America/Los_Angeles,2002,11,19
2002-11-20,102,Unhealthy for Sensitive Groups,NO2,18,Los Angeles,California,34.1141,-118.4068,12531334.0,3267.0,America/Los_Angeles,2002,11,20
2002-11-21,99,Moderate,NO2,18,Los Angeles,California,34.1141,-118.4068,12531334.0,3267.0,America/Los_Angeles,2002,11,21
2002-11-22,105,Unhealthy for Sensitive Groups,NO2,19,Los Angeles,California,34.1141,-118.4068,12531334.0,3267.0,America/Los_Angeles,2002,11,22
2002-11-23,99,Moderate,PM2.5,18,Los Angeles,California,34.1141,-118.4068,12531334.0,3267.0,America/Los_Angeles,2002,11,23
2002-11-24,132,Unhealthy for Sensitive Groups,PM2.5,18,Los Angeles,California,34.1141,-118.4068,12531334.0,3267.0,America/Los_Angeles,2002,11,24
2002-11-25,102,Unhealthy for Sensitive Groups,PM2.5,19,Los Angeles,California,34.1141,-118.4068,12531334.0,3267.0,America/Los_Angeles,2002,11,25
2002-11-26,57,Moderate,NO2,18,Los Angeles,California,34.1141,-118.4068,12531334.0,3267.0,America/Los_Angeles,2002,11,26
2002-11-27,105,Unhealthy for Sensitive Groups,NO2,18,Los Angeles,California,34.1141,-118.4068,12531334.0,3267.0,America/Los_Angeles,2002,11,27
2002-11-28,88,Moderate,CO,19,Los Angeles,California,34.1141,-118.4068,12531334.0,3267.0,America/Los_Angeles,2002,11,28
2002-11-29,44,Good,NO2,18,Los Angeles,California,34.1141,-118.4068,12531334.0,3267.0,America/Los_Angeles,2002,11,29
2002-11-30,68,Moderate,NO2,18,Los Angeles,California,34.1141,-118.4068,12531334.0,3267.0,America/Los_Angeles,2002,11,30
2002-12-01,72,Moderate,PM2.5,19,Los Angeles,California,34.1141,-118.4068,12531334.0,3267.0,America/Los_Angeles,2002,12,1
2002-12-02,69,Moderate,PM2.5,18,Los Angeles,California,34.1141,-118.4068,12531334.0,3267.0,America/Los_Angeles,2002,12,2
2002-12-03,82,Moderate,PM2.5,18,Los Angeles,California,34.1141,-118.4068,12531334.0,3267.0,America/Los_Angeles,2002,12,3
2002-12-04,150,Unhealthy for Sensitive Groups,PM2.5,19,Los Angeles,California,34.1141,-118.4068,12531334.0,3267.0,America/Los_Angeles,2002,12,4
2002-12-05,125,Unhealthy for Sensitive Groups,PM2.5,18,Los Angeles,California,34.1141,-118.4068,12531334.0,3267.0,America/Los_Angeles,2002,12,5
2002-12-06,98,Moderate,PM2.5,18,Los Angeles,California,34.1141,-118.4068,12531334.0,3267.0,America/Los_Angeles,2002,12,6
2002-12-07,124,Unhealthy for Sensitive Groups,PM2.5,19,Los Angeles,California,34.1141,-118.4068,12531334.0,3267.0,America/Los_Angeles,2002,12,7
2002-12-08,144,Unhealthy for Sensitive Groups,PM2.5,18,Los Angeles,California,34.1141,-118.4068,12531334.0,3267.0,America/Los_Angeles,2002,12,8
2002-12-09,125,Unhealthy for Sensitive Groups,PM2.5,18,Los Angeles,California,34.1141,-118.4068,12531334.0,3267.0,America/Los_Angeles,2002,12,9
2002-12-10,114,Unhealthy for Sensitive Groups,PM2.5,19,Los Angeles,California,34.1141,-118.4068,12531334.0,3267.0,America/Los_Angeles,2002,12,10
2002-12-11,90,Moderate,PM2.5,18,Los Angeles,California,34.1141,-118.4068,12531334.0,3267.0,America/Los_Angeles,2002,12,11
2002-12-12,104,Unhealthy for Sensitive Groups,PM2.5,18,Los Angeles,California,34.1141,-118.4068,12531334.0,3267.0,America/Los_Angeles,2002,12,12
2002-12-13,136,Unhealthy for Sensitive Groups,PM2.5,19,Los Angeles,California,34.1141,-118.4068,12531334.0,3267.0,America/Los_Angeles,2002,12,13
2002-12-14,137,Unhealthy for Sensitive Groups,PM2.5,18,Los Angeles,California,34.1141,-118.4068,12531334.0,3267.0,America/Los_Angeles,2002,12,14
2002-12-15,85,Moderate,PM2.5,18,Los Angeles,California,34.1141,-118.4068,12531334.0,3267.0,America/Los_Angeles,2002,12,15
2002-12-16,62,Moderate,PM2.5,19,Los Angeles,California,34.1141,-118.4068,12531334.0,3267.0,America/Los_Angeles,2002,12,16
2002-12-17,44,Good,NO2,18,Los Angeles,California,34.1141,-118.4068,12531334.0,3267.0,America/Los_Angeles,2002,12,17
2002-12-18,49,Good,PM2.5,18,Los Angeles,California,34.1141,-118.4068,12531334.0,3267.0,America/Los_Angeles,2002,12,18
2002-12-19,68,Moderate,PM2.5,19,Los Angeles,California,34.1141,-118.4068,12531334.0,3267.0,America/Los_Angeles,2002,12,19
2002-12-20,44,Good,NO2,18,Los Angeles,California,34.1141,-118.4068,12531334.0,3267.0,America/Los_Angeles,2002,12,20
2002-12-21,52,Moderate,PM2.5,18,Los Angeles,California,34.1141,-118.4068,12531334.0,3267.0,America/Los_Angeles,2002,12,21
2002-12-22,64,Moderate,PM2.5,19,Los Angeles,California,34.1141,-118.4068,12531334.0,3267.0,America/Los_Angeles,2002,12,22
2002-12-23,70,Moderate,PM2.5,18,Los Angeles,California,34.1141,-118.4068,12531334.0,3267.0,America/Los_Angeles,2002,12,23
2002-12-24,94,Moderate,PM2.5,18,Los Angeles,California,34.1141,-118.4068,12531334.0,3267.0,America/Los_Angeles,2002,12,24
2002-12-25,150,Unhealthy for Sensitive Groups,PM2.5,19,Los Angeles,California,34.1141,-118.4068,12531334.0,3267.0,America/Los_Angeles,2002,12,25
2002-12-26,135,Unhealthy for Sensitive Groups,PM2.5,18,Los Angeles,California,34.1141,-118.4068,12531334.0,3267.0,America/Los_Angeles,2002,12,26
2002-12-27,91,Moderate,PM2.5,18,Los Angeles,California,34.1141,-118.4068,12531334.0,3267.0,America/Los_Angeles,2002,12,27
2002-12-28,71,Moderate,PM2.5,19,Los Angeles,California,34.1141,-118.4068,12531334.0,3267.0,America/Los_Angeles,2002,12,28
2002-12-29,42,Good,NO2,18,Los Angeles,California,34.1141,-118.4068,12531334.0,3267.0,America/Los_Angeles,2002,12,29
2002-12-30,63,Moderate,NO2,18,Los Angeles,California,34.1141,-118.4068,12531334.0,3267.0,America/Los_Angeles,2002,12,30
2002-12-31,79,Moderate,PM2.5,19,Los Angeles,California,34.1141,-118.4068,12531334.0,3267.0,America/Los_Angeles,2002,12,31
2003-01-01,122,Unhealthy for Sensitive Groups,PM2.5,18,Los Angeles,California,34.1141,-118.4068,12531334.0,3267.0,America/Los_Angeles,2003,1,1
2003-01-02,65,Moderate,NO2,18,Los Angeles,California,34.1141,-118.4068,12531334.0,3267.0,America/Los_Angeles,2003,1,2
2003-01-03,84,Moderate,NO2,19,Los Angeles,California,34.1141,-118.4068,12531334.0,3267.0,America/Los_Angeles,2003,1,3
2003-01-04,91,Moderate,NO2,18,Los Angeles,California,34.1141,-118.4068,12531334.0,3267.0,America/Los_Angeles,2003,1,4
2003-01-05,104,Unhealthy for Sensitive Groups,NO2,18,Los Angeles,California,34.1141,-118.4068,12531334.0,3267.0,America/Los_Angeles,2003,1,5
2003-01-06,60,Moderate,NO2,19,Los Angeles,California,34.1141,-118.4068,12531334.0,3267.0,America/Los_Angeles,2003,1,6
2003-01-07,50,Good,NO2,18,Los Angeles,California,34.1141,-118.4068,12531334.0,3267.0,America/Los_Angeles,2003,1,7
2003-01-08,60,Moderate,PM2.5,18,Los Angeles,California,34.1141,-118.4068,12531334.0,3267.0,America/Los_Angeles,2003,1,8
2003-01-09,66,Moderate,PM2.5,19,Los Angeles,California,34.1141,-118.4068,12531334.0,3267.0,America/Los_Angeles,2003,1,9
2003-01-10,83,Moderate,PM2.5,18,Los Angeles,California,34.1141,-118.4068,12531334.0,3267.0,America/Los_Angeles,2003,1,10
2003-01-11,92,Moderate,PM2.5,18,Los Angeles,California,34.1141,-118.4068,12531334.0,3267.0,America/Los_Angeles,2003,1,11
2003-01-12,116,Unhealthy for Sensitive Groups,PM2.5,19,Los Angeles,California,34.1141,-118.4068,12531334.0,3267.0,America/Los_Angeles,2003,1,12
2003-01-13,129,Unhealthy for Sensitive Groups,PM2.5,18,Los Angeles,California,34.1141,-118.4068,12531334.0,3267.0,America/Los_Angeles,2003,1,13
2003-01-14,113,Unhealthy for Sensitive Groups,PM2.5,18,Los Angeles,California,34.1141,-118.4068,12531334.0,3267.0,America/Los_Angeles,2003,1,14
2003-01-15,102,Unhealthy for Sensitive Groups,NO2,19,Los Angeles,California,34.1141,-118.4068,12531334.0,3267.0,America/Los_Angeles,2003,1,15
2003-01-16,71,Moderate,NO2,18,Los Angeles,California,34.1141,-118.4068,12531334.0,3267.0,America/Los_Angeles,2003,1,16
2003-01-17,98,Moderate,NO2,18,Los Angeles,California,34.1141,-118.4068,12531334.0,3267.0,America/Los_Angeles,2003,1,17
2003-01-18,95,Moderate,PM2.5,19,Los Angeles,California,34.1141,-118.4068,12531334.0,3267.0,America/Los_Angeles,2003,1,18
2003-01-19,109,Unhealthy for Sensitive Groups,PM2.5,18,Los Angeles,California,34.1141,-118.4068,12531334.0,3267.0,America/Los_Angeles,2003,1,19
2003-01-20,107,Unhealthy for Sensitive Groups,PM2.5,18,Los Angeles,California,34.1141,-118.4068,12531334.0,3267.0,America/Los_Angeles,2003,1,20
2003-01-21,107,Unhealthy for Sensitive Groups,PM2.5,19,Los Angeles,California,34.1141,-118.4068,12531334.0,3267.0,America/Los_Angeles,2003,1,21
2003-01-22,151,Unhealthy,PM2.5,18,Los Angeles,California,34.1141,-118.4068,12531334.0,3267.0,America/Los_Angeles,2003,1,22
2003-01-23,158,Unhealthy,PM2.5,18,Los Angeles,California,34.1141,-118.4068,12531334.0,3267.0,America/Los_Angeles,2003,1,23
2003-01-24,124,Unhealthy for Sensitive Groups,PM2.5,19,Los Angeles,California,34.1141,-118.4068,12531334.0,3267.0,America/Los_Angeles,2003,1,24
2003-01-25,86,Moderate,NO2,18,Los Angeles,California,34.1141,-118.4068,12531334.0,3267.0,America/Los_Angeles,2003,1,25
2003-01-26,77,Moderate,CO,18,Los Angeles,California,34.1141,-118.4068,12531334.0,3267.0,America/Los_Angeles,2003,1,26
2003-01-27,80,Moderate,NO2,19,Los Angeles,California,34.1141,-118.4068,12531334.0,3267.0,America/Los_Angeles,2003,1,27
2003-01-28,110,Unhealthy for Sensitive Groups,PM2.5,18,Los Angeles,California,34.1141,-118.4068,12531334.0,3267.0,America/Los_Angeles,2003,1,28
2003-01-29,147,Unhealthy for Sensitive Groups,PM2.5,18,Los Angeles,California,34.1141,-118.4068,12531334.0,3267.0,America/Los_Angeles,2003,1,29
2003-01-30,141,Unhealthy for Sensitive Groups,PM2.5,19,Los Angeles,California,34.1141,-118.4068,12531334.0,3267.0,America/Los_Angeles,2003,1,30
2003-01-31,82,Moderate,NO2,18,Los Angeles,California,34.1141,-118.4068,12531334.0,3267.0,America/Los_Angeles,2003,1,31
2003-02-01,81,Moderate,NO2,18,Los Angeles,California,34.1141,-118.4068,12531334.0,3267.0,America/Los_Angeles,2003,2,1
2003-02-02,68,Moderate,PM2.5,19,Los Angeles,California,34.1141,-118.4068,12531334.0,3267.0,America/Los_Angeles,2003,2,2
2003-02-03,70,Moderate,NO2,18,Los Angeles,California,34.1141,-118.4068,12531334.0,3267.0,America/Los_Angeles,2003,2,3
2003-02-04,73,Moderate,PM2.5,18,Los Angeles,California,34.1141,-118.4068,12531334.0,3267.0,America/Los_Angeles,2003,2,4
2003-02-05,79,Moderate,NO2,19,Los Angeles,California,34.1141,-118.4068,12531334.0,3267.0,America/Los_Angeles,2003,2,5
2003-02-06,64,Moderate,NO2,18,Los Angeles,California,34.1141,-118.4068,12531334.0,3267.0,America/Los_Angeles,2003,2,6
2003-02-07,54,Moderate,NO2,18,Los Angeles,California,34.1141,-118.4068,12531334.0,3267.0,America/Los_Angeles,2003,2,7
2003-02-08,66,Moderate,PM2.5,19,Los Angeles,California,34.1141,-118.4068,12531334.0,3267.0,America/Los_Angeles,2003,2,8
2003-02-09,72,Moderate,PM2.5,18,Los Angeles,California,34.1141,-118.4068,12531334.0,3267.0,America/Los_Angeles,2003,2,9
2003-02-10,63,Moderate,NO2,18,Los Angeles,California,34.1141,-118.4068,12531334.0,3267.0,America/Los_Angeles,2003,2,10
2003-02-11,52,Moderate,NO2,19,Los Angeles,California,34.1141,-118.4068,12531334.0,3267.0,America/Los_Angeles,2003,2,11
2003-02-12,40,Good,NO2,18,Los Angeles,California,34.1141,-118.4068,12531334.0,3267.0,America/Los_Angeles,2003,2,12
2003-02-13,46,Good,PM2.5,18,Los Angeles,California,34.1141,-118.4068,12531334.0,3267.0,America/Los_Angeles,2003,2,13
2003-02-14,59,Moderate,PM2.5,19,Los Angeles,California,34.1141,-118.4068,12531334.0,3267.0,America/Los_Angeles,2003,2,14
2003-02-15,68,Moderate,PM2.5,18,Los Angeles,California,34.1141,-118.4068,12531334.0,3267.0,America/Los_Angeles,2003,2,15
2003-02-16,64,Moderate,PM2.5,18,Los Angeles,California,34.1141,-118.4068,12531334.0,3267.0,America/Los_Angeles,2003,2,16
2003-02-17,69,Moderate,PM2.5,19,Los Angeles,California,34.1141,-118.4068,12531334.0,3267.0,America/Los_Angeles,2003,2,17
2003-02-18,71,Moderate,PM2.5,18,Los Angeles,California,34.1141,-118.4068,12531334.0,3267.0,America/Los_Angeles,2003,2,18
2003-02-19,73,Moderate,PM2.5,18,Los Angeles,California,34.1141,-118.4068,12531334.0,3267.0,America/Los_Angeles,2003,2,19
2003-02-20,53,Moderate,NO2,19,Los Angeles,California,34.1141,-118.4068,12531334.0,3267.0,America/Los_Angeles,2003,2,20
2003-02-21,64,Moderate,NO2,18,Los Angeles,California,34.1141,-118.4068,12531334.0,3267.0,America/Los_Angeles,2003,2,21
2003-02-22,70,Moderate,PM2.5,18,Los Angeles,California,34.1141,-118.4068,12531334.0,3267.0,America/Los_Angeles,2003,2,22
2003-02-23,76,Moderate,PM2.5,19,Los Angeles,California,34.1141,-118.4068,12531334.0,3267.0,America/Los_Angeles,2003,2,23
2003-02-24,43,Good,Ozone,18,Los Angeles,California,34.1141,-118.4068,12531334.0,3267.0,America/Los_Angeles,2003,2,24
2003-02-25,41,Good,NO2,18,Los Angeles,California,34.1141,-118.4068,12531334.0,3267.0,America/Los_Angeles,2003,2,25
2003-02-26,48,Good,PM2.5,19,Los Angeles,California,34.1141,-118.4068,12531334.0,3267.0,America/Los_Angeles,2003,2,26
2003-02-27,44,Good,NO2,18,Los Angeles,California,34.1141,-118.4068,12531334.0,3267.0,America/Los_Angeles,2003,2,27
2003-02-28,47,Good,NO2,18,Los Angeles,California,34.1141,-118.4068,12531334.0,3267.0,America/Los_Angeles,2003,2,28
2003-03-01,58,Moderate,PM2.5,19,Los Angeles,California,34.1141,-118.4068,12531334.0,3267.0,America/Los_Angeles,2003,3,1
2003-03-02,52,Moderate,PM2.5,18,Los Angeles,California,34.1141,-118.4068,12531334.0,3267.0,America/Los_Angeles,2003,3,2
2003-03-03,54,Moderate,PM2.5,18,Los Angeles,California,34.1141,-118.4068,12531334.0,3267.0,America/Los_Angeles,2003,3,3
2003-03-04,97,Moderate,PM2.5,19,Los Angeles,California,34.1141,-118.4068,12531334.0,3267.0,America/Los_Angeles,2003,3,4
2003-03-05,58,Moderate,PM2.5,18,Los Angeles,California,34.1141,-118.4068,12531334.0,3267.0,America/Los_Angeles,2003,3,5
2003-03-06,61,Moderate,PM2.5,18,Los Angeles,California,34.1141,-118.4068,12531334.0,3267.0,America/Los_Angeles,2003,3,6
2003-03-07,87,Moderate,PM2.5,19,Los Angeles,California,34.1141,-118.4068,12531334.0,3267.0,America/Los_Angeles,2003,3,7
2003-03-08,108,Unhealthy for Sensitive Groups,PM2.5,18,Los Angeles,California,34.1141,-118.4068,12531334.0,3267.0,America/Los_Angeles,2003,3,8
2003-03-09,109,Unhealthy for Sensitive Groups,PM2.5,18,Los Angeles,California,34.1141,-118.4068,12531334.0,3267.0,America/Los_Angeles,2003,3,9
2003-03-10,97,Moderate,PM2.5,19,Los Angeles,California,34.1141,-118.4068,12531334.0,3267.0,America/Los_Angeles,2003,3,10
2003-03-11,136,Unhealthy for Sensitive Groups,Ozone,18,Los Angeles,California,34.1141,-118.4068,12531334.0,3267.0,America/Los_Angeles,2003,3,11
2003-03-12,124,Unhealthy for Sensitive Groups,PM2.5,18,Los Angeles,California,34.1141,-118.4068,12531334.0,3267.0,America/Los_Angeles,2003,3,12
2003-03-13,143,Unhealthy for Sensitive Groups,PM2.5,19,Los Angeles,California,34.1141,-118.4068,12531334.0,3267.0,America/Los_Angeles,2003,3,13
2003-03-14,108,Unhealthy for Sensitive Groups,PM2.5,18,Los Angeles,California,34.1141,-118.4068,12531334.0,3267.0,America/Los_Angeles,2003,3,14
2003-03-15,45,Good,PM2.5,17,Los Angeles,California,34.1141,-118.4068,12531334.0,3267.0,America/Los_Angeles,2003,3,15
2003-03-16,45,Good,Ozone,19,Los Angeles,California,34.1141,-118.4068,12531334.0,3267.0,America/Los_Angeles,2003,3,16
2003-03-17,44,Good,Ozone,17,Los Angeles,California,34.1141,-118.4068,12531334.0,3267.0,America/Los_Angeles,2003,3,17
2003-03-18,44,Good,Ozone,18,Los Angeles,California,34.1141,-118.4068,12531334.0,3267.0,America/Los_Angeles,2003,3,18
2003-03-19,54,Moderate,PM2.5,19,Los Angeles,California,34.1141,-118.4068,12531334.0,3267.0,America/Los_Angeles,2003,3,19
2003-03-20,63,Moderate,PM2.5,18,Los Angeles,California,34.1141,-118.4068,12531334.0,3267.0,America/Los_Angeles,2003,3,20
2003-03-21,65,Moderate,NO2,18,Los Angeles,California,34.1141,-118.4068,12531334.0,3267.0,America/Los_Angeles,2003,3,21
2003-03-22,84,Moderate,Ozone,19,Los Angeles,California,34.1141,-118.4068,12531334.0,3267.0,America/Los_Angeles,2003,3,22
2003-03-23,85,Moderate,PM2.5,18,Los Angeles,California,34.1141,-118.4068,12531334.0,3267.0,America/Los_Angeles,2003,3,23
2003-03-24,80,Moderate,PM2.5,18,Los Angeles,California,34.1141,-118.4068,12531334.0,3267.0,America/Los_Angeles,2003,3,24
2003-03-25,73,Moderate,PM2.5,19,Los Angeles,California,34.1141,-118.4068,12531334.0,3267.0,America/Los_Angeles,2003,3,25
2003-03-26,81,Moderate,NO2,18,Los Angeles,California,34.1141,-118.4068,12531334.0,3267.0,America/Los_Angeles,2003,3,26
2003-03-27,58,Moderate,NO2,18,Los Angeles,California,34.1141,-118.4068,12531334.0,3267.0,America/Los_Angeles,2003,3,27
2003-03-28,71,Moderate,PM10,19,Los Angeles,California,34.1141,-118.4068,12531334.0,3267.0,America/Los_Angeles,2003,3,28
2003-03-29,67,Moderate,Ozone,18,Los Angeles,California,34.1141,-118.4068,12531334.0,3267.0,America/Los_Angeles,2003,3,29
2003-03-30,100,Moderate,Ozone,18,Los Angeles,California,34.1141,-118.4068,12531334.0,3267.0,America/Los_Angeles,2003,3,30
2003-03-31,100,Moderate,Ozone,19,Los Angeles,California,34.1141,-118.4068,12531334.0,3267.0,America/Los_Angeles,2003,3,31
2003-04-01,64,Moderate,NO2,18,Los Angeles,California,34.1141,-118.4068,12531334.0,3267.0,America/Los_Angeles,2003,4,1
2003-04-02,48,Good,Ozone,18,Los Angeles,California,34.1141,-118.4068,12531334.0,3267.0,America/Los_Angeles,2003,4,2
2003-04-03,54,Moderate,Ozone,19,Los Angeles,California,34.1141,-118.4068,12531334.0,3267.0,America/Los_Angeles,2003,4,3
2003-04-04,51,Moderate,Ozone,18,Los Angeles,California,34.1141,-118.4068,12531334.0,3267.0,America/Los_Angeles,2003,4,4
2003-04-05,51,Moderate,Ozone,18,Los Angeles,California,34.1141,-118.4068,12531334.0,3267.0,America/Los_Angeles,2003,4,5
2003-04-06,58,Moderate,Ozone,19,Los Angeles,California,34.1141,-118.4068,12531334.0,3267.0,America/Los_Angeles,2003,4,6
2003-04-07,67,Moderate,NO2,18,Los Angeles,California,34.1141,-118.4068,12531334.0,3267.0,America/Los_Angeles,2003,4,7
2003-04-08,80,Moderate,Ozone,18,Los Angeles,California,34.1141,-118.4068,12531334.0,3267.0,America/Los_Angeles,2003,4,8
2003-04-09,119,Unhealthy for Sensitive Groups,Ozone,19,Los Angeles,California,34.1141,-118.4068,12531334.0,3267.0,America/Los_Angeles,2003,4,9
2003-04-10,87,Moderate,Ozone,18,Los Angeles,California,34.1141,-118.4068,12531334.0,3267.0,America/Los_Angeles,2003,4,10
2003-04-11,74,Moderate,PM2.5,18,Los Angeles,California,34.1141,-118.4068,12531334.0,3267.0,America/Los_Angeles,2003,4,11
2003-04-12,45,Good,Ozone,19,Los Angeles,California,34.1141,-118.4068,12531334.0,3267.0,America/Los_Angeles,2003,4,12
2003-04-13,42,Good,Ozone,18,Los Angeles,California,34.1141,-118.4068,12531334.0,3267.0,America/Los_Angeles,2003,4,13
2003-04-14,46,Good,NO2,18,Los Angeles,California,34.1141,-118.4068,12531334.0,3267.0,America/Los_Angeles,2003,4,14
2003-04-15,50,Good,Ozone,19,Los Angeles,California,34.1141,-118.4068,12531334.0,3267.0,America/Los_Angeles,2003,4,15
2003-04-16,58,Moderate,Ozone,18,Los Angeles,California,34.1141,-118.4068,12531334.0,3267.0,America/Los_Angeles,2003,4,16
2003-04-17,46,Good,NO2,18,Los Angeles,California,34.1141,-118.4068,12531334.0,3267.0,America/Los_Angeles,2003,4,17
2003-04-18,51,Moderate,Ozone,19,Los Angeles,California,34.1141,-118.4068,12531334.0,3267.0,America/Los_Angeles,2003,4,18
2003-04-19,80,Moderate,Ozone,18,Los Angeles,California,34.1141,-118.4068,12531334.0,3267.0,America/Los_Angeles,2003,4,19
2003-04-20,105,Unhealthy for Sensitive Groups,Ozone,18,Los Angeles,California,34.1141,-118.4068,12531334.0,3267.0,America/Los_Angeles,2003,4,20
2003-04-21,58,Moderate,Ozone,19,Los Angeles,California,34.1141,-118.4068,12531334.0,3267.0,America/Los_Angeles,2003,4,21
2003-04-22,58,Moderate,Ozone,18,Los Angeles,California,34.1141,-118.4068,12531334.0,3267.0,America/Los_Angeles,2003,4,22
2003-04-23,61,Moderate,Ozone,18,Los Angeles,California,34.1141,-118.4068,12531334.0,3267.0,America/Los_Angeles,2003,4,23
2003-04-24,67,Moderate,Ozone,19,Los Angeles,California,34.1141,-118.4068,12531334.0,3267.0,America/Los_Angeles,2003,4,24
2003-04-25,46,Good,Ozone,18,Los Angeles,California,34.1141,-118.4068,12531334.0,3267.0,America/Los_Angeles,2003,4,25
2003-04-26,71,Moderate,Ozone,18,Los Angeles,California,34.1141,-118.4068,12531334.0,3267.0,America/Los_Angeles,2003,4,26
2003-04-27,80,Moderate,Ozone,19,Los Angeles,California,34.1141,-118.4068,12531334.0,3267.0,America/Los_Angeles,2003,4,27
2003-04-28,43,Good,NO2,18,Los Angeles,California,34.1141,-118.4068,12531334.0,3267.0,America/Los_Angeles,2003,4,28
2003-04-29,51,Moderate,Ozone,18,Los Angeles,California,34.1141,-118.4068,12531334.0,3267.0,America/Los_Angeles,2003,4,29
2003-04-30,58,Moderate,Ozone,19,Los Angeles,California,34.1141,-118.4068,12531334.0,3267.0,America/Los_Angeles,2003,4,30
2003-05-01,61,Moderate,Ozone,18,Los Angeles,California,34.1141,-118.4068,12531334.0,3267.0,America/Los_Angeles,2003,5,1
2003-05-02,48,Good,NO2,18,Los Angeles,California,34.1141,-118.4068,12531334.0,3267.0,America/Los_Angeles,2003,5,2
2003-05-03,44,Good,Ozone,19,Los Angeles,California,34.1141,-118.4068,12531334.0,3267.0,America/Los_Angeles,2003,5,3
2003-05-04,50,Good,Ozone,18,Los Angeles,California,34.1141,-118.4068,12531334.0,3267.0,America/Los_Angeles,2003,5,4
2003-05-05,67,Moderate,Ozone,18,Los Angeles,California,34.1141,-118.4068,12531334.0,3267.0,America/Los_Angeles,2003,5,5
2003-05-06,77,Moderate,Ozone,19,Los Angeles,California,34.1141,-118.4068,12531334.0,3267.0,America/Los_Angeles,2003,5,6
2003-05-07,42,Good,Ozone,18,Los Angeles,California,34.1141,-118.4068,12531334.0,3267.0,America/Los_Angeles,2003,5,7
2003-05-08,51,Moderate,Ozone,18,Los Angeles,California,34.1141,-118.4068,12531334.0,3267.0,America/Los_Angeles,2003,5,8
2003-05-09,49,Good,NO2,19,Los Angeles,California,34.1141,-118.4068,12531334.0,3267.0,America/Los_Angeles,2003,5,9
2003-05-10,93,Moderate,Ozone,18,Los Angeles,California,34.1141,-118.4068,12531334.0,3267.0,America/Los_Angeles,2003,5,10
2003-05-11,159,Unhealthy,Ozone,18,Los Angeles,California,34.1141,-118.4068,12531334.0,3267.0,America/Los_Angeles,2003,5,11
2003-05-12,159,Unhealthy,Ozone,19,Los Angeles,California,34.1141,-118.4068,12531334.0,3267.0,America/Los_Angeles,2003,5,12
2003-05-13,88,Moderate,PM2.5,18,Los Angeles,California,34.1141,-118.4068,12531334.0,3267.0,America/Los_Angeles,2003,5,13
2003-05-14,78,Moderate,PM2.5,18,Los Angeles,California,34.1141,-118.4068,12531334.0,3267.0,America/Los_Angeles,2003,5,14
2003-05-15,84,Moderate,Ozone,19,Los Angeles,California,34.1141,-118.4068,12531334.0,3267.0,America/Los_Angeles,2003,5,15
2003-05-16,156,Unhealthy,Ozone,18,Los Angeles,California,34.1141,-118.4068,12531334.0,3267.0,America/Los_Angeles,2003,5,16
2003-05-17,166,Unhealthy,Ozone,18,Los Angeles,California,34.1141,-118.4068,12531334.0,3267.0,America/Los_Angeles,2003,5,17
2003-05-18,179,Unhealthy,Ozone,19,Los Angeles,California,34.1141,-118.4068,12531334.0,3267.0,America/Los_Angeles,2003,5,18
2003-05-19,185,Unhealthy,Ozone,18,Los Angeles,California,34.1141,-118.4068,12531334.0,3267.0,America/Los_Angeles,2003,5,19
2003-05-20,185,Unhealthy,Ozone,18,Los Angeles,California,34.1141,-118.4068,12531334.0,3267.0,America/Los_Angeles,2003,5,20
2003-05-21,200,Unhealthy,Ozone,19,Los Angeles,California,34.1141,-118.4068,12531334.0,3267.0,America/Los_Angeles,2003,5,21
2003-05-22,179,Unhealthy,Ozone,18,Los Angeles,California,34.1141,-118.4068,12531334.0,3267.0,America/Los_Angeles,2003,5,22
2003-05-23,136,Unhealthy for Sensitive Groups,Ozone,18,Los Angeles,California,34.1141,-118.4068,12531334.0,3267.0,America/Los_Angeles,2003,5,23
2003-05-24,129,Unhealthy for Sensitive Groups,Ozone,19,Los Angeles,California,34.1141,-118.4068,12531334.0,3267.0,America/Los_Angeles,2003,5,24
2003-05-25,87,Moderate,Ozone,18,Los Angeles,California,34.1141,-118.4068,12531334.0,3267.0,America/Los_Angeles,2003,5,25
2003-05-26,174,Unhealthy,Ozone,18,Los Angeles,California,34.1141,-118.4068,12531334.0,3267.0,America/Los_Angeles,2003,5,26
2003-05-27,179,Unhealthy,Ozone,19,Los Angeles,California,34.1141,-118.4068,12531334.0,3267.0,America/Los_Angeles,2003,5,27
2003-05-28,205,Very Unhealthy,Ozone,18,Los Angeles,California,34.1141,-118.4068,12531334.0,3267.0,America/Los_Angeles,2003,5,28
2003-05-29,150,Unhealthy for Sensitive Groups,Ozone,18,Los Angeles,California,34.1141,-118.4068,12531334.0,3267.0,America/Los_Angeles,2003,5,29
2003-05-30,108,Unhealthy for Sensitive Groups,Ozone,19,Los Angeles,California,34.1141,-118.4068,12531334.0,3267.0,America/Los_Angeles,2003,5,30
2003-05-31,169,Unhealthy,Ozone,18,Los Angeles,California,34.1141,-118.4068,12531334.0,3267.0,America/Los_Angeles,2003,5,31
2003-06-01,221,Very Unhealthy,Ozone,18,Los Angeles,California,34.1141,-118.4068,12531334.0,3267.0,America/Los_Angeles,2003,6,1
2003-06-02,147,Unhealthy for Sensitive Groups,Ozone,19,Los Angeles,California,34.1141,-118.4068,12531334.0,3267.0,America/Los_Angeles,2003,6,2
2003-06-03,150,Unhealthy for Sensitive Groups,Ozone,18,Los Angeles,California,34.1141,-118.4068,12531334.0,3267.0,America/Los_Angeles,2003,6,3
2003-06-04,166,Unhealthy,Ozone,18,Los Angeles,California,34.1141,-118.4068,12531334.0,3267.0,America/Los_Angeles,2003,6,4
2003-06-05,147,Unhealthy for Sensitive Groups,Ozone,19,Los Angeles,California,34.1141,-118.4068,12531334.0,3267.0,America/Los_Angeles,2003,6,5
2003-06-06,143,Unhealthy for Sensitive Groups,Ozone,18,Los Angeles,California,34.1141,-118.4068,12531334.0,3267.0,America/Los_Angeles,2003,6,6
2003-06-07,140,Unhealthy for Sensitive Groups,Ozone,18,Los Angeles,California,34.1141,-118.4068,12531334.0,3267.0,America/Los_Angeles,2003,6,7
2003-06-08,161,Unhealthy,Ozone,19,Los Angeles,California,34.1141,-118.4068,12531334.0,3267.0,America/Los_Angeles,2003,6,8
2003-06-09,101,Unhealthy for Sensitive Groups,Ozone,18,Los Angeles,California,34.1141,-118.4068,12531334.0,3267.0,America/Los_Angeles,2003,6,9
2003-06-10,49,Good,PM2.5,18,Los Angeles,California,34.1141,-118.4068,12531334.0,3267.0,America/Los_Angeles,2003,6,10
2003-06-11,64,Moderate,Ozone,19,Los Angeles,California,34.1141,-118.4068,12531334.0,3267.0,America/Los_Angeles,2003,6,11
2003-06-12,74,Moderate,Ozone,18,Los Angeles,California,34.1141,-118.4068,12531334.0,3267.0,America/Los_Angeles,2003,6,12
2003-06-13,119,Unhealthy for Sensitive Groups,Ozone,18,Los Angeles,California,34.1141,-118.4068,12531334.0,3267.0,America/Los_Angeles,2003,6,13
2003-06-14,197,Unhealthy,Ozone,19,Los Angeles,California,34.1141,-118.4068,12531334.0,3267.0,America/Los_Angeles,2003,6,14
2003-06-15,213,Very Unhealthy,Ozone,18,Los Angeles,California,34.1141,-118.4068,12531334.0,3267.0,America/Los_Angeles,2003,6,15
2003-06-16,195,Unhealthy,Ozone,18,Los Angeles,California,34.1141,-118.4068,12531334.0,3267.0,America/Los_Angeles,2003,6,16
2003-06-17,208,Very Unhealthy,Ozone,19,Los Angeles,California,34.1141,-118.4068,12531334.0,3267.0,America/Los_Angeles,2003,6,17
2003-06-18,185,Unhealthy,Ozone,18,Los Angeles,California,34.1141,-118.4068,12531334.0,3267.0,America/Los_Angeles,2003,6,18
2003-06-19,93,Moderate,Ozone,18,Los Angeles,California,34.1141,-118.4068,12531334.0,3267.0,America/Los_Angeles,2003,6,19
2003-06-20,56,Moderate,PM2.5,19,Los Angeles,California,34.1141,-118.4068,12531334.0,3267.0,America/Los_Angeles,2003,6,20
2003-06-21,54,Moderate,PM2.5,18,Los Angeles,California,34.1141,-118.4068,12531334.0,3267.0,America/Los_Angeles,2003,6,21
2003-06-22,64,Moderate,Ozone,18,Los Angeles,California,34.1141,-118.4068,12531334.0,3267.0,America/Los_Angeles,2003,6,22
2003-06-23,71,Moderate,Ozone,19,Los Angeles,California,34.1141,-118.4068,12531334.0,3267.0,America/Los_Angeles,2003,6,23
2003-06-24,71,Moderate,Ozone,18,Los Angeles,California,34.1141,-118.4068,12531334.0,3267.0,America/Los_Angeles,2003,6,24
2003-06-25,119,Unhealthy for Sensitive Groups,Ozone,18,Los Angeles,California,34.1141,-118.4068,12531334.0,3267.0,America/Los_Angeles,2003,6,25
2003-06-26,154,Unhealthy,Ozone,19,Los Angeles,California,34.1141,-118.4068,12531334.0,3267.0,America/Los_Angeles,2003,6,26
2003-06-27,206,Very Unhealthy,Ozone,18,Los Angeles,California,34.1141,-118.4068,12531334.0,3267.0,America/Los_Angeles,2003,6,27
2003-06-28,220,Very Unhealthy,Ozone,18,Los Angeles,California,34.1141,-118.4068,12531334.0,3267.0,America/Los_Angeles,2003,6,28
2003-06-29,205,Very Unhealthy,Ozone,19,Los Angeles,California,34.1141,-118.4068,12531334.0,3267.0,America/Los_Angeles,2003,6,29
2003-06-30,169,Unhealthy,Ozone,18,Los Angeles,California,34.1141,-118.4068,12531334.0,3267.0,America/Los_Angeles,2003,6,30
2003-07-01,203,Very Unhealthy,Ozone,18,Los Angeles,California,34.1141,-118.4068,12531334.0,3267.0,America/Los_Angeles,2003,7,1
2003-07-02,200,Unhealthy,Ozone,19,Los Angeles,California,34.1141,-118.4068,12531334.0,3267.0,America/Los_Angeles,2003,7,2
2003-07-03,93,Moderate,Ozone,18,Los Angeles,California,34.1141,-118.4068,12531334.0,3267.0,America/Los_Angeles,2003,7,3
2003-07-04,209,Very Unhealthy,Ozone,18,Los Angeles,California,34.1141,-118.4068,12531334.0,3267.0,America/Los_Angeles,2003,7,4
2003-07-05,222,Very Unhealthy,Ozone,19,Los Angeles,California,34.1141,-118.4068,12531334.0,3267.0,America/Los_Angeles,2003,7,5
2003-07-06,203,Very Unhealthy,Ozone,18,Los Angeles,California,34.1141,-118.4068,12531334.0,3267.0,America/Los_Angeles,2003,7,6
2003-07-07,133,Unhealthy for Sensitive Groups,Ozone,18,Los Angeles,California,34.1141,-118.4068,12531334.0,3267.0,America/Los_Angeles,2003,7,7
2003-07-08,197,Unhealthy,Ozone,19,Los Angeles,California,34.1141,-118.4068,12531334.0,3267.0,America/Los_Angeles,2003,7,8
2003-07-09,234,Very Unhealthy,Ozone,18,Los Angeles,California,34.1141,-118.4068,12531334.0,3267.0,America/Los_Angeles,2003,7,9
2003-07-10,237,Very Unhealthy,Ozone,18,Los Angeles,California,34.1141,-118.4068,12531334.0,3267.0,America/Los_Angeles,2003,7,10
2003-07-11,237,Very Unhealthy,Ozone,19,Los Angeles,California,34.1141,-118.4068,12531334.0,3267.0,America/Los_Angeles,2003,7,11
2003-07-12,202,Very Unhealthy,Ozone,18,Los Angeles,California,34.1141,-118.4068,12531334.0,3267.0,America/Los_Angeles,2003,7,12
2003-07-13,230,Very Unhealthy,Ozone,18,Los Angeles,California,34.1141,-118.4068,12531334.0,3267.0,America/Los_Angeles,2003,7,13
2003-07-14,249,Very Unhealthy,Ozone,18,Los Angeles,California,34.1141,-118.4068,12531334.0,3267.0,America/Los_Angeles,2003,7,14
2003-07-15,215,Very Unhealthy,Ozone,18,Los Angeles,California,34.1141,-118.4068,12531334.0,3267.0,America/Los_Angeles,2003,7,15
2003-07-16,197,Unhealthy,Ozone,18,Los Angeles,California,34.1141,-118.4068,12531334.0,3267.0,America/Los_Angeles,2003,7,16
2003-07-17,229,Very Unhealthy,Ozone,18,Los Angeles,California,34.1141,-118.4068,12531334.0,3267.0,America/Los_Angeles,2003,7,17
2003-07-18,133,Unhealthy for Sensitive Groups,Ozone,18,Los Angeles,California,34.1141,-118.4068,12531334.0,3267.0,America/Los_Angeles,2003,7,18
2003-07-19,192,Unhealthy,Ozone,18,Los Angeles,California,34.1141,-118.4068,12531334.0,3267.0,America/Los_Angeles,2003,7,19
2003-07-20,192,Unhealthy,Ozone,18,Los Angeles,California,34.1141,-118.4068,12531334.0,3267.0,America/Los_Angeles,2003,7,20
2003-07-21,201,Very Unhealthy,Ozone,18,Los Angeles,California,34.1141,-118.4068,12531334.0,3267.0,America/Los_Angeles,2003,7,21
2003-07-22,182,Unhealthy,Ozone,18,Los Angeles,California,34.1141,-118.4068,12531334.0,3267.0,America/Los_Angeles,2003,7,22
2003-07-23,187,Unhealthy,Ozone,19,Los Angeles,California,34.1141,-118.4068,12531334.0,3267.0,America/Los_Angeles,2003,7,23
2003-07-24,159,Unhealthy,Ozone,18,Los Angeles,California,34.1141,-118.4068,12531334.0,3267.0,America/Los_Angeles,2003,7,24
2003-07-25,122,Unhealthy for Sensitive Groups,Ozone,18,Los Angeles,California,34.1141,-118.4068,12531334.0,3267.0,America/Los_Angeles,2003,7,25
2003-07-26,182,Unhealthy,Ozone,19,Los Angeles,California,34.1141,-118.4068,12531334.0,3267.0,America/Los_Angeles,2003,7,26
2003-07-27,119,Unhealthy for Sensitive Groups,Ozone,18,Los Angeles,California,34.1141,-118.4068,12531334.0,3267.0,America/Los_Angeles,2003,7,27
2003-07-28,154,Unhealthy,Ozone,18,Los Angeles,California,34.1141,-118.4068,12531334.0,3267.0,America/Los_Angeles,2003,7,28
2003-07-29,129,Unhealthy for Sensitive Groups,Ozone,19,Los Angeles,California,34.1141,-118.4068,12531334.0,3267.0,America/Los_Angeles,2003,7,29
2003-07-30,108,Unhealthy for Sensitive Groups,Ozone,18,Los Angeles,California,34.1141,-118.4068,12531334.0,3267.0,America/Los_Angeles,2003,7,30
2003-07-31,126,Unhealthy for Sensitive Groups,Ozone,18,Los Angeles,California,34.1141,-118.4068,12531334.0,3267.0,America/Los_Angeles,2003,7,31
2003-08-01,84,Moderate,Ozone,19,Los Angeles,California,34.1141,-118.4068,12531334.0,3267.0,America/Los_Angeles,2003,8,1
2003-08-02,67,Moderate,Ozone,18,Los Angeles,California,34.1141,-118.4068,12531334.0,3267.0,America/Los_Angeles,2003,8,2
2003-08-03,87,Moderate,Ozone,18,Los Angeles,California,34.1141,-118.4068,12531334.0,3267.0,America/Los_Angeles,2003,8,3
2003-08-04,74,Moderate,Ozone,19,Los Angeles,California,34.1141,-118.4068,12531334.0,3267.0,America/Los_Angeles,2003,8,4
2003-08-05,54,Moderate,Ozone,18,Los Angeles,California,34.1141,-118.4068,12531334.0,3267.0,America/Los_Angeles,2003,8,5
2003-08-06,77,Moderate,Ozone,18,Los Angeles,California,34.1141,-118.4068,12531334.0,3267.0,America/Los_Angeles,2003,8,6
2003-08-07,159,Unhealthy,Ozone,20,Los Angeles,California,34.1141,-118.4068,12531334.0,3267.0,America/Los_Angeles,2003,8,7
2003-08-08,143,Unhealthy for Sensitive Groups,Ozone,19,Los Angeles,California,34.1141,-118.4068,12531334.0,3267.0,America/Los_Angeles,2003,8,8
2003-08-09,192,Unhealthy,Ozone,19,Los Angeles,California,34.1141,-118.4068,12531334.0,3267.0,America/Los_Angeles,2003,8,9
2003-08-10,190,Unhealthy,Ozone,20,Los Angeles,California,34.1141,-118.4068,12531334.0,3267.0,America/Los_Angeles,2003,8,10
2003-08-11,154,Unhealthy,Ozone,19,Los Angeles,California,34.1141,-118.4068,12531334.0,3267.0,America/Los_Angeles,2003,8,11
2003-08-12,159,Unhealthy,Ozone,19,Los Angeles,California,34.1141,-118.4068,12531334.0,3267.0,America/Los_Angeles,2003,8,12
2003-08-13,151,Unhealthy,Ozone,20,Los Angeles,California,34.1141,-118.4068,12531334.0,3267.0,America/Los_Angeles,2003,8,13
2003-08-14,169,Unhealthy,Ozone,19,Los Angeles,California,34.1141,-118.4068,12531334.0,3267.0,America/Los_Angeles,2003,8,14
2003-08-15,197,Unhealthy,Ozone,19,Los Angeles,California,34.1141,-118.4068,12531334.0,3267.0,America/Los_Angeles,2003,8,15
2003-08-16,182,Unhealthy,Ozone,20,Los Angeles,California,34.1141,-118.4068,12531334.0,3267.0,America/Los_Angeles,2003,8,16
2003-08-17,221,Very Unhealthy,Ozone,19,Los Angeles,California,34.1141,-118.4068,12531334.0,3267.0,America/Los_Angeles,2003,8,17
2003-08-18,182,Unhealthy,Ozone,19,Los Angeles,California,34.1141,-118.4068,12531334.0,3267.0,America/Los_Angeles,2003,8,18
2003-08-19,108,Unhealthy for Sensitive Groups,Ozone,20,Los Angeles,California,34.1141,-118.4068,12531334.0,3267.0,America/Los_Angeles,2003,8,19
2003-08-20,100,Moderate,Ozone,19,Los Angeles,California,34.1141,-118.4068,12531334.0,3267.0,America/Los_Angeles,2003,8,20
2003-08-21,77,Moderate,Ozone,19,Los Angeles,California,34.1141,-118.4068,12531334.0,3267.0,America/Los_Angeles,2003,8,21
2003-08-22,51,Moderate,Ozone,20,Los Angeles,California,34.1141,-118.4068,12531334.0,3267.0,America/Los_Angeles,2003,8,22
2003-08-23,97,Moderate,Ozone,18,Los Angeles,California,34.1141,-118.4068,12531334.0,3267.0,America/Los_Angeles,2003,8,23
2003-08-24,140,Unhealthy for Sensitive Groups,Ozone,19,Los Angeles,California,34.1141,-118.4068,12531334.0,3267.0,America/Los_Angeles,2003,8,24
2003-08-25,108,Unhealthy for Sensitive Groups,Ozone,20,Los Angeles,California,34.1141,-118.4068,12531334.0,3267.0,America/Los_Angeles,2003,8,25
2003-08-26,108,Unhealthy for Sensitive Groups,Ozone,19,Los Angeles,California,34.1141,-118.4068,12531334.0,3267.0,America/Los_Angeles,2003,8,26
2003-08-27,161,Unhealthy,Ozone,19,Los Angeles,California,34.1141,-118.4068,12531334.0,3267.0,America/Los_Angeles,2003,8,27
2003-08-28,108,Unhealthy for Sensitive Groups,Ozone,20,Los Angeles,California,34.1141,-118.4068,12531334.0,3267.0,America/Los_Angeles,2003,8,28
2003-08-29,151,Unhealthy,Ozone,19,Los Angeles,California,34.1141,-118.4068,12531334.0,3267.0,America/Los_Angeles,2003,8,29
2003-08-30,207,Very Unhealthy,Ozone,19,Los Angeles,California,34.1141,-118.4068,12531334.0,3267.0,America/Los_Angeles,2003,8,30
2003-08-31,232,Very Unhealthy,Ozone,20,Los Angeles,California,34.1141,-118.4068,12531334.0,3267.0,America/Los_Angeles,2003,8,31
2003-09-01,202,Very Unhealthy,Ozone,19,Los Angeles,California,34.1141,-118.4068,12531334.0,3267.0,America/Los_Angeles,2003,9,1
2003-09-02,174,Unhealthy,Ozone,19,Los Angeles,California,34.1141,-118.4068,12531334.0,3267.0,America/Los_Angeles,2003,9,2
2003-09-03,101,Unhealthy for Sensitive Groups,Ozone,20,Los Angeles,California,34.1141,-118.4068,12531334.0,3267.0,America/Los_Angeles,2003,9,3
2003-09-04,122,Unhealthy for Sensitive Groups,Ozone,19,Los Angeles,California,34.1141,-118.4068,12531334.0,3267.0,America/Los_Angeles,2003,9,4
2003-09-05,112,Unhealthy for Sensitive Groups,Ozone,19,Los Angeles,California,34.1141,-118.4068,12531334.0,3267.0,America/Los_Angeles,2003,9,5
2003-09-06,159,Unhealthy,Ozone,19,Los Angeles,California,34.1141,-118.4068,12531334.0,3267.0,America/Los_Angeles,2003,9,6
2003-09-07,150,Unhealthy for Sensitive Groups,Ozone,19,Los Angeles,California,34.1141,-118.4068,12531334.0,3267.0,America/Los_Angeles,2003,9,7
2003-09-08,61,Moderate,Ozone,19,Los Angeles,California,34.1141,-118.4068,12531334.0,3267.0,America/Los_Angeles,2003,9,8
2003-09-09,84,Moderate,Ozone,19,Los Angeles,California,34.1141,-118.4068,12531334.0,3267.0,America/Los_Angeles,2003,9,9
2003-09-10,67,Moderate,PM2.5,19,Los Angeles,California,34.1141,-118.4068,12531334.0,3267.0,America/Los_Angeles,2003,9,10
2003-09-11,108,Unhealthy for Sensitive Groups,Ozone,19,Los Angeles,California,34.1141,-118.4068,12531334.0,3267.0,America/Los_Angeles,2003,9,11
2003-09-12,150,Unhealthy for Sensitive Groups,Ozone,20,Los Angeles,California,34.1141,-118.4068,12531334.0,3267.0,America/Los_Angeles,2003,9,12
2003-09-13,206,Very Unhealthy,Ozone,19,Los Angeles,California,34.1141,-118.4068,12531334.0,3267.0,America/Los_Angeles,2003,9,13
2003-09-14,216,Very Unhealthy,Ozone,19,Los Angeles,California,34.1141,-118.4068,12531334.0,3267.0,America/Los_Angeles,2003,9,14
2003-09-15,172,Unhealthy,Ozone,20,Los Angeles,California,34.1141,-118.4068,12531334.0,3267.0,America/Los_Angeles,2003,9,15
2003-09-16,117,Unhealthy for Sensitive Groups,PM2.5,19,Los Angeles,California,34.1141,-118.4068,12531334.0,3267.0,America/Los_Angeles,2003,9,16
2003-09-17,90,Moderate,Ozone,19,Los Angeles,California,34.1141,-118.4068,12531334.0,3267.0,America/Los_Angeles,2003,9,17
2003-09-18,126,Unhealthy for Sensitive Groups,Ozone,20,Los Angeles,California,34.1141,-118.4068,12531334.0,3267.0,America/Los_Angeles,2003,9,18
2003-09-19,150,Unhealthy for Sensitive Groups,Ozone,19,Los Angeles,California,34.1141,-118.4068,12531334.0,3267.0,America/Los_Angeles,2003,9,19
2003-09-20,215,Very Unhealthy,Ozone,19,Los Angeles,California,34.1141,-118.4068,12531334.0,3267.0,America/Los_Angeles,2003,9,20
2003-09-21,219,Very Unhealthy,Ozone,20,Los Angeles,California,34.1141,-118.4068,12531334.0,3267.0,America/Los_Angeles,2003,9,21
2003-09-22,154,Unhealthy,Ozone,19,Los Angeles,California,34.1141,-118.4068,12531334.0,3267.0,America/Los_Angeles,2003,9,22
2003-09-23,115,Unhealthy for Sensitive Groups,Ozone,19,Los Angeles,California,34.1141,-118.4068,12531334.0,3267.0,America/Los_Angeles,2003,9,23
2003-09-24,156,Unhealthy,Ozone,20,Los Angeles,California,34.1141,-118.4068,12531334.0,3267.0,America/Los_Angeles,2003,9,24
2003-09-25,143,Unhealthy for Sensitive Groups,Ozone,18,Los Angeles,California,34.1141,-118.4068,12531334.0,3267.0,America/Los_Angeles,2003,9,25
2003-09-26,97,Moderate,Ozone,19,Los Angeles,California,34.1141,-118.4068,12531334.0,3267.0,America/Los_Angeles,2003,9,26
2003-09-27,215,Very Unhealthy,Ozone,20,Los Angeles,California,34.1141,-118.4068,12531334.0,3267.0,America/Los_Angeles,2003,9,27
2003-09-28,222,Very Unhealthy,Ozone,19,Los Angeles,California,34.1141,-118.4068,12531334.0,3267.0,America/Los_Angeles,2003,9,28
2003-09-29,182,Unhealthy,Ozone,19,Los Angeles,California,34.1141,-118.4068,12531334.0,3267.0,America/Los_Angeles,2003,9,29
2003-09-30,140,Unhealthy for Sensitive Groups,PM2.5,20,Los Angeles,California,34.1141,-118.4068,12531334.0,3267.0,America/Los_Angeles,2003,9,30
2003-10-01,63,Moderate,PM2.5,19,Los Angeles,California,34.1141,-118.4068,12531334.0,3267.0,America/Los_Angeles,2003,10,1
2003-10-02,108,Unhealthy for Sensitive Groups,PM2.5,19,Los Angeles,California,34.1141,-118.4068,12531334.0,3267.0,America/Los_Angeles,2003,10,2
2003-10-03,69,Moderate,PM2.5,20,Los Angeles,California,34.1141,-118.4068,12531334.0,3267.0,America/Los_Angeles,2003,10,3
2003-10-04,101,Unhealthy for Sensitive Groups,Ozone,19,Los Angeles,California,34.1141,-118.4068,12531334.0,3267.0,America/Los_Angeles,2003,10,4
2003-10-05,122,Unhealthy for Sensitive Groups,Ozone,19,Los Angeles,California,34.1141,-118.4068,12531334.0,3267.0,America/Los_Angeles,2003,10,5
2003-10-06,150,Unhealthy for Sensitive Groups,PM2.5,20,Los Angeles,California,34.1141,-118.4068,12531334.0,3267.0,America/Los_Angeles,2003,10,6
2003-10-07,160,Unhealthy,PM2.5,19,Los Angeles,California,34.1141,-118.4068,12531334.0,3267.0,America/Los_Angeles,2003,10,7
2003-10-08,169,Unhealthy,Ozone,19,Los Angeles,California,34.1141,-118.4068,12531334.0,3267.0,America/Los_Angeles,2003,10,8
2003-10-09,153,Unhealthy,PM2.5,20,Los Angeles,California,34.1141,-118.4068,12531334.0,3267.0,America/Los_Angeles,2003,10,9
2003-10-10,73,Moderate,PM2.5,18,Los Angeles,California,34.1141,-118.4068,12531334.0,3267.0,America/Los_Angeles,2003,10,10
2003-10-11,105,Unhealthy for Sensitive Groups,Ozone,18,Los Angeles,California,34.1141,-118.4068,12531334.0,3267.0,America/Los_Angeles,2003,10,11
2003-10-12,150,Unhealthy for Sensitive Groups,Ozone,20,Los Angeles,California,34.1141,-118.4068,12531334.0,3267.0,America/Los_Angeles,2003,10,12
2003-10-13,156,Unhealthy,Ozone,19,Los Angeles,California,34.1141,-118.4068,12531334.0,3267.0,America/Los_Angeles,2003,10,13
2003-10-14,119,Unhealthy for Sensitive Groups,Ozone,18,Los Angeles,California,34.1141,-118.4068,12531334.0,3267.0,America/Los_Angeles,2003,10,14
2003-10-15,105,Unhealthy for Sensitive Groups,PM2.5,20,Los Angeles,California,34.1141,-118.4068,12531334.0,3267.0,America/Los_Angeles,2003,10,15
2003-10-16,131,Unhealthy for Sensitive Groups,PM2.5,19,Los Angeles,California,34.1141,-118.4068,12531334.0,3267.0,America/Los_Angeles,2003,10,16
2003-10-17,132,Unhealthy for Sensitive Groups,PM2.5,19,Los Angeles,California,34.1141,-118.4068,12531334.0,3267.0,America/Los_Angeles,2003,10,17
2003-10-18,101,Unhealthy for Sensitive Groups,NO2,20,Los Angeles,California,34.1141,-118.4068,12531334.0,3267.0,America/Los_Angeles,2003,10,18
2003-10-19,174,Unhealthy,Ozone,19,Los Angeles,California,34.1141,-118.4068,12531334.0,3267.0,America/Los_Angeles,2003,10,19
2003-10-20,107,Unhealthy for Sensitive Groups,NO2,19,Los Angeles,California,34.1141,-118.4068,12531334.0,3267.0,America/Los_Angeles,2003,10,20
2003-10-21,107,Unhealthy for Sensitive Groups,NO2,20,Los Angeles,California,34.1141,-118.4068,12531334.0,3267.0,America/Los_Angeles,2003,10,21
2003-10-22,112,Unhealthy for Sensitive Groups,NO2,19,Los Angeles,California,34.1141,-118.4068,12531334.0,3267.0,America/Los_Angeles,2003,10,22
2003-10-23,108,Unhealthy for Sensitive Groups,NO2,19,Los Angeles,California,34.1141,-118.4068,12531334.0,3267.0,America/Los_Angeles,2003,10,23
2003-10-24,131,Unhealthy for Sensitive Groups,PM2.5,20,Los Angeles,California,34.1141,-118.4068,12531334.0,3267.0,America/Los_Angeles,2003,10,24
2003-10-25,147,Unhealthy for Sensitive Groups,Ozone,19,Los Angeles,California,34.1141,-118.4068,12531334.0,3267.0,America/Los_Angeles,2003,10,25
2003-10-26,197,Unhealthy,Ozone,18,Los Angeles,California,34.1141,-118.4068,12531334.0,3267.0,America/Los_Angeles,2003,10,26
2003-10-27,178,Unhealthy,PM2.5,20,Los Angeles,California,34.1141,-118.4068,12531334.0,3267.0,America/Los_Angeles,2003,10,27
2003-10-28,172,Unhealthy,PM2.5,19,Los Angeles,California,34.1141,-118.4068,12531334.0,3267.0,America/Los_Angeles,2003,10,28
2003-10-29,159,Unhealthy,PM2.5,19,Los Angeles,California,34.1141,-118.4068,12531334.0,3267.0,America/Los_Angeles,2003,10,29
2003-10-30,46,Good,PM2.5,20,Los Angeles,California,34.1141,-118.4068,12531334.0,3267.0,America/Los_Angeles,2003,10,30
2003-10-31,42,Good,NO2,19,Los Angeles,California,34.1141,-118.4068,12531334.0,3267.0,America/Los_Angeles,2003,10,31
2003-11-01,44,Good,NO2,19,Los Angeles,California,34.1141,-118.4068,12531334.0,3267.0,America/Los_Angeles,2003,11,1
2003-11-02,71,Moderate,PM2.5,20,Los Angeles,California,34.1141,-118.4068,12531334.0,3267.0,America/Los_Angeles,2003,11,2
2003-11-03,57,Moderate,PM2.5,19,Los Angeles,California,34.1141,-118.4068,12531334.0,3267.0,America/Los_Angeles,2003,11,3
2003-11-04,63,Moderate,PM2.5,19,Los Angeles,California,34.1141,-118.4068,12531334.0,3267.0,America/Los_Angeles,2003,11,4
2003-11-05,83,Moderate,PM2.5,20,Los Angeles,California,34.1141,-118.4068,12531334.0,3267.0,America/Los_Angeles,2003,11,5
2003-11-06,110,Unhealthy for Sensitive Groups,PM2.5,18,Los Angeles,California,34.1141,-118.4068,12531334.0,3267.0,America/Los_Angeles,2003,11,6
2003-11-07,97,Moderate,PM2.5,18,Los Angeles,California,34.1141,-118.4068,12531334.0,3267.0,America/Los_Angeles,2003,11,7
2003-11-08,80,Moderate,PM2.5,19,Los Angeles,California,34.1141,-118.4068,12531334.0,3267.0,America/Los_Angeles,2003,11,8
2003-11-09,62,Moderate,PM2.5,18,Los Angeles,California,34.1141,-118.4068,12531334.0,3267.0,America/Los_Angeles,2003,11,9
2003-11-10,64,Moderate,NO2,18,Los Angeles,California,34.1141,-118.4068,12531334.0,3267.0,America/Los_Angeles,2003,11,10
2003-11-11,68,Moderate,NO2,19,Los Angeles,California,34.1141,-118.4068,12531334.0,3267.0,America/Los_Angeles,2003,11,11
2003-11-12,55,Moderate,PM2.5,18,Los Angeles,California,34.1141,-118.4068,12531334.0,3267.0,America/Los_Angeles,2003,11,12
2003-11-13,55,Moderate,PM2.5,18,Los Angeles,California,34.1141,-118.4068,12531334.0,3267.0,America/Los_Angeles,2003,11,13
2003-11-14,72,Moderate,PM2.5,18,Los Angeles,California,34.1141,-118.4068,12531334.0,3267.0,America/Los_Angeles,2003,11,14
2003-11-15,54,Moderate,PM2.5,18,Los Angeles,California,34.1141,-118.4068,12531334.0,3267.0,America/Los_Angeles,2003,11,15
2003-11-16,52,Moderate,PM2.5,18,Los Angeles,California,34.1141,-118.4068,12531334.0,3267.0,America/Los_Angeles,2003,11,16
2003-11-17,73,Moderate,PM2.5,19,Los Angeles,California,34.1141,-118.4068,12531334.0,3267.0,America/Los_Angeles,2003,11,17
2003-11-18,111,Unhealthy for Sensitive Groups,PM2.5,18,Los Angeles,California,34.1141,-118.4068,12531334.0,3267.0,America/Los_Angeles,2003,11,18
2003-11-19,79,Moderate,NO2,18,Los Angeles,California,34.1141,-118.4068,12531334.0,3267.0,America/Los_Angeles,2003,11,19
2003-11-20,98,Moderate,PM2.5,19,Los Angeles,California,34.1141,-118.4068,12531334.0,3267.0,America/Los_Angeles,2003,11,20
2003-11-21,86,Moderate,PM2.5,19,Los Angeles,California,34.1141,-118.4068,12531334.0,3267.0,America/Los_Angeles,2003,11,21
2003-11-22,55,Moderate,CO,19,Los Angeles,California,34.1141,-118.4068,12531334.0,3267.0,America/Los_Angeles,2003,11,22
2003-11-23,72,Moderate,PM2.5,20,Los Angeles,California,34.1141,-118.4068,12531334.0,3267.0,America/Los_Angeles,2003,11,23
2003-11-24,64,Moderate,NO2,19,Los Angeles,California,34.1141,-118.4068,12531334.0,3267.0,America/Los_Angeles,2003,11,24
2003-11-25,67,Moderate,PM2.5,19,Los Angeles,California,34.1141,-118.4068,12531334.0,3267.0,America/Los_Angeles,2003,11,25
2003-11-26,96,Moderate,PM2.5,20,Los Angeles,California,34.1141,-118.4068,12531334.0,3267.0,America/Los_Angeles,2003,11,26
2003-11-27,58,Moderate,PM2.5,18,Los Angeles,California,34.1141,-118.4068,12531334.0,3267.0,America/Los_Angeles,2003,11,27
2003-11-28,52,Moderate,NO2,18,Los Angeles,California,34.1141,-118.4068,12531334.0,3267.0,America/Los_Angeles,2003,11,28
2003-11-29,78,Moderate,NO2,20,Los Angeles,California,34.1141,-118.4068,12531334.0,3267.0,America/Los_Angeles,2003,11,29
2003-11-30,96,Moderate,PM2.5,19,Los Angeles,California,34.1141,-118.4068,12531334.0,3267.0,America/Los_Angeles,2003,11,30
2003-12-01,109,Unhealthy for Sensitive Groups,PM2.5,19,Los Angeles,California,34.1141,-118.4068,12531334.0,3267.0,America/Los_Angeles,2003,12,1
2003-12-02,133,Unhealthy for Sensitive Groups,PM2.5,19,Los Angeles,California,34.1141,-118.4068,12531334.0,3267.0,America/Los_Angeles,2003,12,2
2003-12-03,103,Unhealthy for Sensitive Groups,PM2.5,18,Los Angeles,California,34.1141,-118.4068,12531334.0,3267.0,America/Los_Angeles,2003,12,3
2003-12-04,121,Unhealthy for Sensitive Groups,PM2.5,19,Los Angeles,California,34.1141,-118.4068,12531334.0,3267.0,America/Los_Angeles,2003,12,4
2003-12-05,157,Unhealthy,PM2.5,20,Los Angeles,California,34.1141,-118.4068,12531334.0,3267.0,America/Los_Angeles,2003,12,5
2003-12-06,154,Unhealthy,PM2.5,19,Los Angeles,California,34.1141,-118.4068,12531334.0,3267.0,America/Los_Angeles,2003,12,6
2003-12-07,95,Moderate,PM2.5,19,Los Angeles,California,34.1141,-118.4068,12531334.0,3267.0,America/Los_Angeles,2003,12,7
2003-12-08,59,Moderate,PM2.5,20,Los Angeles,California,34.1141,-118.4068,12531334.0,3267.0,America/Los_Angeles,2003,12,8
2003-12-09,64,Moderate,PM2.5,19,Los Angeles,California,34.1141,-118.4068,12531334.0,3267.0,America/Los_Angeles,2003,12,9
2003-12-10,63,Moderate,PM2.5,19,Los Angeles,California,34.1141,-118.4068,12531334.0,3267.0,America/Los_Angeles,2003,12,10
2003-12-11,53,Moderate,PM2.5,20,Los Angeles,California,34.1141,-118.4068,12531334.0,3267.0,America/Los_Angeles,2003,12,11
2003-12-12,66,Moderate,PM2.5,19,Los Angeles,California,34.1141,-118.4068,12531334.0,3267.0,America/Los_Angeles,2003,12,12
2003-12-13,100,Moderate,PM2.5,19,Los Angeles,California,34.1141,-118.4068,12531334.0,3267.0,America/Los_Angeles,2003,12,13
2003-12-14,103,Unhealthy for Sensitive Groups,PM2.5,20,Los Angeles,California,34.1141,-118.4068,12531334.0,3267.0,America/Los_Angeles,2003,12,14
2003-12-15,60,Moderate,PM2.5,19,Los Angeles,California,34.1141,-118.4068,12531334.0,3267.0,America/Los_Angeles,2003,12,15
2003-12-16,64,Moderate,NO2,19,Los Angeles,California,34.1141,-118.4068,12531334.0,3267.0,America/Los_Angeles,2003,12,16
2003-12-17,65,Moderate,NO2,20,Los Angeles,California,34.1141,-118.4068,12531334.0,3267.0,America/Los_Angeles,2003,12,17
2003-12-18,86,Moderate,PM2.5,19,Los Angeles,California,34.1141,-118.4068,12531334.0,3267.0,America/Los_Angeles,2003,12,18
2003-12-19,105,Unhealthy for Sensitive Groups,PM2.5,19,Los Angeles,California,34.1141,-118.4068,12531334.0,3267.0,America/Los_Angeles,2003,12,19
2003-12-20,98,Moderate,PM2.5,20,Los Angeles,California,34.1141,-118.4068,12531334.0,3267.0,America/Los_Angeles,2003,12,20
2003-12-21,87,Moderate,PM2.5,19,Los Angeles,California,34.1141,-118.4068,12531334.0,3267.0,America/Los_Angeles,2003,12,21
2003-12-22,71,Moderate,NO2,19,Los Angeles,California,34.1141,-118.4068,12531334.0,3267.0,America/Los_Angeles,2003,12,22
2003-12-23,77,Moderate,PM2.5,20,Los Angeles,California,34.1141,-118.4068,12531334.0,3267.0,America/Los_Angeles,2003,12,23
2003-12-24,68,Moderate,PM2.5,19,Los Angeles,California,34.1141,-118.4068,12531334.0,3267.0,America/Los_Angeles,2003,12,24
2003-12-25,38,Good,NO2,19,Los Angeles,California,34.1141,-118.4068,12531334.0,3267.0,America/Los_Angeles,2003,12,25
2003-12-26,49,Good,NO2,20,Los Angeles,California,34.1141,-118.4068,12531334.0,3267.0,America/Los_Angeles,2003,12,26
2003-12-27,62,Moderate,PM2.5,19,Los Angeles,California,34.1141,-118.4068,12531334.0,3267.0,America/Los_Angeles,2003,12,27
2003-12-28,76,Moderate,PM2.5,19,Los Angeles,California,34.1141,-118.4068,12531334.0,3267.0,America/Los_Angeles,2003,12,28
2003-12-29,100,Moderate,PM2.5,20,Los Angeles,California,34.1141,-118.4068,12531334.0,3267.0,America/Los_Angeles,2003,12,29
2003-12-30,70,Moderate,PM2.5,19,Los Angeles,California,34.1141,-118.4068,12531334.0,3267.0,America/Los_Angeles,2003,12,30
2003-12-31,83,Moderate,PM2.5,18,Los Angeles,California,34.1141,-118.4068,12531334.0,3267.0,America/Los_Angeles,2003,12,31
2004-01-01,154,Unhealthy,PM2.5,19,Los Angeles,California,34.1141,-118.4068,12531334.0,3267.0,America/Los_Angeles,2004,1,1
2004-01-02,90,Moderate,PM2.5,18,Los Angeles,California,34.1141,-118.4068,12531334.0,3267.0,America/Los_Angeles,2004,1,2
2004-01-03,43,Good,PM2.5,18,Los Angeles,California,34.1141,-118.4068,12531334.0,3267.0,America/Los_Angeles,2004,1,3
2004-01-04,62,Moderate,PM2.5,20,Los Angeles,California,34.1141,-118.4068,12531334.0,3267.0,America/Los_Angeles,2004,1,4
2004-01-05,53,Moderate,PM2.5,19,Los Angeles,California,34.1141,-118.4068,12531334.0,3267.0,America/Los_Angeles,2004,1,5
2004-01-06,61,Moderate,PM2.5,19,Los Angeles,California,34.1141,-118.4068,12531334.0,3267.0,America/Los_Angeles,2004,1,6
2004-01-07,98,Moderate,PM2.5,20,Los Angeles,California,34.1141,-118.4068,12531334.0,3267.0,America/Los_Angeles,2004,1,7
2004-01-08,115,Unhealthy for Sensitive Groups,PM2.5,19,Los Angeles,California,34.1141,-118.4068,12531334.0,3267.0,America/Los_Angeles,2004,1,8
2004-01-09,120,Unhealthy for Sensitive Groups,PM2.5,19,Los Angeles,California,34.1141,-118.4068,12531334.0,3267.0,America/Los_Angeles,2004,1,9
2004-01-10,82,Moderate,NO2,20,Los Angeles,California,34.1141,-118.4068,12531334.0,3267.0,America/Los_Angeles,2004,1,10
2004-01-11,87,Moderate,PM2.5,19,Los Angeles,California,34.1141,-118.4068,12531334.0,3267.0,America/Los_Angeles,2004,1,11
2004-01-12,136,Unhealthy for Sensitive Groups,PM2.5,19,Los Angeles,California,34.1141,-118.4068,12531334.0,3267.0,America/Los_Angeles,2004,1,12
2004-01-13,99,Moderate,PM2.5,20,Los Angeles,California,34.1141,-118.4068,12531334.0,3267.0,America/Los_Angeles,2004,1,13
2004-01-14,68,Moderate,NO2,19,Los Angeles,California,34.1141,-118.4068,12531334.0,3267.0,America/Los_Angeles,2004,1,14
2004-01-15,68,Moderate,PM2.5,19,Los Angeles,California,34.1141,-118.4068,12531334.0,3267.0,America/Los_Angeles,2004,1,15
2004-01-16,104,Unhealthy for Sensitive Groups,PM2.5,20,Los Angeles,California,34.1141,-118.4068,12531334.0,3267.0,America/Los_Angeles,2004,1,16
2004-01-17,135,Unhealthy for Sensitive Groups,PM2.5,19,Los Angeles,California,34.1141,-118.4068,12531334.0,3267.0,America/Los_Angeles,2004,1,17
2004-01-18,153,Unhealthy,PM2.5,19,Los Angeles,California,34.1141,-118.4068,12531334.0,3267.0,America/Los_Angeles,2004,1,18
2004-01-19,148,Unhealthy for Sensitive Groups,PM2.5,19,Los Angeles,California,34.1141,-118.4068,12531334.0,3267.0,America/Los_Angeles,2004,1,19
2004-01-20,123,Unhealthy for Sensitive Groups,PM2.5,18,Los Angeles,California,34.1141,-118.4068,12531334.0,3267.0,America/Los_Angeles,2004,1,20
2004-01-21,73,Moderate,PM2.5,19,Los Angeles,California,34.1141,-118.4068,12531334.0,3267.0,America/Los_Angeles,2004,1,21
2004-01-22,109,Unhealthy for Sensitive Groups,PM2.5,20,Los Angeles,California,34.1141,-118.4068,12531334.0,3267.0,America/Los_Angeles,2004,1,22
2004-01-23,126,Unhealthy for Sensitive Groups,PM2.5,19,Los Angeles,California,34.1141,-118.4068,12531334.0,3267.0,America/Los_Angeles,2004,1,23
2004-01-24,64,Moderate,PM2.5,19,Los Angeles,California,34.1141,-118.4068,12531334.0,3267.0,America/Los_Angeles,2004,1,24
2004-01-25,67,Moderate,PM2.5,20,Los Angeles,California,34.1141,-118.4068,12531334.0,3267.0,America/Los_Angeles,2004,1,25
2004-01-26,70,Moderate,PM2.5,19,Los Angeles,California,34.1141,-118.4068,12531334.0,3267.0,America/Los_Angeles,2004,1,26
2004-01-27,82,Moderate,PM2.5,19,Los Angeles,California,34.1141,-118.4068,12531334.0,3267.0,America/Los_Angeles,2004,1,27
2004-01-28,104,Unhealthy for Sensitive Groups,PM2.5,20,Los Angeles,California,34.1141,-118.4068,12531334.0,3267.0,America/Los_Angeles,2004,1,28
2004-01-29,105,Unhealthy for Sensitive Groups,PM2.5,19,Los Angeles,California,34.1141,-118.4068,12531334.0,3267.0,America/Los_Angeles,2004,1,29
2004-01-30,104,Unhealthy for Sensitive Groups,PM2.5,19,Los Angeles,California,34.1141,-118.4068,12531334.0,3267.0,America/Los_Angeles,2004,1,30
2004-01-31,57,Moderate,PM2.5,20,Los Angeles,California,34.1141,-118.4068,12531334.0,3267.0,America/Los_Angeles,2004,1,31
2004-02-01,66,Moderate,PM2.5,19,Los Angeles,California,34.1141,-118.4068,12531334.0,3267.0,America/Los_Angeles,2004,2,1
2004-02-02,68,Moderate,PM2.5,19,Los Angeles,California,34.1141,-118.4068,12531334.0,3267.0,America/Los_Angeles,2004,2,2
2004-02-03,49,Good,NO2,20,Los Angeles,California,34.1141,-118.4068,12531334.0,3267.0,America/Los_Angeles,2004,2,3
2004-02-04,42,Good,PM2.5,19,Los Angeles,California,34.1141,-118.4068,12531334.0,3267.0,America/Los_Angeles,2004,2,4
2004-02-05,62,Moderate,NO2,19,Los Angeles,California,34.1141,-118.4068,12531334.0,3267.0,America/Los_Angeles,2004,2,5
2004-02-06,61,Moderate,PM2.5,20,Los Angeles,California,34.1141,-118.4068,12531334.0,3267.0,America/Los_Angeles,2004,2,6
2004-02-07,64,Moderate,PM2.5,19,Los Angeles,California,34.1141,-118.4068,12531334.0,3267.0,America/Los_Angeles,2004,2,7
2004-02-08,44,Good,NO2,19,Los Angeles,California,34.1141,-118.4068,12531334.0,3267.0,America/Los_Angeles,2004,2,8
2004-02-09,55,Moderate,PM2.5,20,Los Angeles,California,34.1141,-118.4068,12531334.0,3267.0,America/Los_Angeles,2004,2,9
2004-02-10,81,Moderate,NO2,19,Los Angeles,California,34.1141,-118.4068,12531334.0,3267.0,America/Los_Angeles,2004,2,10
2004-02-11,67,Moderate,PM2.5,19,Los Angeles,California,34.1141,-118.4068,12531334.0,3267.0,America/Los_Angeles,2004,2,11
2004-02-12,71,Moderate,PM2.5,20,Los Angeles,California,34.1141,-118.4068,12531334.0,3267.0,America/Los_Angeles,2004,2,12
2004-02-13,61,Moderate,NO2,18,Los Angeles,California,34.1141,-118.4068,12531334.0,3267.0,America/Los_Angeles,2004,2,13
2004-02-14,71,Moderate,PM2.5,18,Los Angeles,California,34.1141,-118.4068,12531334.0,3267.0,America/Los_Angeles,2004,2,14
2004-02-15,83,Moderate,PM2.5,20,Los Angeles,California,34.1141,-118.4068,12531334.0,3267.0,America/Los_Angeles,2004,2,15
2004-02-16,115,Unhealthy for Sensitive Groups,PM2.5,19,Los Angeles,California,34.1141,-118.4068,12531334.0,3267.0,America/Los_Angeles,2004,2,16
2004-02-17,123,Unhealthy for Sensitive Groups,PM2.5,18,Los Angeles,California,34.1141,-118.4068,12531334.0,3267.0,America/Los_Angeles,2004,2,17
2004-02-18,113,Unhealthy for Sensitive Groups,PM2.5,20,Los Angeles,California,34.1141,-118.4068,12531334.0,3267.0,America/Los_Angeles,2004,2,18
2004-02-19,83,Moderate,PM2.5,19,Los Angeles,California,34.1141,-118.4068,12531334.0,3267.0,America/Los_Angeles,2004,2,19
2004-02-20,77,Moderate,PM2.5,19,Los Angeles,California,34.1141,-118.4068,12531334.0,3267.0,America/Los_Angeles,2004,2,20
2004-02-21,84,Moderate,PM2.5,19,Los Angeles,California,34.1141,-118.4068,12531334.0,3267.0,America/Los_Angeles,2004,2,21
2004-02-22,39,Good,Ozone,19,Los Angeles,California,34.1141,-118.4068,12531334.0,3267.0,America/Los_Angeles,2004,2,22
2004-02-23,87,Moderate,NO2,19,Los Angeles,California,34.1141,-118.4068,12531334.0,3267.0,America/Los_Angeles,2004,2,23
2004-02-24,76,Moderate,PM2.5,19,Los Angeles,California,34.1141,-118.4068,12531334.0,3267.0,America/Los_Angeles,2004,2,24
2004-02-25,53,Moderate,PM2.5,19,Los Angeles,California,34.1141,-118.4068,12531334.0,3267.0,America/Los_Angeles,2004,2,25
2004-02-26,50,Good,NO2,19,Los Angeles,California,34.1141,-118.4068,12531334.0,3267.0,America/Los_Angeles,2004,2,26
2004-02-27,52,Moderate,PM2.5,19,Los Angeles,California,34.1141,-118.4068,12531334.0,3267.0,America/Los_Angeles,2004,2,27
2004-02-28,44,Good,NO2,19,Los Angeles,California,34.1141,-118.4068,12531334.0,3267.0,America/Los_Angeles,2004,2,28
2004-02-29,49,Good,Ozone,19,Los Angeles,California,34.1141,-118.4068,12531334.0,3267.0,America/Los_Angeles,2004,2,29
2004-03-01,62,Moderate,PM2.5,19,Los Angeles,California,34.1141,-118.4068,12531334.0,3267.0,America/Los_Angeles,2004,3,1
2004-03-02,57,Moderate,NO2,19,Los Angeles,California,34.1141,-118.4068,12531334.0,3267.0,America/Los_Angeles,2004,3,2
2004-03-03,81,Moderate,NO2,19,Los Angeles,California,34.1141,-118.4068,12531334.0,3267.0,America/Los_Angeles,2004,3,3
2004-03-04,58,Moderate,PM2.5,20,Los Angeles,California,34.1141,-118.4068,12531334.0,3267.0,America/Los_Angeles,2004,3,4
2004-03-05,57,Moderate,NO2,19,Los Angeles,California,34.1141,-118.4068,12531334.0,3267.0,America/Los_Angeles,2004,3,5
2004-03-06,73,Moderate,PM2.5,19,Los Angeles,California,34.1141,-118.4068,12531334.0,3267.0,America/Los_Angeles,2004,3,6
2004-03-07,78,Moderate,NO2,20,Los Angeles,California,34.1141,-118.4068,12531334.0,3267.0,America/Los_Angeles,2004,3,7
2004-03-08,73,Moderate,NO2,19,Los Angeles,California,34.1141,-118.4068,12531334.0,3267.0,America/Los_Angeles,2004,3,8
2004-03-09,104,Unhealthy for Sensitive Groups,NO2,19,Los Angeles,California,34.1141,-118.4068,12531334.0,3267.0,America/Los_Angeles,2004,3,9
2004-03-10,112,Unhealthy for Sensitive Groups,PM2.5,19,Los Angeles,California,34.1141,-118.4068,12531334.0,3267.0,America/Los_Angeles,2004,3,10
2004-03-11,85,Moderate,NO2,19,Los Angeles,California,34.1141,-118.4068,12531334.0,3267.0,America/Los_Angeles,2004,3,11
2004-03-12,101,Unhealthy for Sensitive Groups,PM2.5,19,Los Angeles,California,34.1141,-118.4068,12531334.0,3267.0,America/Los_Angeles,2004,3,12
2004-03-13,101,Unhealthy for Sensitive Groups,PM2.5,20,Los Angeles,California,34.1141,-118.4068,12531334.0,3267.0,America/Los_Angeles,2004,3,13
2004-03-14,143,Unhealthy for Sensitive Groups,Ozone,19,Los Angeles,California,34.1141,-118.4068,12531334.0,3267.0,America/Los_Angeles,2004,3,14
2004-03-15,161,Unhealthy,PM2.5,19,Los Angeles,California,34.1141,-118.4068,12531334.0,3267.0,America/Los_Angeles,2004,3,15
2004-03-16,152,Unhealthy,PM2.5,20,Los Angeles,California,34.1141,-118.4068,12531334.0,3267.0,America/Los_Angeles,2004,3,16
2004-03-17,132,Unhealthy for Sensitive Groups,PM2.5,19,Los Angeles,California,34.1141,-118.4068,12531334.0,3267.0,America/Los_Angeles,2004,3,17
2004-03-18,157,Unhealthy,PM2.5,19,Los Angeles,California,34.1141,-118.4068,12531334.0,3267.0,America/Los_Angeles,2004,3,18
2004-03-19,155,Unhealthy,PM2.5,20,Los Angeles,California,34.1141,-118.4068,12531334.0,3267.0,America/Los_Angeles,2004,3,19
2004-03-20,144,Unhealthy for Sensitive Groups,PM2.5,19,Los Angeles,California,34.1141,-118.4068,12531334.0,3267.0,America/Los_Angeles,2004,3,20
2004-03-21,131,Unhealthy for Sensitive Groups,PM2.5,19,Los Angeles,California,34.1141,-118.4068,12531334.0,3267.0,America/Los_Angeles,2004,3,21
2004-03-22,151,Unhealthy,PM2.5,20,Los Angeles,California,34.1141,-118.4068,12531334.0,3267.0,America/Los_Angeles,2004,3,22
2004-03-23,83,Moderate,PM2.5,19,Los Angeles,California,34.1141,-118.4068,12531334.0,3267.0,America/Los_Angeles,2004,3,23
2004-03-24,69,Moderate,PM2.5,19,Los Angeles,California,34.1141,-118.4068,12531334.0,3267.0,America/Los_Angeles,2004,3,24
2004-03-25,112,Unhealthy for Sensitive Groups,PM2.5,20,Los Angeles,California,34.1141,-118.4068,12531334.0,3267.0,America/Los_Angeles,2004,3,25
2004-03-26,57,Moderate,NO2,19,Los Angeles,California,34.1141,-118.4068,12531334.0,3267.0,America/Los_Angeles,2004,3,26
2004-03-27,58,Moderate,NO2,19,Los Angeles,California,34.1141,-118.4068,12531334.0,3267.0,America/Los_Angeles,2004,3,27
2004-03-28,115,Unhealthy for Sensitive Groups,Ozone,20,Los Angeles,California,34.1141,-118.4068,12531334.0,3267.0,America/Los_Angeles,2004,3,28
2004-03-29,88,Moderate,NO2,19,Los Angeles,California,34.1141,-118.4068,12531334.0,3267.0,America/Los_Angeles,2004,3,29
2004-03-30,89,Moderate,NO2,19,Los Angeles,California,34.1141,-118.4068,12531334.0,3267.0,America/Los_Angeles,2004,3,30
2004-03-31,74,Moderate,PM2.5,19,Los Angeles,California,34.1141,-118.4068,12531334.0,3267.0,America/Los_Angeles,2004,3,31
2004-04-01,54,Moderate,NO2,18,Los Angeles,California,34.1141,-118.4068,12531334.0,3267.0,America/Los_Angeles,2004,4,1
2004-04-02,64,Moderate,PM2.5,18,Los Angeles,California,34.1141,-118.4068,12531334.0,3267.0,America/Los_Angeles,2004,4,2
2004-04-03,72,Moderate,PM2.5,19,Los Angeles,California,34.1141,-118.4068,12531334.0,3267.0,America/Los_Angeles,2004,4,3
2004-04-04,84,Moderate,Ozone,17,Los Angeles,California,34.1141,-118.4068,12531334.0,3267.0,America/Los_Angeles,2004,4,4
2004-04-05,71,Moderate,Ozone,17,Los Angeles,California,34.1141,-118.4068,12531334.0,3267.0,America/Los_Angeles,2004,4,5
2004-04-06,67,Moderate,PM2.5,18,Los Angeles,California,34.1141,-118.4068,12531334.0,3267.0,America/Los_Angeles,2004,4,6
2004-04-07,77,Moderate,Ozone,17,Los Angeles,California,34.1141,-118.4068,12531334.0,3267.0,America/Los_Angeles,2004,4,7
2004-04-08,87,Moderate,Ozone,17,Los Angeles,California,34.1141,-118.4068,12531334.0,3267.0,America/Los_Angeles,2004,4,8
2004-04-09,111,Unhealthy for Sensitive Groups,PM2.5,19,Los Angeles,California,34.1141,-118.4068,12531334.0,3267.0,America/Los_Angeles,2004,4,9
2004-04-10,108,Unhealthy for Sensitive Groups,PM2.5,18,Los Angeles,California,34.1141,-118.4068,12531334.0,3267.0,America/Los_Angeles,2004,4,10
2004-04-11,140,Unhealthy for Sensitive Groups,Ozone,18,Los Angeles,California,34.1141,-118.4068,12531334.0,3267.0,America/Los_Angeles,2004,4,11
2004-04-12,109,Unhealthy for Sensitive Groups,PM2.5,20,Los Angeles,California,34.1141,-118.4068,12531334.0,3267.0,America/Los_Angeles,2004,4,12
2004-04-13,93,Moderate,PM2.5,18,Los Angeles,California,34.1141,-118.4068,12531334.0,3267.0,America/Los_Angeles,2004,4,13
2004-04-14,59,Moderate,PM2.5,18,Los Angeles,California,34.1141,-118.4068,12531334.0,3267.0,America/Los_Angeles,2004,4,14
2004-04-15,84,Moderate,Ozone,20,Los Angeles,California,34.1141,-118.4068,12531334.0,3267.0,America/Los_Angeles,2004,4,15
2004-04-16,51,Moderate,Ozone,18,Los Angeles,California,34.1141,-118.4068,12531334.0,3267.0,America/Los_Angeles,2004,4,16
2004-04-17,44,Good,Ozone,18,Los Angeles,California,34.1141,-118.4068,12531334.0,3267.0,America/Los_Angeles,2004,4,17
2004-04-18,47,Good,Ozone,19,Los Angeles,California,34.1141,-118.4068,12531334.0,3267.0,America/Los_Angeles,2004,4,18
2004-04-19,55,Moderate,PM2.5,18,Los Angeles,California,34.1141,-118.4068,12531334.0,3267.0,America/Los_Angeles,2004,4,19
2004-04-20,49,Good,Ozone,18,Los Angeles,California,34.1141,-118.4068,12531334.0,3267.0,America/Los_Angeles,2004,4,20
2004-04-21,78,Moderate,PM2.5,20,Los Angeles,California,34.1141,-118.4068,12531334.0,3267.0,America/Los_Angeles,2004,4,21
2004-04-22,67,Moderate,Ozone,18,Los Angeles,California,34.1141,-118.4068,12531334.0,3267.0,America/Los_Angeles,2004,4,22
2004-04-23,67,Moderate,Ozone,18,Los Angeles,California,34.1141,-118.4068,12531334.0,3267.0,America/Los_Angeles,2004,4,23
2004-04-24,115,Unhealthy for Sensitive Groups,Ozone,20,Los Angeles,California,34.1141,-118.4068,12531334.0,3267.0,America/Los_Angeles,2004,4,24
2004-04-25,161,Unhealthy,Ozone,19,Los Angeles,California,34.1141,-118.4068,12531334.0,3267.0,America/Los_Angeles,2004,4,25
2004-04-26,115,Unhealthy for Sensitive Groups,Ozone,19,Los Angeles,California,34.1141,-118.4068,12531334.0,3267.0,America/Los_Angeles,2004,4,26
2004-04-27,126,Unhealthy for Sensitive Groups,Ozone,20,Los Angeles,California,34.1141,-118.4068,12531334.0,3267.0,America/Los_Angeles,2004,4,27
2004-04-28,147,Unhealthy for Sensitive Groups,Ozone,19,Los Angeles,California,34.1141,-118.4068,12531334.0,3267.0,America/Los_Angeles,2004,4,28
2004-04-29,87,Moderate,Ozone,19,Los Angeles,California,34.1141,-118.4068,12531334.0,3267.0,America/Los_Angeles,2004,4,29
2004-04-30,77,Moderate,Ozone,20,Los Angeles,California,34.1141,-118.4068,12531334.0,3267.0,America/Los_Angeles,2004,4,30
2004-05-01,133,Unhealthy for Sensitive Groups,Ozone,19,Los Angeles,California,34.1141,-118.4068,12531334.0,3267.0,America/Los_Angeles,2004,5,1
2004-05-02,126,Unhealthy for Sensitive Groups,Ozone,19,Los Angeles,California,34.1141,-118.4068,12531334.0,3267.0,America/Los_Angeles,2004,5,2
2004-05-03,154,Unhealthy,Ozone,20,Los Angeles,California,34.1141,-118.4068,12531334.0,3267.0,America/Los_Angeles,2004,5,3
2004-05-04,115,Unhealthy for Sensitive Groups,Ozone,19,Los Angeles,California,34.1141,-118.4068,12531334.0,3267.0,America/Los_Angeles,2004,5,4
2004-05-05,77,Moderate,Ozone,19,Los Angeles,California,34.1141,-118.4068,12531334.0,3267.0,America/Los_Angeles,2004,5,5
2004-05-06,80,Moderate,Ozone,20,Los Angeles,California,34.1141,-118.4068,12531334.0,3267.0,America/Los_Angeles,2004,5,6
2004-05-07,86,Moderate,NO2,19,Los Angeles,California,34.1141,-118.4068,12531334.0,3267.0,America/Los_Angeles,2004,5,7
2004-05-08,90,Moderate,Ozone,19,Los Angeles,California,34.1141,-118.4068,12531334.0,3267.0,America/Los_Angeles,2004,5,8
2004-05-09,151,Unhealthy,Ozone,20,Los Angeles,California,34.1141,-118.4068,12531334.0,3267.0,America/Los_Angeles,2004,5,9
2004-05-10,80,Moderate,Ozone,19,Los Angeles,California,34.1141,-118.4068,12531334.0,3267.0,America/Los_Angeles,2004,5,10
2004-05-11,115,Unhealthy for Sensitive Groups,Ozone,19,Los Angeles,California,34.1141,-118.4068,12531334.0,3267.0,America/Los_Angeles,2004,5,11
2004-05-12,87,Moderate,Ozone,20,Los Angeles,California,34.1141,-118.4068,12531334.0,3267.0,America/Los_Angeles,2004,5,12
2004-05-13,133,Unhealthy for Sensitive Groups,Ozone,19,Los Angeles,California,34.1141,-118.4068,12531334.0,3267.0,America/Los_Angeles,2004,5,13
2004-05-14,156,Unhealthy,Ozone,19,Los Angeles,California,34.1141,-118.4068,12531334.0,3267.0,America/Los_Angeles,2004,5,14
2004-05-15,159,Unhealthy,Ozone,20,Los Angeles,California,34.1141,-118.4068,12531334.0,3267.0,America/Los_Angeles,2004,5,15
2004-05-16,136,Unhealthy for Sensitive Groups,Ozone,19,Los Angeles,California,34.1141,-118.4068,12531334.0,3267.0,America/Los_Angeles,2004,5,16
2004-05-17,67,Moderate,Ozone,19,Los Angeles,California,34.1141,-118.4068,12531334.0,3267.0,America/Los_Angeles,2004,5,17
2004-05-18,80,Moderate,Ozone,20,Los Angeles,California,34.1141,-118.4068,12531334.0,3267.0,America/Los_Angeles,2004,5,18
2004-05-19,74,Moderate,Ozone,19,Los Angeles,California,34.1141,-118.4068,12531334.0,3267.0,America/Los_Angeles,2004,5,19
2004-05-20,74,Moderate,Ozone,19,Los Angeles,California,34.1141,-118.4068,12531334.0,3267.0,America/Los_Angeles,2004,5,20
2004-05-21,71,Moderate,Ozone,20,Los Angeles,California,34.1141,-118.4068,12531334.0,3267.0,America/Los_Angeles,2004,5,21
2004-05-22,84,Moderate,Ozone,19,Los Angeles,California,34.1141,-118.4068,12531334.0,3267.0,America/Los_Angeles,2004,5,22
2004-05-23,64,Moderate,Ozone,19,Los Angeles,California,34.1141,-118.4068,12531334.0,3267.0,America/Los_Angeles,2004,5,23
2004-05-24,61,Moderate,Ozone,20,Los Angeles,California,34.1141,-118.4068,12531334.0,3267.0,America/Los_Angeles,2004,5,24
2004-05-25,51,Moderate,Ozone,19,Los Angeles,California,34.1141,-118.4068,12531334.0,3267.0,America/Los_Angeles,2004,5,25
2004-05-26,90,Moderate,Ozone,18,Los Angeles,California,34.1141,-118.4068,12531334.0,3267.0,America/Los_Angeles,2004,5,26
2004-05-27,93,Moderate,Ozone,20,Los Angeles,California,34.1141,-118.4068,12531334.0,3267.0,America/Los_Angeles,2004,5,27
2004-05-28,74,Moderate,PM2.5,19,Los Angeles,California,34.1141,-118.4068,12531334.0,3267.0,America/Los_Angeles,2004,5,28
2004-05-29,84,Moderate,Ozone,19,Los Angeles,California,34.1141,-118.4068,12531334.0,3267.0,America/Los_Angeles,2004,5,29
2004-05-30,187,Unhealthy,Ozone,20,Los Angeles,California,34.1141,-118.4068,12531334.0,3267.0,America/Los_Angeles,2004,5,30
2004-05-31,192,Unhealthy,Ozone,19,Los Angeles,California,34.1141,-118.4068,12531334.0,3267.0,America/Los_Angeles,2004,5,31
2004-06-01,151,Unhealthy,Ozone,19,Los Angeles,California,34.1141,-118.4068,12531334.0,3267.0,America/Los_Angeles,2004,6,1
2004-06-02,190,Unhealthy,Ozone,20,Los Angeles,California,34.1141,-118.4068,12531334.0,3267.0,America/Los_Angeles,2004,6,2
2004-06-03,190,Unhealthy,Ozone,19,Los Angeles,California,34.1141,-118.4068,12531334.0,3267.0,America/Los_Angeles,2004,6,3
2004-06-04,208,Very Unhealthy,Ozone,19,Los Angeles,California,34.1141,-118.4068,12531334.0,3267.0,America/Los_Angeles,2004,6,4
2004-06-05,229,Very Unhealthy,Ozone,20,Los Angeles,California,34.1141,-118.4068,12531334.0,3267.0,America/Los_Angeles,2004,6,5
2004-06-06,190,Unhealthy,Ozone,19,Los Angeles,California,34.1141,-118.4068,12531334.0,3267.0,America/Los_Angeles,2004,6,6
2004-06-07,111,Unhealthy for Sensitive Groups,PM2.5,19,Los Angeles,California,34.1141,-118.4068,12531334.0,3267.0,America/Los_Angeles,2004,6,7
2004-06-08,80,Moderate,Ozone,20,Los Angeles,California,34.1141,-118.4068,12531334.0,3267.0,America/Los_Angeles,2004,6,8
2004-06-09,52,Moderate,PM2.5,19,Los Angeles,California,34.1141,-118.4068,12531334.0,3267.0,America/Los_Angeles,2004,6,9
2004-06-10,61,Moderate,Ozone,19,Los Angeles,California,34.1141,-118.4068,12531334.0,3267.0,America/Los_Angeles,2004,6,10
2004-06-11,143,Unhealthy for Sensitive Groups,Ozone,20,Los Angeles,California,34.1141,-118.4068,12531334.0,3267.0,America/Los_Angeles,2004,6,11
2004-06-12,169,Unhealthy,Ozone,19,Los Angeles,California,34.1141,-118.4068,12531334.0,3267.0,America/Los_Angeles,2004,6,12
2004-06-13,200,Unhealthy,Ozone,19,Los Angeles,California,34.1141,-118.4068,12531334.0,3267.0,America/Los_Angeles,2004,6,13
2004-06-14,166,Unhealthy,Ozone,20,Los Angeles,California,34.1141,-118.4068,12531334.0,3267.0,America/Los_Angeles,2004,6,14
2004-06-15,159,Unhealthy,Ozone,19,Los Angeles,California,34.1141,-118.4068,12531334.0,3267.0,America/Los_Angeles,2004,6,15
2004-06-16,136,Unhealthy for Sensitive Groups,Ozone,19,Los Angeles,California,34.1141,-118.4068,12531334.0,3267.0,America/Los_Angeles,2004,6,16
2004-06-17,100,Moderate,Ozone,20,Los Angeles,California,34.1141,-118.4068,12531334.0,3267.0,America/Los_Angeles,2004,6,17
2004-06-18,93,Moderate,Ozone,19,Los Angeles,California,34.1141,-118.4068,12531334.0,3267.0,America/Los_Angeles,2004,6,18
2004-06-19,87,Moderate,Ozone,19,Los Angeles,California,34.1141,-118.4068,12531334.0,3267.0,America/Los_Angeles,2004,6,19
2004-06-20,150,Unhealthy for Sensitive Groups,Ozone,20,Los Angeles,California,34.1141,-118.4068,12531334.0,3267.0,America/Los_Angeles,2004,6,20
2004-06-21,147,Unhealthy for Sensitive Groups,Ozone,19,Los Angeles,California,34.1141,-118.4068,12531334.0,3267.0,America/Los_Angeles,2004,6,21
2004-06-22,151,Unhealthy,Ozone,19,Los Angeles,California,34.1141,-118.4068,12531334.0,3267.0,America/Los_Angeles,2004,6,22
2004-06-23,140,Unhealthy for Sensitive Groups,Ozone,20,Los Angeles,California,34.1141,-118.4068,12531334.0,3267.0,America/Los_Angeles,2004,6,23
2004-06-24,172,Unhealthy,Ozone,19,Los Angeles,California,34.1141,-118.4068,12531334.0,3267.0,America/Los_Angeles,2004,6,24
2004-06-25,187,Unhealthy,Ozone,18,Los Angeles,California,34.1141,-118.4068,12531334.0,3267.0,America/Los_Angeles,2004,6,25
2004-06-26,179,Unhealthy,Ozone,20,Los Angeles,California,34.1141,-118.4068,12531334.0,3267.0,America/Los_Angeles,2004,6,26
2004-06-27,185,Unhealthy,Ozone,19,Los Angeles,California,34.1141,-118.4068,12531334.0,3267.0,America/Los_Angeles,2004,6,27
2004-06-28,105,Unhealthy for Sensitive Groups,Ozone,19,Los Angeles,California,34.1141,-118.4068,12531334.0,3267.0,America/Los_Angeles,2004,6,28
2004-06-29,87,Moderate,Ozone,20,Los Angeles,California,34.1141,-118.4068,12531334.0,3267.0,America/Los_Angeles,2004,6,29
2004-06-30,67,Moderate,Ozone,18,Los Angeles,California,34.1141,-118.4068,12531334.0,3267.0,America/Los_Angeles,2004,6,30
2004-07-01,80,Moderate,Ozone,19,Los Angeles,California,34.1141,-118.4068,12531334.0,3267.0,America/Los_Angeles,2004,7,1
2004-07-02,115,Unhealthy for Sensitive Groups,Ozone,19,Los Angeles,California,34.1141,-118.4068,12531334.0,3267.0,America/Los_Angeles,2004,7,2
2004-07-03,143,Unhealthy for Sensitive Groups,Ozone,19,Los Angeles,California,34.1141,-118.4068,12531334.0,3267.0,America/Los_Angeles,2004,7,3
2004-07-04,159,Unhealthy,Ozone,19,Los Angeles,California,34.1141,-118.4068,12531334.0,3267.0,America/Los_Angeles,2004,7,4
2004-07-05,187,Unhealthy,Ozone,19,Los Angeles,California,34.1141,-118.4068,12531334.0,3267.0,America/Los_Angeles,2004,7,5
2004-07-06,140,Unhealthy for Sensitive Groups,Ozone,19,Los Angeles,California,34.1141,-118.4068,12531334.0,3267.0,America/Los_Angeles,2004,7,6
2004-07-07,61,Moderate,Ozone,19,Los Angeles,California,34.1141,-118.4068,12531334.0,3267.0,America/Los_Angeles,2004,7,7
2004-07-08,65,Moderate,PM2.5,20,Los Angeles,California,34.1141,-118.4068,12531334.0,3267.0,America/Los_Angeles,2004,7,8
2004-07-09,58,Moderate,Ozone,19,Los Angeles,California,34.1141,-118.4068,12531334.0,3267.0,America/Los_Angeles,2004,7,9
2004-07-10,97,Moderate,Ozone,19,Los Angeles,California,34.1141,-118.4068,12531334.0,3267.0,America/Los_Angeles,2004,7,10
2004-07-11,174,Unhealthy,Ozone,20,Los Angeles,California,34.1141,-118.4068,12531334.0,3267.0,America/Los_Angeles,2004,7,11
2004-07-12,136,Unhealthy for Sensitive Groups,Ozone,19,Los Angeles,California,34.1141,-118.4068,12531334.0,3267.0,America/Los_Angeles,2004,7,12
2004-07-13,97,Moderate,Ozone,19,Los Angeles,California,34.1141,-118.4068,12531334.0,3267.0,America/Los_Angeles,2004,7,13
2004-07-14,95,Moderate,NO2,20,Los Angeles,California,34.1141,-118.4068,12531334.0,3267.0,America/Los_Angeles,2004,7,14
2004-07-15,93,Moderate,Ozone,19,Los Angeles,California,34.1141,-118.4068,12531334.0,3267.0,America/Los_Angeles,2004,7,15
2004-07-16,147,Unhealthy for Sensitive Groups,Ozone,19,Los Angeles,California,34.1141,-118.4068,12531334.0,3267.0,America/Los_Angeles,2004,7,16
2004-07-17,161,Unhealthy,Ozone,20,Los Angeles,California,34.1141,-118.4068,12531334.0,3267.0,America/Los_Angeles,2004,7,17
2004-07-18,200,Unhealthy,Ozone,19,Los Angeles,California,34.1141,-118.4068,12531334.0,3267.0,America/Los_Angeles,2004,7,18
2004-07-19,115,Unhealthy for Sensitive Groups,Ozone,19,Los Angeles,California,34.1141,-118.4068,12531334.0,3267.0,America/Los_Angeles,2004,7,19
2004-07-20,147,Unhealthy for Sensitive Groups,Ozone,20,Los Angeles,California,34.1141,-118.4068,12531334.0,3267.0,America/Los_Angeles,2004,7,20
2004-07-21,93,Moderate,Ozone,19,Los Angeles,California,34.1141,-118.4068,12531334.0,3267.0,America/Los_Angeles,2004,7,21
2004-07-22,136,Unhealthy for Sensitive Groups,Ozone,19,Los Angeles,California,34.1141,-118.4068,12531334.0,3267.0,America/Los_Angeles,2004,7,22
2004-07-23,169,Unhealthy,Ozone,20,Los Angeles,California,34.1141,-118.4068,12531334.0,3267.0,America/Los_Angeles,2004,7,23
2004-07-24,172,Unhealthy,Ozone,19,Los Angeles,California,34.1141,-118.4068,12531334.0,3267.0,America/Los_Angeles,2004,7,24
2004-07-25,177,Unhealthy,Ozone,19,Los Angeles,California,34.1141,-118.4068,12531334.0,3267.0,America/Los_Angeles,2004,7,25
2004-07-26,156,Unhealthy,Ozone,20,Los Angeles,California,34.1141,-118.4068,12531334.0,3267.0,America/Los_Angeles,2004,7,26
2004-07-27,174,Unhealthy,Ozone,19,Los Angeles,California,34.1141,-118.4068,12531334.0,3267.0,America/Los_Angeles,2004,7,27
2004-07-28,169,Unhealthy,Ozone,19,Los Angeles,California,34.1141,-118.4068,12531334.0,3267.0,America/Los_Angeles,2004,7,28
2004-07-29,187,Unhealthy,Ozone,19,Los Angeles,California,34.1141,-118.4068,12531334.0,3267.0,America/Los_Angeles,2004,7,29
2004-07-30,122,Unhealthy for Sensitive Groups,Ozone,19,Los Angeles,California,34.1141,-118.4068,12531334.0,3267.0,America/Los_Angeles,2004,7,30
2004-07-31,161,Unhealthy,Ozone,19,Los Angeles,California,34.1141,-118.4068,12531334.0,3267.0,America/Los_Angeles,2004,7,31
2004-08-01,174,Unhealthy,Ozone,20,Los Angeles,California,34.1141,-118.4068,12531334.0,3267.0,America/Los_Angeles,2004,8,1
2004-08-02,90,Moderate,Ozone,19,Los Angeles,California,34.1141,-118.4068,12531334.0,3267.0,America/Los_Angeles,2004,8,2
2004-08-03,156,Unhealthy,Ozone,19,Los Angeles,California,34.1141,-118.4068,12531334.0,3267.0,America/Los_Angeles,2004,8,3
2004-08-04,126,Unhealthy for Sensitive Groups,Ozone,20,Los Angeles,California,34.1141,-118.4068,12531334.0,3267.0,America/Los_Angeles,2004,8,4
2004-08-05,161,Unhealthy,Ozone,19,Los Angeles,California,34.1141,-118.4068,12531334.0,3267.0,America/Los_Angeles,2004,8,5
2004-08-06,166,Unhealthy,Ozone,19,Los Angeles,California,34.1141,-118.4068,12531334.0,3267.0,America/Los_Angeles,2004,8,6
2004-08-07,195,Unhealthy,Ozone,20,Los Angeles,California,34.1141,-118.4068,12531334.0,3267.0,America/Los_Angeles,2004,8,7
2004-08-08,208,Very Unhealthy,Ozone,19,Los Angeles,California,34.1141,-118.4068,12531334.0,3267.0,America/Los_Angeles,2004,8,8
2004-08-09,182,Unhealthy,Ozone,19,Los Angeles,California,34.1141,-118.4068,12531334.0,3267.0,America/Los_Angeles,2004,8,9
2004-08-10,150,Unhealthy for Sensitive Groups,Ozone,20,Los Angeles,California,34.1141,-118.4068,12531334.0,3267.0,America/Los_Angeles,2004,8,10
2004-08-11,197,Unhealthy,Ozone,19,Los Angeles,California,34.1141,-118.4068,12531334.0,3267.0,America/Los_Angeles,2004,8,11
2004-08-12,154,Unhealthy,Ozone,19,Los Angeles,California,34.1141,-118.4068,12531334.0,3267.0,America/Los_Angeles,2004,8,12
2004-08-13,182,Unhealthy,Ozone,20,Los Angeles,California,34.1141,-118.4068,12531334.0,3267.0,America/Los_Angeles,2004,8,13
2004-08-14,192,Unhealthy,Ozone,19,Los Angeles,California,34.1141,-118.4068,12531334.0,3267.0,America/Los_Angeles,2004,8,14
2004-08-15,154,Unhealthy,Ozone,19,Los Angeles,California,34.1141,-118.4068,12531334.0,3267.0,America/Los_Angeles,2004,8,15
2004-08-16,140,Unhealthy for Sensitive Groups,Ozone,20,Los Angeles,California,34.1141,-118.4068,12531334.0,3267.0,America/Los_Angeles,2004,8,16
2004-08-17,172,Unhealthy,Ozone,19,Los Angeles,California,34.1141,-118.4068,12531334.0,3267.0,America/Los_Angeles,2004,8,17
2004-08-18,164,Unhealthy,Ozone,19,Los Angeles,California,34.1141,-118.4068,12531334.0,3267.0,America/Los_Angeles,2004,8,18
2004-08-19,74,Moderate,Ozone,20,Los Angeles,California,34.1141,-118.4068,12531334.0,3267.0,America/Los_Angeles,2004,8,19
2004-08-20,77,Moderate,Ozone,19,Los Angeles,California,34.1141,-118.4068,12531334.0,3267.0,America/Los_Angeles,2004,8,20
2004-08-21,126,Unhealthy for Sensitive Groups,Ozone,19,Los Angeles,California,34.1141,-118.4068,12531334.0,3267.0,America/Los_Angeles,2004,8,21
2004-08-22,80,Moderate,Ozone,20,Los Angeles,California,34.1141,-118.4068,12531334.0,3267.0,America/Los_Angeles,2004,8,22
2004-08-23,44,Good,Ozone,19,Los Angeles,California,34.1141,-118.4068,12531334.0,3267.0,America/Los_Angeles,2004,8,23
2004-08-24,54,Moderate,Ozone,19,Los Angeles,California,34.1141,-118.4068,12531334.0,3267.0,America/Los_Angeles,2004,8,24
2004-08-25,115,Unhealthy for Sensitive Groups,Ozone,20,Los Angeles,California,34.1141,-118.4068,12531334.0,3267.0,America/Los_Angeles,2004,8,25
2004-08-26,129,Unhealthy for Sensitive Groups,Ozone,19,Los Angeles,California,34.1141,-118.4068,12531334.0,3267.0,America/Los_Angeles,2004,8,26
2004-08-27,101,Unhealthy for Sensitive Groups,Ozone,19,Los Angeles,California,34.1141,-118.4068,12531334.0,3267.0,America/Los_Angeles,2004,8,27
2004-08-28,172,Unhealthy,Ozone,20,Los Angeles,California,34.1141,-118.4068,12531334.0,3267.0,America/Los_Angeles,2004,8,28
2004-08-29,161,Unhealthy,Ozone,19,Los Angeles,California,34.1141,-118.4068,12531334.0,3267.0,America/Los_Angeles,2004,8,29
2004-08-30,143,Unhealthy for Sensitive Groups,Ozone,19,Los Angeles,California,34.1141,-118.4068,12531334.0,3267.0,America/Los_Angeles,2004,8,30
2004-08-31,203,Very Unhealthy,Ozone,20,Los Angeles,California,34.1141,-118.4068,12531334.0,3267.0,America/Los_Angeles,2004,8,31
2004-09-01,200,Unhealthy,Ozone,19,Los Angeles,California,34.1141,-118.4068,12531334.0,3267.0,America/Los_Angeles,2004,9,1
2004-09-02,182,Unhealthy,Ozone,19,Los Angeles,California,34.1141,-118.4068,12531334.0,3267.0,America/Los_Angeles,2004,9,2
2004-09-03,80,Moderate,PM2.5,20,Los Angeles,California,34.1141,-118.4068,12531334.0,3267.0,America/Los_Angeles,2004,9,3
2004-09-04,143,Unhealthy for Sensitive Groups,Ozone,19,Los Angeles,California,34.1141,-118.4068,12531334.0,3267.0,America/Los_Angeles,2004,9,4
2004-09-05,185,Unhealthy,Ozone,19,Los Angeles,California,34.1141,-118.4068,12531334.0,3267.0,America/Los_Angeles,2004,9,5
2004-09-06,197,Unhealthy,Ozone,20,Los Angeles,California,34.1141,-118.4068,12531334.0,3267.0,America/Los_Angeles,2004,9,6
2004-09-07,169,Unhealthy,Ozone,19,Los Angeles,California,34.1141,-118.4068,12531334.0,3267.0,America/Los_Angeles,2004,9,7
2004-09-08,177,Unhealthy,Ozone,19,Los Angeles,California,34.1141,-118.4068,12531334.0,3267.0,America/Los_Angeles,2004,9,8
2004-09-09,133,Unhealthy for Sensitive Groups,Ozone,20,Los Angeles,California,34.1141,-118.4068,12531334.0,3267.0,America/Los_Angeles,2004,9,9
2004-09-10,169,Unhealthy,Ozone,19,Los Angeles,California,34.1141,-118.4068,12531334.0,3267.0,America/Los_Angeles,2004,9,10
2004-09-11,126,Unhealthy for Sensitive Groups,Ozone,19,Los Angeles,California,34.1141,-118.4068,12531334.0,3267.0,America/Los_Angeles,2004,9,11
2004-09-12,126,Unhealthy for Sensitive Groups,Ozone,20,Los Angeles,California,34.1141,-118.4068,12531334.0,3267.0,America/Los_Angeles,2004,9,12
2004-09-13,80,Moderate,Ozone,19,Los Angeles,California,34.1141,-118.4068,12531334.0,3267.0,America/Los_Angeles,2004,9,13
2004-09-14,136,Unhealthy for Sensitive Groups,Ozone,19,Los Angeles,California,34.1141,-118.4068,12531334.0,3267.0,America/Los_Angeles,2004,9,14
2004-09-15,154,Unhealthy,Ozone,20,Los Angeles,California,34.1141,-118.4068,12531334.0,3267.0,America/Los_Angeles,2004,9,15
2004-09-16,140,Unhealthy for Sensitive Groups,Ozone,19,Los Angeles,California,34.1141,-118.4068,12531334.0,3267.0,America/Los_Angeles,2004,9,16
2004-09-17,133,Unhealthy for Sensitive Groups,Ozone,19,Los Angeles,California,34.1141,-118.4068,12531334.0,3267.0,America/Los_Angeles,2004,9,17
2004-09-18,129,Unhealthy for Sensitive Groups,Ozone,20,Los Angeles,California,34.1141,-118.4068,12531334.0,3267.0,America/Los_Angeles,2004,9,18
2004-09-19,67,Moderate,Ozone,19,Los Angeles,California,34.1141,-118.4068,12531334.0,3267.0,America/Los_Angeles,2004,9,19
2004-09-20,80,Moderate,Ozone,19,Los Angeles,California,34.1141,-118.4068,12531334.0,3267.0,America/Los_Angeles,2004,9,20
2004-09-21,69,Moderate,NO2,20,Los Angeles,California,34.1141,-118.4068,12531334.0,3267.0,America/Los_Angeles,2004,9,21
2004-09-22,64,Moderate,Ozone,19,Los Angeles,California,34.1141,-118.4068,12531334.0,3267.0,America/Los_Angeles,2004,9,22
2004-09-23,115,Unhealthy for Sensitive Groups,Ozone,19,Los Angeles,California,34.1141,-118.4068,12531334.0,3267.0,America/Los_Angeles,2004,9,23
2004-09-24,102,Unhealthy for Sensitive Groups,NO2,20,Los Angeles,California,34.1141,-118.4068,12531334.0,3267.0,America/Los_Angeles,2004,9,24
2004-09-25,156,Unhealthy,Ozone,18,Los Angeles,California,34.1141,-118.4068,12531334.0,3267.0,America/Los_Angeles,2004,9,25
2004-09-26,195,Unhealthy,Ozone,19,Los Angeles,California,34.1141,-118.4068,12531334.0,3267.0,America/Los_Angeles,2004,9,26
2004-09-27,157,Unhealthy,PM2.5,19,Los Angeles,California,34.1141,-118.4068,12531334.0,3267.0,America/Los_Angeles,2004,9,27
2004-09-28,92,Moderate,PM2.5,18,Los Angeles,California,34.1141,-118.4068,12531334.0,3267.0,America/Los_Angeles,2004,9,28
2004-09-29,77,Moderate,Ozone,19,Los Angeles,California,34.1141,-118.4068,12531334.0,3267.0,America/Los_Angeles,2004,9,29
2004-09-30,74,Moderate,Ozone,20,Los Angeles,California,34.1141,-118.4068,12531334.0,3267.0,America/Los_Angeles,2004,9,30
2004-10-01,101,Unhealthy for Sensitive Groups,Ozone,19,Los Angeles,California,34.1141,-118.4068,12531334.0,3267.0,America/Los_Angeles,2004,10,1
2004-10-02,93,Moderate,Ozone,19,Los Angeles,California,34.1141,-118.4068,12531334.0,3267.0,America/Los_Angeles,2004,10,2
2004-10-03,156,Unhealthy,Ozone,20,Los Angeles,California,34.1141,-118.4068,12531334.0,3267.0,America/Los_Angeles,2004,10,3
2004-10-04,95,Moderate,PM2.5,19,Los Angeles,California,34.1141,-118.4068,12531334.0,3267.0,America/Los_Angeles,2004,10,4
2004-10-05,89,Moderate,PM2.5,19,Los Angeles,California,34.1141,-118.4068,12531334.0,3267.0,America/Los_Angeles,2004,10,5
2004-10-06,154,Unhealthy,PM2.5,20,Los Angeles,California,34.1141,-118.4068,12531334.0,3267.0,America/Los_Angeles,2004,10,6
2004-10-07,159,Unhealthy,Ozone,19,Los Angeles,California,34.1141,-118.4068,12531334.0,3267.0,America/Los_Angeles,2004,10,7
2004-10-08,155,Unhealthy,PM2.5,19,Los Angeles,California,34.1141,-118.4068,12531334.0,3267.0,America/Los_Angeles,2004,10,8
2004-10-09,150,Unhealthy for Sensitive Groups,Ozone,20,Los Angeles,California,34.1141,-118.4068,12531334.0,3267.0,America/Los_Angeles,2004,10,9
2004-10-10,80,Moderate,Ozone,19,Los Angeles,California,34.1141,-118.4068,12531334.0,3267.0,America/Los_Angeles,2004,10,10
2004-10-11,71,Moderate,PM2.5,19,Los Angeles,California,34.1141,-118.4068,12531334.0,3267.0,America/Los_Angeles,2004,10,11
2004-10-12,80,Moderate,NO2,20,Los Angeles,California,34.1141,-118.4068,12531334.0,3267.0,America/Los_Angeles,2004,10,12
2004-10-13,77,Moderate,PM2.5,19,Los Angeles,California,34.1141,-118.4068,12531334.0,3267.0,America/Los_Angeles,2004,10,13
2004-10-14,83,Moderate,NO2,19,Los Angeles,California,34.1141,-118.4068,12531334.0,3267.0,America/Los_Angeles,2004,10,14
2004-10-15,118,Unhealthy for Sensitive Groups,PM2.5,20,Los Angeles,California,34.1141,-118.4068,12531334.0,3267.0,America/Los_Angeles,2004,10,15
2004-10-16,90,Moderate,Ozone,19,Los Angeles,California,34.1141,-118.4068,12531334.0,3267.0,America/Los_Angeles,2004,10,16
2004-10-17,47,Good,Ozone,19,Los Angeles,California,34.1141,-118.4068,12531334.0,3267.0,America/Los_Angeles,2004,10,17
2004-10-18,52,Moderate,PM2.5,20,Los Angeles,California,34.1141,-118.4068,12531334.0,3267.0,America/Los_Angeles,2004,10,18
2004-10-19,45,Good,Ozone,19,Los Angeles,California,34.1141,-118.4068,12531334.0,3267.0,America/Los_Angeles,2004,10,19
2004-10-20,48,Good,Ozone,19,Los Angeles,California,34.1141,-118.4068,12531334.0,3267.0,America/Los_Angeles,2004,10,20
2004-10-21,51,Moderate,PM2.5,20,Los Angeles,California,34.1141,-118.4068,12531334.0,3267.0,America/Los_Angeles,2004,10,21
2004-10-22,67,Moderate,Ozone,19,Los Angeles,California,34.1141,-118.4068,12531334.0,3267.0,America/Los_Angeles,2004,10,22
2004-10-23,80,Moderate,Ozone,19,Los Angeles,California,34.1141,-118.4068,12531334.0,3267.0,America/Los_Angeles,2004,10,23
2004-10-24,119,Unhealthy for Sensitive Groups,Ozone,20,Los Angeles,California,34.1141,-118.4068,12531334.0,3267.0,America/Los_Angeles,2004,10,24
2004-10-25,64,Moderate,PM2.5,19,Los Angeles,California,34.1141,-118.4068,12531334.0,3267.0,America/Los_Angeles,2004,10,25
2004-10-26,108,Unhealthy for Sensitive Groups,NO2,19,Los Angeles,California,34.1141,-118.4068,12531334.0,3267.0,America/Los_Angeles,2004,10,26
2004-10-27,58,Moderate,Ozone,20,Los Angeles,California,34.1141,-118.4068,12531334.0,3267.0,America/Los_Angeles,2004,10,27
2004-10-28,49,Good,Ozone,19,Los Angeles,California,34.1141,-118.4068,12531334.0,3267.0,America/Los_Angeles,2004,10,28
2004-10-29,52,Moderate,NO2,19,Los Angeles,California,34.1141,-118.4068,12531334.0,3267.0,America/Los_Angeles,2004,10,29
2004-10-30,66,Moderate,PM2.5,20,Los Angeles,California,34.1141,-118.4068,12531334.0,3267.0,America/Los_Angeles,2004,10,30
2004-10-31,86,Moderate,PM2.5,19,Los Angeles,California,34.1141,-118.4068,12531334.0,3267.0,America/Los_Angeles,2004,10,31
2004-11-01,55,Moderate,NO2,18,Los Angeles,California,34.1141,-118.4068,12531334.0,3267.0,America/Los_Angeles,2004,11,1
2004-11-02,56,Moderate,PM2.5,19,Los Angeles,California,34.1141,-118.4068,12531334.0,3267.0,America/Los_Angeles,2004,11,2
2004-11-03,55,Moderate,PM2.5,19,Los Angeles,California,34.1141,-118.4068,12531334.0,3267.0,America/Los_Angeles,2004,11,3
2004-11-04,64,Moderate,Ozone,19,Los Angeles,California,34.1141,-118.4068,12531334.0,3267.0,America/Los_Angeles,2004,11,4
2004-11-05,67,Moderate,PM2.5,20,Los Angeles,California,34.1141,-118.4068,12531334.0,3267.0,America/Los_Angeles,2004,11,5
2004-11-06,62,Moderate,PM2.5,19,Los Angeles,California,34.1141,-118.4068,12531334.0,3267.0,America/Los_Angeles,2004,11,6
2004-11-07,61,Moderate,PM2.5,19,Los Angeles,California,34.1141,-118.4068,12531334.0,3267.0,America/Los_Angeles,2004,11,7
2004-11-08,73,Moderate,NO2,20,Los Angeles,California,34.1141,-118.4068,12531334.0,3267.0,America/Los_Angeles,2004,11,8
2004-11-09,53,Moderate,PM2.5,19,Los Angeles,California,34.1141,-118.4068,12531334.0,3267.0,America/Los_Angeles,2004,11,9
2004-11-10,67,Moderate,PM2.5,19,Los Angeles,California,34.1141,-118.4068,12531334.0,3267.0,America/Los_Angeles,2004,11,10
2004-11-11,69,Moderate,PM2.5,20,Los Angeles,California,34.1141,-118.4068,12531334.0,3267.0,America/Los_Angeles,2004,11,11
2004-11-12,63,Moderate,PM2.5,19,Los Angeles,California,34.1141,-118.4068,12531334.0,3267.0,America/Los_Angeles,2004,11,12
2004-11-13,64,Moderate,PM2.5,19,Los Angeles,California,34.1141,-118.4068,12531334.0,3267.0,America/Los_Angeles,2004,11,13
2004-11-14,70,Moderate,PM2.5,20,Los Angeles,California,34.1141,-118.4068,12531334.0,3267.0,America/Los_Angeles,2004,11,14
2004-11-15,60,Moderate,NO2,18,Los Angeles,California,34.1141,-118.4068,12531334.0,3267.0,America/Los_Angeles,2004,11,15
2004-11-16,69,Moderate,PM2.5,19,Los Angeles,California,34.1141,-118.4068,12531334.0,3267.0,America/Los_Angeles,2004,11,16
2004-11-17,106,Unhealthy for Sensitive Groups,PM2.5,20,Los Angeles,California,34.1141,-118.4068,12531334.0,3267.0,America/Los_Angeles,2004,11,17
2004-11-18,102,Unhealthy for Sensitive Groups,NO2,19,Los Angeles,California,34.1141,-118.4068,12531334.0,3267.0,America/Los_Angeles,2004,11,18
2004-11-19,142,Unhealthy for Sensitive Groups,PM2.5,19,Los Angeles,California,34.1141,-118.4068,12531334.0,3267.0,America/Los_Angeles,2004,11,19
2004-11-20,96,Moderate,PM2.5,20,Los Angeles,California,34.1141,-118.4068,12531334.0,3267.0,America/Los_Angeles,2004,11,20
2004-11-21,44,Good,Ozone,19,Los Angeles,California,34.1141,-118.4068,12531334.0,3267.0,America/Los_Angeles,2004,11,21
2004-11-22,54,Moderate,PM2.5,19,Los Angeles,California,34.1141,-118.4068,12531334.0,3267.0,America/Los_Angeles,2004,11,22
2004-11-23,76,Moderate,PM2.5,20,Los Angeles,California,34.1141,-118.4068,12531334.0,3267.0,America/Los_Angeles,2004,11,23
2004-11-24,93,Moderate,PM2.5,19,Los Angeles,California,34.1141,-118.4068,12531334.0,3267.0,America/Los_Angeles,2004,11,24
2004-11-25,120,Unhealthy for Sensitive Groups,PM2.5,19,Los Angeles,California,34.1141,-118.4068,12531334.0,3267.0,America/Los_Angeles,2004,11,25
2004-11-26,137,Unhealthy for Sensitive Groups,PM2.5,20,Los Angeles,California,34.1141,-118.4068,12531334.0,3267.0,America/Los_Angeles,2004,11,26
2004-11-27,95,Moderate,PM2.5,19,Los Angeles,California,34.1141,-118.4068,12531334.0,3267.0,America/Los_Angeles,2004,11,27
2004-11-28,44,Good,Ozone,19,Los Angeles,California,34.1141,-118.4068,12531334.0,3267.0,America/Los_Angeles,2004,11,28
2004-11-29,61,Moderate,NO2,20,Los Angeles,California,34.1141,-118.4068,12531334.0,3267.0,America/Los_Angeles,2004,11,29
2004-11-30,68,Moderate,PM2.5,19,Los Angeles,California,34.1141,-118.4068,12531334.0,3267.0,America/Los_Angeles,2004,11,30
2004-12-01,83,Moderate,PM2.5,19,Los Angeles,California,34.1141,-118.4068,12531334.0,3267.0,America/Los_Angeles,2004,12,1
2004-12-02,74,Moderate,PM2.5,20,Los Angeles,California,34.1141,-118.4068,12531334.0,3267.0,America/Los_Angeles,2004,12,2
2004-12-03,67,Moderate,PM2.5,19,Los Angeles,California,34.1141,-118.4068,12531334.0,3267.0,America/Los_Angeles,2004,12,3
2004-12-04,88,Moderate,PM2.5,19,Los Angeles,California,34.1141,-118.4068,12531334.0,3267.0,America/Los_Angeles,2004,12,4
2004-12-05,68,Moderate,PM2.5,20,Los Angeles,California,34.1141,-118.4068,12531334.0,3267.0,America/Los_Angeles,2004,12,5
2004-12-06,77,Moderate,PM2.5,19,Los Angeles,California,34.1141,-118.4068,12531334.0,3267.0,America/Los_Angeles,2004,12,6
2004-12-07,62,Moderate,PM2.5,19,Los Angeles,California,34.1141,-118.4068,12531334.0,3267.0,America/Los_Angeles,2004,12,7
2004-12-08,64,Moderate,PM2.5,20,Los Angeles,California,34.1141,-118.4068,12531334.0,3267.0,America/Los_Angeles,2004,12,8
2004-12-09,96,Moderate,PM2.5,19,Los Angeles,California,34.1141,-118.4068,12531334.0,3267.0,America/Los_Angeles,2004,12,9
2004-12-10,97,Moderate,NO2,19,Los Angeles,California,34.1141,-118.4068,12531334.0,3267.0,America/Los_Angeles,2004,12,10
2004-12-11,68,Moderate,NO2,20,Los Angeles,California,34.1141,-118.4068,12531334.0,3267.0,America/Los_Angeles,2004,12,11
2004-12-12,96,Moderate,PM2.5,18,Los Angeles,California,34.1141,-118.4068,12531334.0,3267.0,America/Los_Angeles,2004,12,12
2004-12-13,111,Unhealthy for Sensitive Groups,PM2.5,18,Los Angeles,California,34.1141,-118.4068,12531334.0,3267.0,America/Los_Angeles,2004,12,13
2004-12-14,144,Unhealthy for Sensitive Groups,PM2.5,19,Los Angeles,California,34.1141,-118.4068,12531334.0,3267.0,America/Los_Angeles,2004,12,14
2004-12-15,91,Moderate,PM2.5,19,Los Angeles,California,34.1141,-118.4068,12531334.0,3267.0,America/Los_Angeles,2004,12,15
2004-12-16,99,Moderate,NO2,18,Los Angeles,California,34.1141,-118.4068,12531334.0,3267.0,America/Los_Angeles,2004,12,16
2004-12-17,90,Moderate,NO2,20,Los Angeles,California,34.1141,-118.4068,12531334.0,3267.0,America/Los_Angeles,2004,12,17
2004-12-18,69,Moderate,PM2.5,19,Los Angeles,California,34.1141,-118.4068,12531334.0,3267.0,America/Los_Angeles,2004,12,18
2004-12-19,50,Good,NO2,19,Los Angeles,California,34.1141,-118.4068,12531334.0,3267.0,America/Los_Angeles,2004,12,19
2004-12-20,74,Moderate,PM2.5,20,Los Angeles,California,34.1141,-118.4068,12531334.0,3267.0,America/Los_Angeles,2004,12,20
2004-12-21,78,Moderate,PM2.5,19,Los Angeles,California,34.1141,-118.4068,12531334.0,3267.0,America/Los_Angeles,2004,12,21
2004-12-22,90,Moderate,PM2.5,19,Los Angeles,California,34.1141,-118.4068,12531334.0,3267.0,America/Los_Angeles,2004,12,22
2004-12-23,70,Moderate,PM2.5,20,Los Angeles,California,34.1141,-118.4068,12531334.0,3267.0,America/Los_Angeles,2004,12,23
2004-12-24,75,Moderate,PM2.5,18,Los Angeles,California,34.1141,-118.4068,12531334.0,3267.0,America/Los_Angeles,2004,12,24
2004-12-25,116,Unhealthy for Sensitive Groups,PM2.5,19,Los Angeles,California,34.1141,-118.4068,12531334.0,3267.0,America/Los_Angeles,2004,12,25
2004-12-26,121,Unhealthy for Sensitive Groups,PM2.5,20,Los Angeles,California,34.1141,-118.4068,12531334.0,3267.0,America/Los_Angeles,2004,12,26
2004-12-27,76,Moderate,PM2.5,19,Los Angeles,California,34.1141,-118.4068,12531334.0,3267.0,America/Los_Angeles,2004,12,27
2004-12-28,44,Good,Ozone,19,Los Angeles,California,34.1141,-118.4068,12531334.0,3267.0,America/Los_Angeles,2004,12,28
2004-12-29,46,Good,NO2,20,Los Angeles,California,34.1141,-118.4068,12531334.0,3267.0,America/Los_Angeles,2004,12,29
2004-12-30,51,Moderate,PM2.5,19,Los Angeles,California,34.1141,-118.4068,12531334.0,3267.0,America/Los_Angeles,2004,12,30
2004-12-31,60,Moderate,PM2.5,19,Los Angeles,California,34.1141,-118.4068,12531334.0,3267.0,America/Los_Angeles,2004,12,31
2005-01-01,117,Unhealthy for Sensitive Groups,PM2.5,20,Los Angeles,California,34.1141,-118.4068,12531334.0,3267.0,America/Los_Angeles,2005,1,1
2005-01-02,68,Moderate,PM2.5,19,Los Angeles,California,34.1141,-118.4068,12531334.0,3267.0,America/Los_Angeles,2005,1,2
2005-01-03,40,Good,NO2,19,Los Angeles,California,34.1141,-118.4068,12531334.0,3267.0,America/Los_Angeles,2005,1,3
2005-01-04,63,Moderate,PM2.5,19,Los Angeles,California,34.1141,-118.4068,12531334.0,3267.0,America/Los_Angeles,2005,1,4
2005-01-05,55,Moderate,PM2.5,19,Los Angeles,California,34.1141,-118.4068,12531334.0,3267.0,America/Los_Angeles,2005,1,5
2005-01-06,73,Moderate,PM2.5,19,Los Angeles,California,34.1141,-118.4068,12531334.0,3267.0,America/Los_Angeles,2005,1,6
2005-01-07,57,Moderate,PM2.5,19,Los Angeles,California,34.1141,-118.4068,12531334.0,3267.0,America/Los_Angeles,2005,1,7
2005-01-08,42,Good,Ozone,19,Los Angeles,California,34.1141,-118.4068,12531334.0,3267.0,America/Los_Angeles,2005,1,8
2005-01-09,38,Good,Ozone,19,Los Angeles,California,34.1141,-118.4068,12531334.0,3267.0,America/Los_Angeles,2005,1,9
2005-01-10,40,Good,Ozone,19,Los Angeles,California,34.1141,-118.4068,12531334.0,3267.0,America/Los_Angeles,2005,1,10
2005-01-11,49,Good,Ozone,19,Los Angeles,California,34.1141,-118.4068,12531334.0,3267.0,America/Los_Angeles,2005,1,11
2005-01-12,55,Moderate,PM2.5,19,Los Angeles,California,34.1141,-118.4068,12531334.0,3267.0,America/Los_Angeles,2005,1,12
2005-01-13,88,Moderate,PM2.5,20,Los Angeles,California,34.1141,-118.4068,12531334.0,3267.0,America/Los_Angeles,2005,1,13
2005-01-14,81,Moderate,PM2.5,19,Los Angeles,California,34.1141,-118.4068,12531334.0,3267.0,America/Los_Angeles,2005,1,14
2005-01-15,80,Moderate,PM2.5,19,Los Angeles,California,34.1141,-118.4068,12531334.0,3267.0,America/Los_Angeles,2005,1,15
2005-01-16,63,Moderate,PM2.5,20,Los Angeles,California,34.1141,-118.4068,12531334.0,3267.0,America/Los_Angeles,2005,1,16
2005-01-17,62,Moderate,NO2,19,Los Angeles,California,34.1141,-118.4068,12531334.0,3267.0,America/Los_Angeles,2005,1,17
2005-01-18,65,Moderate,NO2,19,Los Angeles,California,34.1141,-118.4068,12531334.0,3267.0,America/Los_Angeles,2005,1,18
2005-01-19,69,Moderate,NO2,20,Los Angeles,California,34.1141,-118.4068,12531334.0,3267.0,America/Los_Angeles,2005,1,19
2005-01-20,62,Moderate,NO2,19,Los Angeles,California,34.1141,-118.4068,12531334.0,3267.0,America/Los_Angeles,2005,1,20
2005-01-21,84,Moderate,PM2.5,19,Los Angeles,California,34.1141,-118.4068,12531334.0,3267.0,America/Los_Angeles,2005,1,21
2005-01-22,155,Unhealthy,PM2.5,19,Los Angeles,California,34.1141,-118.4068,12531334.0,3267.0,America/Los_Angeles,2005,1,22
2005-01-23,106,Unhealthy for Sensitive Groups,PM2.5,19,Los Angeles,California,34.1141,-118.4068,12531334.0,3267.0,America/Los_Angeles,2005,1,23
2005-01-24,119,Unhealthy for Sensitive Groups,PM2.5,19,Los Angeles,California,34.1141,-118.4068,12531334.0,3267.0,America/Los_Angeles,2005,1,24
2005-01-25,99,Moderate,PM2.5,19,Los Angeles,California,34.1141,-118.4068,12531334.0,3267.0,America/Los_Angeles,2005,1,25
2005-01-26,59,Moderate,PM2.5,19,Los Angeles,California,34.1141,-118.4068,12531334.0,3267.0,America/Los_Angeles,2005,1,26
2005-01-27,45,Good,NO2,19,Los Angeles,California,34.1141,-118.4068,12531334.0,3267.0,America/Los_Angeles,2005,1,27
2005-01-28,55,Moderate,PM2.5,19,Los Angeles,California,34.1141,-118.4068,12531334.0,3267.0,America/Los_Angeles,2005,1,28
2005-01-29,40,Good,Ozone,19,Los Angeles,California,34.1141,-118.4068,12531334.0,3267.0,America/Los_Angeles,2005,1,29
2005-01-30,56,Moderate,PM2.5,19,Los Angeles,California,34.1141,-118.4068,12531334.0,3267.0,America/Los_Angeles,2005,1,30
2005-01-31,61,Moderate,PM2.5,19,Los Angeles,California,34.1141,-118.4068,12531334.0,3267.0,America/Los_Angeles,2005,1,31
2005-02-01,65,Moderate,CO,19,Los Angeles,California,34.1141,-118.4068,12531334.0,3267.0,America/Los_Angeles,2005,2,1
2005-02-02,61,Moderate,NO2,19,Los Angeles,California,34.1141,-118.4068,12531334.0,3267.0,America/Los_Angeles,2005,2,2
2005-02-03,65,Moderate,NO2,20,Los Angeles,California,34.1141,-118.4068,12531334.0,3267.0,America/Los_Angeles,2005,2,3
2005-02-04,58,Moderate,NO2,19,Los Angeles,California,34.1141,-118.4068,12531334.0,3267.0,America/Los_Angeles,2005,2,4
2005-02-05,76,Moderate,NO2,19,Los Angeles,California,34.1141,-118.4068,12531334.0,3267.0,America/Los_Angeles,2005,2,5
2005-02-06,63,Moderate,PM2.5,20,Los Angeles,California,34.1141,-118.4068,12531334.0,3267.0,America/Los_Angeles,2005,2,6
2005-02-07,59,Moderate,PM2.5,19,Los Angeles,California,34.1141,-118.4068,12531334.0,3267.0,America/Los_Angeles,2005,2,7
2005-02-08,65,Moderate,PM2.5,19,Los Angeles,California,34.1141,-118.4068,12531334.0,3267.0,America/Los_Angeles,2005,2,8
2005-02-09,74,Moderate,PM2.5,20,Los Angeles,California,34.1141,-118.4068,12531334.0,3267.0,America/Los_Angeles,2005,2,9
2005-02-10,49,Good,NO2,19,Los Angeles,California,34.1141,-118.4068,12531334.0,3267.0,America/Los_Angeles,2005,2,10
2005-02-11,42,Good,Ozone,19,Los Angeles,California,34.1141,-118.4068,12531334.0,3267.0,America/Los_Angeles,2005,2,11
2005-02-12,43,Good,Ozone,20,Los Angeles,California,34.1141,-118.4068,12531334.0,3267.0,America/Los_Angeles,2005,2,12
2005-02-13,56,Moderate,PM2.5,19,Los Angeles,California,34.1141,-118.4068,12531334.0,3267.0,America/Los_Angeles,2005,2,13
2005-02-14,42,Good,NO2,19,Los Angeles,California,34.1141,-118.4068,12531334.0,3267.0,America/Los_Angeles,2005,2,14
2005-02-15,61,Moderate,PM2.5,20,Los Angeles,California,34.1141,-118.4068,12531334.0,3267.0,America/Los_Angeles,2005,2,15
2005-02-16,84,Moderate,PM2.5,19,Los Angeles,California,34.1141,-118.4068,12531334.0,3267.0,America/Los_Angeles,2005,2,16
2005-02-17,52,Moderate,PM2.5,19,Los Angeles,California,34.1141,-118.4068,12531334.0,3267.0,America/Los_Angeles,2005,2,17
2005-02-18,44,Good,Ozone,19,Los Angeles,California,34.1141,-118.4068,12531334.0,3267.0,America/Los_Angeles,2005,2,18
2005-02-19,47,Good,Ozone,19,Los Angeles,California,34.1141,-118.4068,12531334.0,3267.0,America/Los_Angeles,2005,2,19
2005-02-20,44,Good,Ozone,19,Los Angeles,California,34.1141,-118.4068,12531334.0,3267.0,America/Los_Angeles,2005,2,20
2005-02-21,43,Good,PM2.5,19,Los Angeles,California,34.1141,-118.4068,12531334.0,3267.0,America/Los_Angeles,2005,2,21
2005-02-22,44,Good,Ozone,19,Los Angeles,California,34.1141,-118.4068,12531334.0,3267.0,America/Los_Angeles,2005,2,22
2005-02-23,47,Good,Ozone,19,Los Angeles,California,34.1141,-118.4068,12531334.0,3267.0,America/Los_Angeles,2005,2,23
2005-02-24,75,Moderate,PM2.5,19,Los Angeles,California,34.1141,-118.4068,12531334.0,3267.0,America/Los_Angeles,2005,2,24
2005-02-25,92,Moderate,PM2.5,19,Los Angeles,California,34.1141,-118.4068,12531334.0,3267.0,America/Los_Angeles,2005,2,25
2005-02-26,61,Moderate,PM2.5,19,Los Angeles,California,34.1141,-118.4068,12531334.0,3267.0,America/Los_Angeles,2005,2,26
2005-02-27,56,Moderate,PM2.5,19,Los Angeles,California,34.1141,-118.4068,12531334.0,3267.0,America/Los_Angeles,2005,2,27
2005-02-28,50,Good,PM2.5,19,Los Angeles,California,34.1141,-118.4068,12531334.0,3267.0,America/Los_Angeles,2005,2,28
2005-03-01,48,Good,PM2.5,19,Los Angeles,California,34.1141,-118.4068,12531334.0,3267.0,America/Los_Angeles,2005,3,1
2005-03-02,45,Good,NO2,19,Los Angeles,California,34.1141,-118.4068,12531334.0,3267.0,America/Los_Angeles,2005,3,2
2005-03-03,43,Good,Ozone,19,Los Angeles,California,34.1141,-118.4068,12531334.0,3267.0,America/Los_Angeles,2005,3,3
2005-03-04,44,Good,Ozone,19,Los Angeles,California,34.1141,-118.4068,12531334.0,3267.0,America/Los_Angeles,2005,3,4
2005-03-05,50,Good,PM2.5,19,Los Angeles,California,34.1141,-118.4068,12531334.0,3267.0,America/Los_Angeles,2005,3,5
2005-03-06,70,Moderate,PM2.5,19,Los Angeles,California,34.1141,-118.4068,12531334.0,3267.0,America/Los_Angeles,2005,3,6
2005-03-07,98,Moderate,PM2.5,19,Los Angeles,California,34.1141,-118.4068,12531334.0,3267.0,America/Los_Angeles,2005,3,7
2005-03-08,148,Unhealthy for Sensitive Groups,PM2.5,19,Los Angeles,California,34.1141,-118.4068,12531334.0,3267.0,America/Los_Angeles,2005,3,8
2005-03-09,144,Unhealthy for Sensitive Groups,PM2.5,19,Los Angeles,California,34.1141,-118.4068,12531334.0,3267.0,America/Los_Angeles,2005,3,9
2005-03-10,160,Unhealthy,PM2.5,19,Los Angeles,California,34.1141,-118.4068,12531334.0,3267.0,America/Los_Angeles,2005,3,10
2005-03-11,163,Unhealthy,PM2.5,20,Los Angeles,California,34.1141,-118.4068,12531334.0,3267.0,America/Los_Angeles,2005,3,11
2005-03-12,106,Unhealthy for Sensitive Groups,PM2.5,19,Los Angeles,California,34.1141,-118.4068,12531334.0,3267.0,America/Los_Angeles,2005,3,12
2005-03-13,69,Moderate,PM2.5,19,Los Angeles,California,34.1141,-118.4068,12531334.0,3267.0,America/Los_Angeles,2005,3,13
2005-03-14,56,Moderate,PM2.5,20,Los Angeles,California,34.1141,-118.4068,12531334.0,3267.0,America/Los_Angeles,2005,3,14
2005-03-15,56,Moderate,NO2,19,Los Angeles,California,34.1141,-118.4068,12531334.0,3267.0,America/Los_Angeles,2005,3,15
2005-03-16,63,Moderate,NO2,19,Los Angeles,California,34.1141,-118.4068,12531334.0,3267.0,America/Los_Angeles,2005,3,16
2005-03-17,76,Moderate,PM2.5,20,Los Angeles,California,34.1141,-118.4068,12531334.0,3267.0,America/Los_Angeles,2005,3,17
2005-03-18,58,Moderate,PM2.5,19,Los Angeles,California,34.1141,-118.4068,12531334.0,3267.0,America/Los_Angeles,2005,3,18
2005-03-19,48,Good,PM2.5,19,Los Angeles,California,34.1141,-118.4068,12531334.0,3267.0,America/Los_Angeles,2005,3,19
2005-03-20,48,Good,Ozone,20,Los Angeles,California,34.1141,-118.4068,12531334.0,3267.0,America/Los_Angeles,2005,3,20
2005-03-21,45,Good,Ozone,19,Los Angeles,California,34.1141,-118.4068,12531334.0,3267.0,America/Los_Angeles,2005,3,21
2005-03-22,42,Good,Ozone,19,Los Angeles,California,34.1141,-118.4068,12531334.0,3267.0,America/Los_Angeles,2005,3,22
2005-03-23,46,Good,Ozone,20,Los Angeles,California,34.1141,-118.4068,12531334.0,3267.0,America/Los_Angeles,2005,3,23
2005-03-24,45,Good,Ozone,19,Los Angeles,California,34.1141,-118.4068,12531334.0,3267.0,America/Los_Angeles,2005,3,24
2005-03-25,49,Good,Ozone,19,Los Angeles,California,34.1141,-118.4068,12531334.0,3267.0,America/Los_Angeles,2005,3,25
2005-03-26,58,Moderate,PM2.5,20,Los Angeles,California,34.1141,-118.4068,12531334.0,3267.0,America/Los_Angeles,2005,3,26
2005-03-27,67,Moderate,Ozone,19,Los Angeles,California,34.1141,-118.4068,12531334.0,3267.0,America/Los_Angeles,2005,3,27
2005-03-28,46,Good,Ozone,19,Los Angeles,California,34.1141,-118.4068,12531334.0,3267.0,America/Los_Angeles,2005,3,28
2005-03-29,49,Good,Ozone,20,Los Angeles,California,34.1141,-118.4068,12531334.0,3267.0,America/Los_Angeles,2005,3,29
2005-03-30,54,Moderate,NO2,19,Los Angeles,California,34.1141,-118.4068,12531334.0,3267.0,America/Los_Angeles,2005,3,30
2005-03-31,76,Moderate,NO2,19,Los Angeles,California,34.1141,-118.4068,12531334.0,3267.0,America/Los_Angeles,2005,3,31
2005-04-01,60,Moderate,NO2,20,Los Angeles,California,34.1141,-118.4068,12531334.0,3267.0,America/Los_Angeles,2005,4,1
2005-04-02,101,Unhealthy for Sensitive Groups,Ozone,19,Los Angeles,California,34.1141,-118.4068,12531334.0,3267.0,America/Los_Angeles,2005,4,2
2005-04-03,87,Moderate,Ozone,19,Los Angeles,California,34.1141,-118.4068,12531334.0,3267.0,America/Los_Angeles,2005,4,3
2005-04-04,54,Moderate,Ozone,20,Los Angeles,California,34.1141,-118.4068,12531334.0,3267.0,America/Los_Angeles,2005,4,4
2005-04-05,74,Moderate,Ozone,19,Los Angeles,California,34.1141,-118.4068,12531334.0,3267.0,America/Los_Angeles,2005,4,5
2005-04-06,90,Moderate,Ozone,19,Los Angeles,California,34.1141,-118.4068,12531334.0,3267.0,America/Los_Angeles,2005,4,6
2005-04-07,55,Moderate,PM2.5,20,Los Angeles,California,34.1141,-118.4068,12531334.0,3267.0,America/Los_Angeles,2005,4,7
2005-04-08,47,Good,NO2,19,Los Angeles,California,34.1141,-118.4068,12531334.0,3267.0,America/Los_Angeles,2005,4,8
2005-04-09,49,Good,Ozone,19,Los Angeles,California,34.1141,-118.4068,12531334.0,3267.0,America/Los_Angeles,2005,4,9
2005-04-10,64,Moderate,Ozone,20,Los Angeles,California,34.1141,-118.4068,12531334.0,3267.0,America/Los_Angeles,2005,4,10
2005-04-11,62,Moderate,NO2,19,Los Angeles,California,34.1141,-118.4068,12531334.0,3267.0,America/Los_Angeles,2005,4,11
2005-04-12,97,Moderate,Ozone,19,Los Angeles,California,34.1141,-118.4068,12531334.0,3267.0,America/Los_Angeles,2005,4,12
2005-04-13,70,Moderate,PM2.5,20,Los Angeles,California,34.1141,-118.4068,12531334.0,3267.0,America/Los_Angeles,2005,4,13
2005-04-14,71,Moderate,Ozone,19,Los Angeles,California,34.1141,-118.4068,12531334.0,3267.0,America/Los_Angeles,2005,4,14
2005-04-15,90,Moderate,Ozone,19,Los Angeles,California,34.1141,-118.4068,12531334.0,3267.0,America/Los_Angeles,2005,4,15
2005-04-16,164,Unhealthy,Ozone,20,Los Angeles,California,34.1141,-118.4068,12531334.0,3267.0,America/Los_Angeles,2005,4,16
2005-04-17,177,Unhealthy,Ozone,19,Los Angeles,California,34.1141,-118.4068,12531334.0,3267.0,America/Los_Angeles,2005,4,17
2005-04-18,90,Moderate,Ozone,19,Los Angeles,California,34.1141,-118.4068,12531334.0,3267.0,America/Los_Angeles,2005,4,18
2005-04-19,57,Moderate,PM2.5,19,Los Angeles,California,34.1141,-118.4068,12531334.0,3267.0,America/Los_Angeles,2005,4,19
2005-04-20,64,Moderate,Ozone,18,Los Angeles,California,34.1141,-118.4068,12531334.0,3267.0,America/Los_Angeles,2005,4,20
2005-04-21,100,Moderate,Ozone,18,Los Angeles,California,34.1141,-118.4068,12531334.0,3267.0,America/Los_Angeles,2005,4,21
2005-04-22,68,Moderate,NO2,20,Los Angeles,California,34.1141,-118.4068,12531334.0,3267.0,America/Los_Angeles,2005,4,22
2005-04-23,46,Good,NO2,19,Los Angeles,California,34.1141,-118.4068,12531334.0,3267.0,America/Los_Angeles,2005,4,23
2005-04-24,41,Good,Ozone,19,Los Angeles,California,34.1141,-118.4068,12531334.0,3267.0,America/Los_Angeles,2005,4,24
2005-04-25,51,Moderate,Ozone,20,Los Angeles,California,34.1141,-118.4068,12531334.0,3267.0,America/Los_Angeles,2005,4,25
2005-04-26,92,Moderate,PM2.5,19,Los Angeles,California,34.1141,-118.4068,12531334.0,3267.0,America/Los_Angeles,2005,4,26
2005-04-27,49,Good,Ozone,18,Los Angeles,California,34.1141,-118.4068,12531334.0,3267.0,America/Los_Angeles,2005,4,27
2005-04-28,45,Good,Ozone,19,Los Angeles,California,34.1141,-118.4068,12531334.0,3267.0,America/Los_Angeles,2005,4,28
2005-04-29,50,Good,Ozone,18,Los Angeles,California,34.1141,-118.4068,12531334.0,3267.0,America/Los_Angeles,2005,4,29
2005-04-30,61,Moderate,Ozone,18,Los Angeles,California,34.1141,-118.4068,12531334.0,3267.0,America/Los_Angeles,2005,4,30
2005-05-01,61,Moderate,Ozone,19,Los Angeles,California,34.1141,-118.4068,12531334.0,3267.0,America/Los_Angeles,2005,5,1
2005-05-02,58,Moderate,Ozone,18,Los Angeles,California,34.1141,-118.4068,12531334.0,3267.0,America/Los_Angeles,2005,5,2
2005-05-03,74,Moderate,Ozone,18,Los Angeles,California,34.1141,-118.4068,12531334.0,3267.0,America/Los_Angeles,2005,5,3
2005-05-04,93,Moderate,Ozone,19,Los Angeles,California,34.1141,-118.4068,12531334.0,3267.0,America/Los_Angeles,2005,5,4
2005-05-05,42,Good,Ozone,18,Los Angeles,California,34.1141,-118.4068,12531334.0,3267.0,America/Los_Angeles,2005,5,5
2005-05-06,42,Good,Ozone,18,Los Angeles,California,34.1141,-118.4068,12531334.0,3267.0,America/Los_Angeles,2005,5,6
2005-05-07,46,Good,Ozone,19,Los Angeles,California,34.1141,-118.4068,12531334.0,3267.0,America/Los_Angeles,2005,5,7
2005-05-08,46,Good,Ozone,18,Los Angeles,California,34.1141,-118.4068,12531334.0,3267.0,America/Los_Angeles,2005,5,8
2005-05-09,40,Good,Ozone,18,Los Angeles,California,34.1141,-118.4068,12531334.0,3267.0,America/Los_Angeles,2005,5,9
2005-05-10,47,Good,Ozone,19,Los Angeles,California,34.1141,-118.4068,12531334.0,3267.0,America/Los_Angeles,2005,5,10
2005-05-11,54,Moderate,Ozone,18,Los Angeles,California,34.1141,-118.4068,12531334.0,3267.0,America/Los_Angeles,2005,5,11
2005-05-12,101,Unhealthy for Sensitive Groups,Ozone,18,Los Angeles,California,34.1141,-118.4068,12531334.0,3267.0,America/Los_Angeles,2005,5,12
2005-05-13,147,Unhealthy for Sensitive Groups,Ozone,19,Los Angeles,California,34.1141,-118.4068,12531334.0,3267.0,America/Los_Angeles,2005,5,13
2005-05-14,174,Unhealthy,Ozone,18,Los Angeles,California,34.1141,-118.4068,12531334.0,3267.0,America/Los_Angeles,2005,5,14
2005-05-15,182,Unhealthy,Ozone,18,Los Angeles,California,34.1141,-118.4068,12531334.0,3267.0,America/Los_Angeles,2005,5,15
2005-05-16,71,Moderate,PM2.5,19,Los Angeles,California,34.1141,-118.4068,12531334.0,3267.0,America/Los_Angeles,2005,5,16
2005-05-17,61,Moderate,Ozone,18,Los Angeles,California,34.1141,-118.4068,12531334.0,3267.0,America/Los_Angeles,2005,5,17
2005-05-18,93,Moderate,Ozone,18,Los Angeles,California,34.1141,-118.4068,12531334.0,3267.0,America/Los_Angeles,2005,5,18
2005-05-19,108,Unhealthy for Sensitive Groups,Ozone,19,Los Angeles,California,34.1141,-118.4068,12531334.0,3267.0,America/Los_Angeles,2005,5,19
2005-05-20,74,Moderate,Ozone,18,Los Angeles,California,34.1141,-118.4068,12531334.0,3267.0,America/Los_Angeles,2005,5,20
2005-05-21,154,Unhealthy,Ozone,18,Los Angeles,California,34.1141,-118.4068,12531334.0,3267.0,America/Los_Angeles,2005,5,21
2005-05-22,226,Very Unhealthy,Ozone,19,Los Angeles,California,34.1141,-118.4068,12531334.0,3267.0,America/Los_Angeles,2005,5,22
2005-05-23,174,Unhealthy,Ozone,18,Los Angeles,California,34.1141,-118.4068,12531334.0,3267.0,America/Los_Angeles,2005,5,23
2005-05-24,140,Unhealthy for Sensitive Groups,Ozone,18,Los Angeles,California,34.1141,-118.4068,12531334.0,3267.0,America/Los_Angeles,2005,5,24
2005-05-25,166,Unhealthy,Ozone,19,Los Angeles,California,34.1141,-118.4068,12531334.0,3267.0,America/Los_Angeles,2005,5,25
2005-05-26,166,Unhealthy,Ozone,18,Los Angeles,California,34.1141,-118.4068,12531334.0,3267.0,America/Los_Angeles,2005,5,26
2005-05-27,172,Unhealthy,Ozone,18,Los Angeles,California,34.1141,-118.4068,12531334.0,3267.0,America/Los_Angeles,2005,5,27
2005-05-28,147,Unhealthy for Sensitive Groups,Ozone,19,Los Angeles,California,34.1141,-118.4068,12531334.0,3267.0,America/Los_Angeles,2005,5,28
2005-05-29,80,Moderate,Ozone,18,Los Angeles,California,34.1141,-118.4068,12531334.0,3267.0,America/Los_Angeles,2005,5,29
2005-05-30,133,Unhealthy for Sensitive Groups,Ozone,18,Los Angeles,California,34.1141,-118.4068,12531334.0,3267.0,America/Los_Angeles,2005,5,30
2005-05-31,129,Unhealthy for Sensitive Groups,Ozone,19,Los Angeles,California,34.1141,-118.4068,12531334.0,3267.0,America/Los_Angeles,2005,5,31
2005-06-01,105,Unhealthy for Sensitive Groups,Ozone,18,Los Angeles,California,34.1141,-118.4068,12531334.0,3267.0,America/Los_Angeles,2005,6,1
2005-06-02,67,Moderate,Ozone,18,Los Angeles,California,34.1141,-118.4068,12531334.0,3267.0,America/Los_Angeles,2005,6,2
2005-06-03,87,Moderate,Ozone,19,Los Angeles,California,34.1141,-118.4068,12531334.0,3267.0,America/Los_Angeles,2005,6,3
2005-06-04,129,Unhealthy for Sensitive Groups,Ozone,18,Los Angeles,California,34.1141,-118.4068,12531334.0,3267.0,America/Los_Angeles,2005,6,4
2005-06-05,80,Moderate,Ozone,18,Los Angeles,California,34.1141,-118.4068,12531334.0,3267.0,America/Los_Angeles,2005,6,5
2005-06-06,80,Moderate,Ozone,19,Los Angeles,California,34.1141,-118.4068,12531334.0,3267.0,America/Los_Angeles,2005,6,6
2005-06-07,77,Moderate,Ozone,18,Los Angeles,California,34.1141,-118.4068,12531334.0,3267.0,America/Los_Angeles,2005,6,7
2005-06-08,67,Moderate,Ozone,18,Los Angeles,California,34.1141,-118.4068,12531334.0,3267.0,America/Los_Angeles,2005,6,8
2005-06-09,51,Moderate,PM2.5,19,Los Angeles,California,34.1141,-118.4068,12531334.0,3267.0,America/Los_Angeles,2005,6,9
2005-06-10,64,Moderate,PM2.5,18,Los Angeles,California,34.1141,-118.4068,12531334.0,3267.0,America/Los_Angeles,2005,6,10
2005-06-11,108,Unhealthy for Sensitive Groups,Ozone,18,Los Angeles,California,34.1141,-118.4068,12531334.0,3267.0,America/Los_Angeles,2005,6,11
2005-06-12,136,Unhealthy for Sensitive Groups,Ozone,19,Los Angeles,California,34.1141,-118.4068,12531334.0,3267.0,America/Los_Angeles,2005,6,12
2005-06-13,161,Unhealthy,Ozone,18,Los Angeles,California,34.1141,-118.4068,12531334.0,3267.0,America/Los_Angeles,2005,6,13
2005-06-14,154,Unhealthy,Ozone,17,Los Angeles,California,34.1141,-118.4068,12531334.0,3267.0,America/Los_Angeles,2005,6,14
2005-06-15,133,Unhealthy for Sensitive Groups,Ozone,19,Los Angeles,California,34.1141,-118.4068,12531334.0,3267.0,America/Los_Angeles,2005,6,15
2005-06-16,80,Moderate,Ozone,17,Los Angeles,California,34.1141,-118.4068,12531334.0,3267.0,America/Los_Angeles,2005,6,16
2005-06-17,40,Good,Ozone,18,Los Angeles,California,34.1141,-118.4068,12531334.0,3267.0,America/Los_Angeles,2005,6,17
2005-06-18,71,Moderate,Ozone,19,Los Angeles,California,34.1141,-118.4068,12531334.0,3267.0,America/Los_Angeles,2005,6,18
2005-06-19,119,Unhealthy for Sensitive Groups,Ozone,18,Los Angeles,California,34.1141,-118.4068,12531334.0,3267.0,America/Los_Angeles,2005,6,19
2005-06-20,93,Moderate,Ozone,18,Los Angeles,California,34.1141,-118.4068,12531334.0,3267.0,America/Los_Angeles,2005,6,20
2005-06-21,100,Moderate,Ozone,19,Los Angeles,California,34.1141,-118.4068,12531334.0,3267.0,America/Los_Angeles,2005,6,21
2005-06-22,77,Moderate,Ozone,18,Los Angeles,California,34.1141,-118.4068,12531334.0,3267.0,America/Los_Angeles,2005,6,22
2005-06-23,101,Unhealthy for Sensitive Groups,Ozone,18,Los Angeles,California,34.1141,-118.4068,12531334.0,3267.0,America/Los_Angeles,2005,6,23
2005-06-24,119,Unhealthy for Sensitive Groups,Ozone,19,Los Angeles,California,34.1141,-118.4068,12531334.0,3267.0,America/Los_Angeles,2005,6,24
2005-06-25,71,Moderate,Ozone,18,Los Angeles,California,34.1141,-118.4068,12531334.0,3267.0,America/Los_Angeles,2005,6,25
2005-06-26,122,Unhealthy for Sensitive Groups,Ozone,18,Los Angeles,California,34.1141,-118.4068,12531334.0,3267.0,America/Los_Angeles,2005,6,26
2005-06-27,115,Unhealthy for Sensitive Groups,Ozone,19,Los Angeles,California,34.1141,-118.4068,12531334.0,3267.0,America/Los_Angeles,2005,6,27
2005-06-28,119,Unhealthy for Sensitive Groups,Ozone,18,Los Angeles,California,34.1141,-118.4068,12531334.0,3267.0,America/Los_Angeles,2005,6,28
2005-06-29,177,Unhealthy,Ozone,17,Los Angeles,California,34.1141,-118.4068,12531334.0,3267.0,America/Los_Angeles,2005,6,29
2005-06-30,177,Unhealthy,Ozone,19,Los Angeles,California,34.1141,-118.4068,12531334.0,3267.0,America/Los_Angeles,2005,6,30
2005-07-01,203,Very Unhealthy,Ozone,18,Los Angeles,California,34.1141,-118.4068,12531334.0,3267.0,America/Los_Angeles,2005,7,1
2005-07-02,177,Unhealthy,Ozone,18,Los Angeles,California,34.1141,-118.4068,12531334.0,3267.0,America/Los_Angeles,2005,7,2
2005-07-03,179,Unhealthy,Ozone,19,Los Angeles,California,34.1141,-118.4068,12531334.0,3267.0,America/Los_Angeles,2005,7,3
2005-07-04,185,Unhealthy,Ozone,18,Los Angeles,California,34.1141,-118.4068,12531334.0,3267.0,America/Los_Angeles,2005,7,4
2005-07-05,191,Unhealthy,PM2.5,18,Los Angeles,California,34.1141,-118.4068,12531334.0,3267.0,America/Los_Angeles,2005,7,5
2005-07-06,161,Unhealthy,Ozone,19,Los Angeles,California,34.1141,-118.4068,12531334.0,3267.0,America/Los_Angeles,2005,7,6
2005-07-07,161,Unhealthy,Ozone,18,Los Angeles,California,34.1141,-118.4068,12531334.0,3267.0,America/Los_Angeles,2005,7,7
2005-07-08,105,Unhealthy for Sensitive Groups,Ozone,18,Los Angeles,California,34.1141,-118.4068,12531334.0,3267.0,America/Los_Angeles,2005,7,8
2005-07-09,197,Unhealthy,Ozone,19,Los Angeles,California,34.1141,-118.4068,12531334.0,3267.0,America/Los_Angeles,2005,7,9
2005-07-10,202,Very Unhealthy,Ozone,18,Los Angeles,California,34.1141,-118.4068,12531334.0,3267.0,America/Los_Angeles,2005,7,10
2005-07-11,136,Unhealthy for Sensitive Groups,Ozone,18,Los Angeles,California,34.1141,-118.4068,12531334.0,3267.0,America/Los_Angeles,2005,7,11
2005-07-12,159,Unhealthy,Ozone,19,Los Angeles,California,34.1141,-118.4068,12531334.0,3267.0,America/Los_Angeles,2005,7,12
2005-07-13,172,Unhealthy,Ozone,18,Los Angeles,California,34.1141,-118.4068,12531334.0,3267.0,America/Los_Angeles,2005,7,13
2005-07-14,97,Moderate,Ozone,17,Los Angeles,California,34.1141,-118.4068,12531334.0,3267.0,America/Los_Angeles,2005,7,14
2005-07-15,150,Unhealthy for Sensitive Groups,Ozone,18,Los Angeles,California,34.1141,-118.4068,12531334.0,3267.0,America/Los_Angeles,2005,7,15
2005-07-16,238,Very Unhealthy,Ozone,18,Los Angeles,California,34.1141,-118.4068,12531334.0,3267.0,America/Los_Angeles,2005,7,16
2005-07-17,238,Very Unhealthy,Ozone,18,Los Angeles,California,34.1141,-118.4068,12531334.0,3267.0,America/Los_Angeles,2005,7,17
2005-07-18,223,Very Unhealthy,Ozone,19,Los Angeles,California,34.1141,-118.4068,12531334.0,3267.0,America/Los_Angeles,2005,7,18
2005-07-19,200,Unhealthy,Ozone,18,Los Angeles,California,34.1141,-118.4068,12531334.0,3267.0,America/Los_Angeles,2005,7,19
2005-07-20,103,Unhealthy for Sensitive Groups,NO2,18,Los Angeles,California,34.1141,-118.4068,12531334.0,3267.0,America/Los_Angeles,2005,7,20
2005-07-21,129,Unhealthy for Sensitive Groups,Ozone,18,Los Angeles,California,34.1141,-118.4068,12531334.0,3267.0,America/Los_Angeles,2005,7,21
2005-07-22,129,Unhealthy for Sensitive Groups,Ozone,17,Los Angeles,California,34.1141,-118.4068,12531334.0,3267.0,America/Los_Angeles,2005,7,22
2005-07-23,151,Unhealthy,Ozone,17,Los Angeles,California,34.1141,-118.4068,12531334.0,3267.0,America/Los_Angeles,2005,7,23
2005-07-24,164,Unhealthy,Ozone,19,Los Angeles,California,34.1141,-118.4068,12531334.0,3267.0,America/Los_Angeles,2005,7,24
2005-07-25,177,Unhealthy,Ozone,18,Los Angeles,California,34.1141,-118.4068,12531334.0,3267.0,America/Los_Angeles,2005,7,25
2005-07-26,177,Unhealthy,Ozone,18,Los Angeles,California,34.1141,-118.4068,12531334.0,3267.0,America/Los_Angeles,2005,7,26
2005-07-27,159,Unhealthy,Ozone,19,Los Angeles,California,34.1141,-118.4068,12531334.0,3267.0,America/Los_Angeles,2005,7,27
2005-07-28,179,Unhealthy,Ozone,18,Los Angeles,California,34.1141,-118.4068,12531334.0,3267.0,America/Los_Angeles,2005,7,28
2005-07-29,140,Unhealthy for Sensitive Groups,Ozone,18,Los Angeles,California,34.1141,-118.4068,12531334.0,3267.0,America/Los_Angeles,2005,7,29
2005-07-30,156,Unhealthy,Ozone,19,Los Angeles,California,34.1141,-118.4068,12531334.0,3267.0,America/Los_Angeles,2005,7,30
2005-07-31,147,Unhealthy for Sensitive Groups,Ozone,18,Los Angeles,California,34.1141,-118.4068,12531334.0,3267.0,America/Los_Angeles,2005,7,31
2005-08-01,156,Unhealthy,Ozone,18,Los Angeles,California,34.1141,-118.4068,12531334.0,3267.0,America/Los_Angeles,2005,8,1
2005-08-02,172,Unhealthy,Ozone,19,Los Angeles,California,34.1141,-118.4068,12531334.0,3267.0,America/Los_Angeles,2005,8,2
2005-08-03,154,Unhealthy,Ozone,17,Los Angeles,California,34.1141,-118.4068,12531334.0,3267.0,America/Los_Angeles,2005,8,3
2005-08-04,202,Very Unhealthy,Ozone,17,Los Angeles,California,34.1141,-118.4068,12531334.0,3267.0,America/Los_Angeles,2005,8,4
2005-08-05,204,Very Unhealthy,Ozone,18,Los Angeles,California,34.1141,-118.4068,12531334.0,3267.0,America/Los_Angeles,2005,8,5
2005-08-06,214,Very Unhealthy,Ozone,18,Los Angeles,California,34.1141,-118.4068,12531334.0,3267.0,America/Los_Angeles,2005,8,6
2005-08-07,205,Very Unhealthy,Ozone,18,Los Angeles,California,34.1141,-118.4068,12531334.0,3267.0,America/Los_Angeles,2005,8,7
2005-08-08,150,Unhealthy for Sensitive Groups,Ozone,19,Los Angeles,California,34.1141,-118.4068,12531334.0,3267.0,America/Los_Angeles,2005,8,8
2005-08-09,126,Unhealthy for Sensitive Groups,Ozone,18,Los Angeles,California,34.1141,-118.4068,12531334.0,3267.0,America/Los_Angeles,2005,8,9
2005-08-10,140,Unhealthy for Sensitive Groups,Ozone,18,Los Angeles,California,34.1141,-118.4068,12531334.0,3267.0,America/Los_Angeles,2005,8,10
2005-08-11,169,Unhealthy,Ozone,19,Los Angeles,California,34.1141,-118.4068,12531334.0,3267.0,America/Los_Angeles,2005,8,11
2005-08-12,143,Unhealthy for Sensitive Groups,Ozone,18,Los Angeles,California,34.1141,-118.4068,12531334.0,3267.0,America/Los_Angeles,2005,8,12
2005-08-13,126,Unhealthy for Sensitive Groups,Ozone,18,Los Angeles,California,34.1141,-118.4068,12531334.0,3267.0,America/Los_Angeles,2005,8,13
2005-08-14,150,Unhealthy for Sensitive Groups,Ozone,19,Los Angeles,California,34.1141,-118.4068,12531334.0,3267.0,America/Los_Angeles,2005,8,14
2005-08-15,93,Moderate,Ozone,18,Los Angeles,California,34.1141,-118.4068,12531334.0,3267.0,America/Los_Angeles,2005,8,15
2005-08-16,97,Moderate,Ozone,18,Los Angeles,California,34.1141,-118.4068,12531334.0,3267.0,America/Los_Angeles,2005,8,16
2005-08-17,105,Unhealthy for Sensitive Groups,Ozone,19,Los Angeles,California,34.1141,-118.4068,12531334.0,3267.0,America/Los_Angeles,2005,8,17
2005-08-18,101,Unhealthy for Sensitive Groups,Ozone,18,Los Angeles,California,34.1141,-118.4068,12531334.0,3267.0,America/Los_Angeles,2005,8,18
2005-08-19,101,Unhealthy for Sensitive Groups,Ozone,18,Los Angeles,California,34.1141,-118.4068,12531334.0,3267.0,America/Los_Angeles,2005,8,19
2005-08-20,129,Unhealthy for Sensitive Groups,Ozone,19,Los Angeles,California,34.1141,-118.4068,12531334.0,3267.0,America/Los_Angeles,2005,8,20
2005-08-21,185,Unhealthy,Ozone,18,Los Angeles,California,34.1141,-118.4068,12531334.0,3267.0,America/Los_Angeles,2005,8,21
2005-08-22,151,Unhealthy,Ozone,18,Los Angeles,California,34.1141,-118.4068,12531334.0,3267.0,America/Los_Angeles,2005,8,22
2005-08-23,151,Unhealthy,Ozone,19,Los Angeles,California,34.1141,-118.4068,12531334.0,3267.0,America/Los_Angeles,2005,8,23
2005-08-24,84,Moderate,Ozone,18,Los Angeles,California,34.1141,-118.4068,12531334.0,3267.0,America/Los_Angeles,2005,8,24
2005-08-25,140,Unhealthy for Sensitive Groups,Ozone,18,Los Angeles,California,34.1141,-118.4068,12531334.0,3267.0,America/Los_Angeles,2005,8,25
2005-08-26,112,Unhealthy for Sensitive Groups,Ozone,19,Los Angeles,California,34.1141,-118.4068,12531334.0,3267.0,America/Los_Angeles,2005,8,26
2005-08-27,154,Unhealthy,Ozone,18,Los Angeles,California,34.1141,-118.4068,12531334.0,3267.0,America/Los_Angeles,2005,8,27
2005-08-28,213,Very Unhealthy,Ozone,18,Los Angeles,California,34.1141,-118.4068,12531334.0,3267.0,America/Los_Angeles,2005,8,28
2005-08-29,203,Very Unhealthy,Ozone,18,Los Angeles,California,34.1141,-118.4068,12531334.0,3267.0,America/Los_Angeles,2005,8,29
2005-08-30,140,Unhealthy for Sensitive Groups,Ozone,18,Los Angeles,California,34.1141,-118.4068,12531334.0,3267.0,America/Los_Angeles,2005,8,30
2005-08-31,147,Unhealthy for Sensitive Groups,Ozone,18,Los Angeles,California,34.1141,-118.4068,12531334.0,3267.0,America/Los_Angeles,2005,8,31
2005-09-01,169,Unhealthy,Ozone,20,Los Angeles,California,34.1141,-118.4068,12531334.0,3267.0,America/Los_Angeles,2005,9,1
2005-09-02,164,Unhealthy,Ozone,18,Los Angeles,California,34.1141,-118.4068,12531334.0,3267.0,America/Los_Angeles,2005,9,2
2005-09-03,174,Unhealthy,Ozone,18,Los Angeles,California,34.1141,-118.4068,12531334.0,3267.0,America/Los_Angeles,2005,9,3
2005-09-04,177,Unhealthy,Ozone,20,Los Angeles,California,34.1141,-118.4068,12531334.0,3267.0,America/Los_Angeles,2005,9,4
2005-09-05,140,Unhealthy for Sensitive Groups,Ozone,18,Los Angeles,California,34.1141,-118.4068,12531334.0,3267.0,America/Los_Angeles,2005,9,5
2005-09-06,87,Moderate,Ozone,17,Los Angeles,California,34.1141,-118.4068,12531334.0,3267.0,America/Los_Angeles,2005,9,6
2005-09-07,100,Moderate,Ozone,18,Los Angeles,California,34.1141,-118.4068,12531334.0,3267.0,America/Los_Angeles,2005,9,7
2005-09-08,93,Moderate,Ozone,18,Los Angeles,California,34.1141,-118.4068,12531334.0,3267.0,America/Los_Angeles,2005,9,8
2005-09-09,47,Good,PM2.5,18,Los Angeles,California,34.1141,-118.4068,12531334.0,3267.0,America/Los_Angeles,2005,9,9
2005-09-10,54,Moderate,PM2.5,20,Los Angeles,California,34.1141,-118.4068,12531334.0,3267.0,America/Los_Angeles,2005,9,10
2005-09-11,54,Moderate,Ozone,18,Los Angeles,California,34.1141,-118.4068,12531334.0,3267.0,America/Los_Angeles,2005,9,11
2005-09-12,58,Moderate,Ozone,18,Los Angeles,California,34.1141,-118.4068,12531334.0,3267.0,America/Los_Angeles,2005,9,12
2005-09-13,58,Moderate,Ozone,20,Los Angeles,California,34.1141,-118.4068,12531334.0,3267.0,America/Los_Angeles,2005,9,13
2005-09-14,93,Moderate,Ozone,18,Los Angeles,California,34.1141,-118.4068,12531334.0,3267.0,America/Los_Angeles,2005,9,14
2005-09-15,133,Unhealthy for Sensitive Groups,Ozone,18,Los Angeles,California,34.1141,-118.4068,12531334.0,3267.0,America/Los_Angeles,2005,9,15
2005-09-16,93,Moderate,Ozone,20,Los Angeles,California,34.1141,-118.4068,12531334.0,3267.0,America/Los_Angeles,2005,9,16
2005-09-17,126,Unhealthy for Sensitive Groups,Ozone,18,Los Angeles,California,34.1141,-118.4068,12531334.0,3267.0,America/Los_Angeles,2005,9,17
2005-09-18,133,Unhealthy for Sensitive Groups,Ozone,18,Los Angeles,California,34.1141,-118.4068,12531334.0,3267.0,America/Los_Angeles,2005,9,18
2005-09-19,100,Moderate,Ozone,20,Los Angeles,California,34.1141,-118.4068,12531334.0,3267.0,America/Los_Angeles,2005,9,19
2005-09-20,85,Moderate,PM2.5,18,Los Angeles,California,34.1141,-118.4068,12531334.0,3267.0,America/Los_Angeles,2005,9,20
2005-09-21,76,Moderate,NO2,18,Los Angeles,California,34.1141,-118.4068,12531334.0,3267.0,America/Los_Angeles,2005,9,21
2005-09-22,82,Moderate,NO2,20,Los Angeles,California,34.1141,-118.4068,12531334.0,3267.0,America/Los_Angeles,2005,9,22
2005-09-23,107,Unhealthy for Sensitive Groups,PM2.5,18,Los Angeles,California,34.1141,-118.4068,12531334.0,3267.0,America/Los_Angeles,2005,9,23
2005-09-24,83,Moderate,PM2.5,18,Los Angeles,California,34.1141,-118.4068,12531334.0,3267.0,America/Los_Angeles,2005,9,24
2005-09-25,122,Unhealthy for Sensitive Groups,Ozone,20,Los Angeles,California,34.1141,-118.4068,12531334.0,3267.0,America/Los_Angeles,2005,9,25
2005-09-26,86,Moderate,NO2,18,Los Angeles,California,34.1141,-118.4068,12531334.0,3267.0,America/Los_Angeles,2005,9,26
2005-09-27,62,Moderate,NO2,18,Los Angeles,California,34.1141,-118.4068,12531334.0,3267.0,America/Los_Angeles,2005,9,27
2005-09-28,102,Unhealthy for Sensitive Groups,NO2,20,Los Angeles,California,34.1141,-118.4068,12531334.0,3267.0,America/Los_Angeles,2005,9,28
2005-09-29,88,Moderate,NO2,18,Los Angeles,California,34.1141,-118.4068,12531334.0,3267.0,America/Los_Angeles,2005,9,29
2005-09-30,150,Unhealthy for Sensitive Groups,Ozone,18,Los Angeles,California,34.1141,-118.4068,12531334.0,3267.0,America/Los_Angeles,2005,9,30
2005-10-01,106,Unhealthy for Sensitive Groups,PM2.5,19,Los Angeles,California,34.1141,-118.4068,12531334.0,3267.0,America/Los_Angeles,2005,10,1
2005-10-02,109,Unhealthy for Sensitive Groups,PM2.5,18,Los Angeles,California,34.1141,-118.4068,12531334.0,3267.0,America/Los_Angeles,2005,10,2
2005-10-03,61,Moderate,PM2.5,18,Los Angeles,California,34.1141,-118.4068,12531334.0,3267.0,America/Los_Angeles,2005,10,3
2005-10-04,70,Moderate,NO2,20,Los Angeles,California,34.1141,-118.4068,12531334.0,3267.0,America/Los_Angeles,2005,10,4
2005-10-05,80,Moderate,NO2,18,Los Angeles,California,34.1141,-118.4068,12531334.0,3267.0,America/Los_Angeles,2005,10,5
2005-10-06,101,Unhealthy for Sensitive Groups,Ozone,18,Los Angeles,California,34.1141,-118.4068,12531334.0,3267.0,America/Los_Angeles,2005,10,6
2005-10-07,88,Moderate,NO2,20,Los Angeles,California,34.1141,-118.4068,12531334.0,3267.0,America/Los_Angeles,2005,10,7
2005-10-08,59,Moderate,PM2.5,18,Los Angeles,California,34.1141,-118.4068,12531334.0,3267.0,America/Los_Angeles,2005,10,8
2005-10-09,77,Moderate,Ozone,18,Los Angeles,California,34.1141,-118.4068,12531334.0,3267.0,America/Los_Angeles,2005,10,9
2005-10-10,72,Moderate,NO2,19,Los Angeles,California,34.1141,-118.4068,12531334.0,3267.0,America/Los_Angeles,2005,10,10
2005-10-11,84,Moderate,PM2.5,18,Los Angeles,California,34.1141,-118.4068,12531334.0,3267.0,America/Los_Angeles,2005,10,11
2005-10-12,103,Unhealthy for Sensitive Groups,PM2.5,18,Los Angeles,California,34.1141,-118.4068,12531334.0,3267.0,America/Los_Angeles,2005,10,12
2005-10-13,103,Unhealthy for Sensitive Groups,NO2,20,Los Angeles,California,34.1141,-118.4068,12531334.0,3267.0,America/Los_Angeles,2005,10,13
2005-10-14,108,Unhealthy for Sensitive Groups,NO2,18,Los Angeles,California,34.1141,-118.4068,12531334.0,3267.0,America/Los_Angeles,2005,10,14
2005-10-15,58,Moderate,PM2.5,18,Los Angeles,California,34.1141,-118.4068,12531334.0,3267.0,America/Los_Angeles,2005,10,15
2005-10-16,44,Good,Ozone,20,Los Angeles,California,34.1141,-118.4068,12531334.0,3267.0,America/Los_Angeles,2005,10,16
2005-10-17,53,Moderate,PM2.5,17,Los Angeles,California,34.1141,-118.4068,12531334.0,3267.0,America/Los_Angeles,2005,10,17
2005-10-18,50,Good,PM2.5,18,Los Angeles,California,34.1141,-118.4068,12531334.0,3267.0,America/Los_Angeles,2005,10,18
2005-10-19,68,Moderate,PM2.5,20,Los Angeles,California,34.1141,-118.4068,12531334.0,3267.0,America/Los_Angeles,2005,10,19
2005-10-20,97,Moderate,PM2.5,18,Los Angeles,California,34.1141,-118.4068,12531334.0,3267.0,America/Los_Angeles,2005,10,20
2005-10-21,152,Unhealthy,PM2.5,18,Los Angeles,California,34.1141,-118.4068,12531334.0,3267.0,America/Los_Angeles,2005,10,21
2005-10-22,155,Unhealthy,PM2.5,20,Los Angeles,California,34.1141,-118.4068,12531334.0,3267.0,America/Los_Angeles,2005,10,22
2005-10-23,135,Unhealthy for Sensitive Groups,PM2.5,18,Los Angeles,California,34.1141,-118.4068,12531334.0,3267.0,America/Los_Angeles,2005,10,23
2005-10-24,117,Unhealthy for Sensitive Groups,PM2.5,18,Los Angeles,California,34.1141,-118.4068,12531334.0,3267.0,America/Los_Angeles,2005,10,24
2005-10-25,44,Good,Ozone,19,Los Angeles,California,34.1141,-118.4068,12531334.0,3267.0,America/Los_Angeles,2005,10,25
2005-10-26,75,Moderate,PM2.5,18,Los Angeles,California,34.1141,-118.4068,12531334.0,3267.0,America/Los_Angeles,2005,10,26
2005-10-27,68,Moderate,PM2.5,18,Los Angeles,California,34.1141,-118.4068,12531334.0,3267.0,America/Los_Angeles,2005,10,27
2005-10-28,50,Good,PM2.5,20,Los Angeles,California,34.1141,-118.4068,12531334.0,3267.0,America/Los_Angeles,2005,10,28
2005-10-29,55,Moderate,PM2.5,18,Los Angeles,California,34.1141,-118.4068,12531334.0,3267.0,America/Los_Angeles,2005,10,29
2005-10-30,66,Moderate,PM2.5,18,Los Angeles,California,34.1141,-118.4068,12531334.0,3267.0,America/Los_Angeles,2005,10,30
2005-10-31,68,Moderate,NO2,20,Los Angeles,California,34.1141,-118.4068,12531334.0,3267.0,America/Los_Angeles,2005,10,31
2005-11-01,74,Moderate,NO2,18,Los Angeles,California,34.1141,-118.4068,12531334.0,3267.0,America/Los_Angeles,2005,11,1
2005-11-02,74,Moderate,PM2.5,18,Los Angeles,California,34.1141,-118.4068,12531334.0,3267.0,America/Los_Angeles,2005,11,2
2005-11-03,82,Moderate,PM2.5,20,Los Angeles,California,34.1141,-118.4068,12531334.0,3267.0,America/Los_Angeles,2005,11,3
2005-11-04,68,Moderate,PM2.5,18,Los Angeles,California,34.1141,-118.4068,12531334.0,3267.0,America/Los_Angeles,2005,11,4
2005-11-05,102,Unhealthy for Sensitive Groups,PM2.5,18,Los Angeles,California,34.1141,-118.4068,12531334.0,3267.0,America/Los_Angeles,2005,11,5
2005-11-06,152,Unhealthy,PM2.5,20,Los Angeles,California,34.1141,-118.4068,12531334.0,3267.0,America/Los_Angeles,2005,11,6
2005-11-07,154,Unhealthy,PM2.5,18,Los Angeles,California,34.1141,-118.4068,12531334.0,3267.0,America/Los_Angeles,2005,11,7
2005-11-08,71,Moderate,PM2.5,18,Los Angeles,California,34.1141,-118.4068,12531334.0,3267.0,America/Los_Angeles,2005,11,8
2005-11-09,46,Good,PM2.5,20,Los Angeles,California,34.1141,-118.4068,12531334.0,3267.0,America/Los_Angeles,2005,11,9
2005-11-10,48,Good,PM2.5,17,Los Angeles,California,34.1141,-118.4068,12531334.0,3267.0,America/Los_Angeles,2005,11,10
2005-11-11,45,Good,NO2,18,Los Angeles,California,34.1141,-118.4068,12531334.0,3267.0,America/Los_Angeles,2005,11,11
2005-11-12,97,Moderate,PM2.5,20,Los Angeles,California,34.1141,-118.4068,12531334.0,3267.0,America/Los_Angeles,2005,11,12
2005-11-13,95,Moderate,PM2.5,18,Los Angeles,California,34.1141,-118.4068,12531334.0,3267.0,America/Los_Angeles,2005,11,13
2005-11-14,109,Unhealthy for Sensitive Groups,PM2.5,18,Los Angeles,California,34.1141,-118.4068,12531334.0,3267.0,America/Los_Angeles,2005,11,14
2005-11-15,98,Moderate,NO2,20,Los Angeles,California,34.1141,-118.4068,12531334.0,3267.0,America/Los_Angeles,2005,11,15
2005-11-16,60,Moderate,NO2,18,Los Angeles,California,34.1141,-118.4068,12531334.0,3267.0,America/Los_Angeles,2005,11,16
2005-11-17,73,Moderate,NO2,18,Los Angeles,California,34.1141,-118.4068,12531334.0,3267.0,America/Los_Angeles,2005,11,17
2005-11-18,70,Moderate,PM2.5,19,Los Angeles,California,34.1141,-118.4068,12531334.0,3267.0,America/Los_Angeles,2005,11,18
2005-11-19,62,Moderate,CO,18,Los Angeles,California,34.1141,-118.4068,12531334.0,3267.0,America/Los_Angeles,2005,11,19
2005-11-20,60,Moderate,NO2,17,Los Angeles,California,34.1141,-118.4068,12531334.0,3267.0,America/Los_Angeles,2005,11,20
2005-11-21,65,Moderate,NO2,18,Los Angeles,California,34.1141,-118.4068,12531334.0,3267.0,America/Los_Angeles,2005,11,21
2005-11-22,89,Moderate,NO2,18,Los Angeles,California,34.1141,-118.4068,12531334.0,3267.0,America/Los_Angeles,2005,11,22
2005-11-23,90,Moderate,NO2,18,Los Angeles,California,34.1141,-118.4068,12531334.0,3267.0,America/Los_Angeles,2005,11,23
2005-11-24,123,Unhealthy for Sensitive Groups,PM2.5,19,Los Angeles,California,34.1141,-118.4068,12531334.0,3267.0,America/Los_Angeles,2005,11,24
2005-11-25,148,Unhealthy for Sensitive Groups,PM2.5,18,Los Angeles,California,34.1141,-118.4068,12531334.0,3267.0,America/Los_Angeles,2005,11,25
2005-11-26,66,Moderate,PM2.5,18,Los Angeles,California,34.1141,-118.4068,12531334.0,3267.0,America/Los_Angeles,2005,11,26
2005-11-27,47,Good,PM2.5,20,Los Angeles,California,34.1141,-118.4068,12531334.0,3267.0,America/Los_Angeles,2005,11,27
2005-11-28,52,Moderate,NO2,17,Los Angeles,California,34.1141,-118.4068,12531334.0,3267.0,America/Los_Angeles,2005,11,28
2005-11-29,68,Moderate,PM2.5,17,Los Angeles,California,34.1141,-118.4068,12531334.0,3267.0,America/Los_Angeles,2005,11,29
2005-11-30,101,Unhealthy for Sensitive Groups,PM2.5,20,Los Angeles,California,34.1141,-118.4068,12531334.0,3267.0,America/Los_Angeles,2005,11,30
2005-12-01,129,Unhealthy for Sensitive Groups,PM2.5,17,Los Angeles,California,34.1141,-118.4068,12531334.0,3267.0,America/Los_Angeles,2005,12,1
2005-12-02,84,Moderate,PM2.5,17,Los Angeles,California,34.1141,-118.4068,12531334.0,3267.0,America/Los_Angeles,2005,12,2
2005-12-03,65,Moderate,NO2,20,Los Angeles,California,34.1141,-118.4068,12531334.0,3267.0,America/Los_Angeles,2005,12,3
2005-12-04,59,Moderate,PM2.5,18,Los Angeles,California,34.1141,-118.4068,12531334.0,3267.0,America/Los_Angeles,2005,12,4
2005-12-05,58,Moderate,PM2.5,18,Los Angeles,California,34.1141,-118.4068,12531334.0,3267.0,America/Los_Angeles,2005,12,5
2005-12-06,62,Moderate,PM2.5,20,Los Angeles,California,34.1141,-118.4068,12531334.0,3267.0,America/Los_Angeles,2005,12,6
2005-12-07,83,Moderate,PM2.5,18,Los Angeles,California,34.1141,-118.4068,12531334.0,3267.0,America/Los_Angeles,2005,12,7
2005-12-08,97,Moderate,PM2.5,18,Los Angeles,California,34.1141,-118.4068,12531334.0,3267.0,America/Los_Angeles,2005,12,8
2005-12-09,53,Moderate,PM2.5,20,Los Angeles,California,34.1141,-118.4068,12531334.0,3267.0,America/Los_Angeles,2005,12,9
2005-12-10,64,Moderate,PM2.5,18,Los Angeles,California,34.1141,-118.4068,12531334.0,3267.0,America/Los_Angeles,2005,12,10
2005-12-11,77,Moderate,PM2.5,18,Los Angeles,California,34.1141,-118.4068,12531334.0,3267.0,America/Los_Angeles,2005,12,11
2005-12-12,112,Unhealthy for Sensitive Groups,PM2.5,20,Los Angeles,California,34.1141,-118.4068,12531334.0,3267.0,America/Los_Angeles,2005,12,12
2005-12-13,122,Unhealthy for Sensitive Groups,PM2.5,18,Los Angeles,California,34.1141,-118.4068,12531334.0,3267.0,America/Los_Angeles,2005,12,13
2005-12-14,145,Unhealthy for Sensitive Groups,PM2.5,18,Los Angeles,California,34.1141,-118.4068,12531334.0,3267.0,America/Los_Angeles,2005,12,14
2005-12-15,109,Unhealthy for Sensitive Groups,PM2.5,20,Los Angeles,California,34.1141,-118.4068,12531334.0,3267.0,America/Los_Angeles,2005,12,15
2005-12-16,97,Moderate,PM2.5,18,Los Angeles,California,34.1141,-118.4068,12531334.0,3267.0,America/Los_Angeles,2005,12,16
2005-12-17,88,Moderate,PM2.5,18,Los Angeles,California,34.1141,-118.4068,12531334.0,3267.0,America/Los_Angeles,2005,12,17
2005-12-18,142,Unhealthy for Sensitive Groups,PM2.5,20,Los Angeles,California,34.1141,-118.4068,12531334.0,3267.0,America/Los_Angeles,2005,12,18
2005-12-19,84,Moderate,PM2.5,18,Los Angeles,California,34.1141,-118.4068,12531334.0,3267.0,America/Los_Angeles,2005,12,19
2005-12-20,73,Moderate,NO2,18,Los Angeles,California,34.1141,-118.4068,12531334.0,3267.0,America/Los_Angeles,2005,12,20
2005-12-21,97,Moderate,PM2.5,20,Los Angeles,California,34.1141,-118.4068,12531334.0,3267.0,America/Los_Angeles,2005,12,21
2005-12-22,86,Moderate,NO2,18,Los Angeles,California,34.1141,-118.4068,12531334.0,3267.0,America/Los_Angeles,2005,12,22
2005-12-23,122,Unhealthy for Sensitive Groups,PM2.5,18,Los Angeles,California,34.1141,-118.4068,12531334.0,3267.0,America/Los_Angeles,2005,12,23
2005-12-24,103,Unhealthy for Sensitive Groups,PM2.5,20,Los Angeles,California,34.1141,-118.4068,12531334.0,3267.0,America/Los_Angeles,2005,12,24
2005-12-25,131,Unhealthy for Sensitive Groups,PM2.5,18,Los Angeles,California,34.1141,-118.4068,12531334.0,3267.0,America/Los_Angeles,2005,12,25
2005-12-26,83,Moderate,PM2.5,18,Los Angeles,California,34.1141,-118.4068,12531334.0,3267.0,America/Los_Angeles,2005,12,26
2005-12-27,80,Moderate,PM2.5,20,Los Angeles,California,34.1141,-118.4068,12531334.0,3267.0,America/Los_Angeles,2005,12,27
2005-12-28,96,Moderate,PM2.5,18,Los Angeles,California,34.1141,-118.4068,12531334.0,3267.0,America/Los_Angeles,2005,12,28
2005-12-29,87,Moderate,PM2.5,18,Los Angeles,California,34.1141,-118.4068,12531334.0,3267.0,America/Los_Angeles,2005,12,29
2005-12-30,123,Unhealthy for Sensitive Groups,PM2.5,20,Los Angeles,California,34.1141,-118.4068,12531334.0,3267.0,America/Los_Angeles,2005,12,30
2005-12-31,78,Moderate,PM2.5,18,Los Angeles,California,34.1141,-118.4068,12531334.0,3267.0,America/Los_Angeles,2005,12,31
2006-01-01,52,Moderate,PM2.5,19,Los Angeles,California,34.1141,-118.4068,12531334.0,3267.0,America/Los_Angeles,2006,1,1
2006-01-02,39,Good,Ozone,20,Los Angeles,California,34.1141,-118.4068,12531334.0,3267.0,America/Los_Angeles,2006,1,2
2006-01-03,44,Good,PM2.5,19,Los Angeles,California,34.1141,-118.4068,12531334.0,3267.0,America/Los_Angeles,2006,1,3
2006-01-04,64,Moderate,PM2.5,19,Los Angeles,California,34.1141,-118.4068,12531334.0,3267.0,America/Los_Angeles,2006,1,4
2006-01-05,52,Moderate,PM2.5,20,Los Angeles,California,34.1141,-118.4068,12531334.0,3267.0,America/Los_Angeles,2006,1,5
2006-01-06,62,Moderate,NO2,19,Los Angeles,California,34.1141,-118.4068,12531334.0,3267.0,America/Los_Angeles,2006,1,6
2006-01-07,68,Moderate,PM2.5,19,Los Angeles,California,34.1141,-118.4068,12531334.0,3267.0,America/Los_Angeles,2006,1,7
2006-01-08,92,Moderate,PM2.5,20,Los Angeles,California,34.1141,-118.4068,12531334.0,3267.0,America/Los_Angeles,2006,1,8
2006-01-09,46,Good,NO2,19,Los Angeles,California,34.1141,-118.4068,12531334.0,3267.0,America/Los_Angeles,2006,1,9
2006-01-10,55,Moderate,NO2,19,Los Angeles,California,34.1141,-118.4068,12531334.0,3267.0,America/Los_Angeles,2006,1,10
2006-01-11,93,Moderate,PM2.5,20,Los Angeles,California,34.1141,-118.4068,12531334.0,3267.0,America/Los_Angeles,2006,1,11
2006-01-12,109,Unhealthy for Sensitive Groups,PM2.5,19,Los Angeles,California,34.1141,-118.4068,12531334.0,3267.0,America/Los_Angeles,2006,1,12
2006-01-13,87,Moderate,PM2.5,19,Los Angeles,California,34.1141,-118.4068,12531334.0,3267.0,America/Los_Angeles,2006,1,13
2006-01-14,68,Moderate,PM2.5,20,Los Angeles,California,34.1141,-118.4068,12531334.0,3267.0,America/Los_Angeles,2006,1,14
2006-01-15,39,Good,Ozone,19,Los Angeles,California,34.1141,-118.4068,12531334.0,3267.0,America/Los_Angeles,2006,1,15
2006-01-16,50,Good,PM2.5,19,Los Angeles,California,34.1141,-118.4068,12531334.0,3267.0,America/Los_Angeles,2006,1,16
2006-01-17,81,Moderate,PM2.5,20,Los Angeles,California,34.1141,-118.4068,12531334.0,3267.0,America/Los_Angeles,2006,1,17
2006-01-18,66,Moderate,PM2.5,19,Los Angeles,California,34.1141,-118.4068,12531334.0,3267.0,America/Los_Angeles,2006,1,18
2006-01-19,43,Good,NO2,19,Los Angeles,California,34.1141,-118.4068,12531334.0,3267.0,America/Los_Angeles,2006,1,19
2006-01-20,59,Moderate,PM2.5,20,Los Angeles,California,34.1141,-118.4068,12531334.0,3267.0,America/Los_Angeles,2006,1,20
2006-01-21,70,Moderate,PM2.5,19,Los Angeles,California,34.1141,-118.4068,12531334.0,3267.0,America/Los_Angeles,2006,1,21
2006-01-22,62,Moderate,PM2.5,19,Los Angeles,California,34.1141,-118.4068,12531334.0,3267.0,America/Los_Angeles,2006,1,22
2006-01-23,66,Moderate,NO2,20,Los Angeles,California,34.1141,-118.4068,12531334.0,3267.0,America/Los_Angeles,2006,1,23
2006-01-24,101,Unhealthy for Sensitive Groups,NO2,18,Los Angeles,California,34.1141,-118.4068,12531334.0,3267.0,America/Los_Angeles,2006,1,24
2006-01-25,48,Good,PM2.5,19,Los Angeles,California,34.1141,-118.4068,12531334.0,3267.0,America/Los_Angeles,2006,1,25
2006-01-26,69,Moderate,PM2.5,20,Los Angeles,California,34.1141,-118.4068,12531334.0,3267.0,America/Los_Angeles,2006,1,26
2006-01-27,54,Moderate,PM2.5,19,Los Angeles,California,34.1141,-118.4068,12531334.0,3267.0,America/Los_Angeles,2006,1,27
2006-01-28,69,Moderate,PM2.5,18,Los Angeles,California,34.1141,-118.4068,12531334.0,3267.0,America/Los_Angeles,2006,1,28
2006-01-29,105,Unhealthy for Sensitive Groups,PM2.5,20,Los Angeles,California,34.1141,-118.4068,12531334.0,3267.0,America/Los_Angeles,2006,1,29
2006-01-30,102,Unhealthy for Sensitive Groups,PM2.5,18,Los Angeles,California,34.1141,-118.4068,12531334.0,3267.0,America/Los_Angeles,2006,1,30
2006-01-31,85,Moderate,PM2.5,18,Los Angeles,California,34.1141,-118.4068,12531334.0,3267.0,America/Los_Angeles,2006,1,31
2006-02-01,76,Moderate,PM2.5,20,Los Angeles,California,34.1141,-118.4068,12531334.0,3267.0,America/Los_Angeles,2006,2,1
2006-02-02,91,Moderate,PM2.5,19,Los Angeles,California,34.1141,-118.4068,12531334.0,3267.0,America/Los_Angeles,2006,2,2
2006-02-03,104,Unhealthy for Sensitive Groups,PM2.5,19,Los Angeles,California,34.1141,-118.4068,12531334.0,3267.0,America/Los_Angeles,2006,2,3
2006-02-04,155,Unhealthy,PM2.5,20,Los Angeles,California,34.1141,-118.4068,12531334.0,3267.0,America/Los_Angeles,2006,2,4
2006-02-05,121,Unhealthy for Sensitive Groups,PM2.5,19,Los Angeles,California,34.1141,-118.4068,12531334.0,3267.0,America/Los_Angeles,2006,2,5
2006-02-06,82,Moderate,NO2,19,Los Angeles,California,34.1141,-118.4068,12531334.0,3267.0,America/Los_Angeles,2006,2,6
2006-02-07,78,Moderate,NO2,20,Los Angeles,California,34.1141,-118.4068,12531334.0,3267.0,America/Los_Angeles,2006,2,7
2006-02-08,68,Moderate,NO2,19,Los Angeles,California,34.1141,-118.4068,12531334.0,3267.0,America/Los_Angeles,2006,2,8
2006-02-09,85,Moderate,NO2,19,Los Angeles,California,34.1141,-118.4068,12531334.0,3267.0,America/Los_Angeles,2006,2,9
2006-02-10,124,Unhealthy for Sensitive Groups,PM2.5,20,Los Angeles,California,34.1141,-118.4068,12531334.0,3267.0,America/Los_Angeles,2006,2,10
2006-02-11,153,Unhealthy,PM2.5,19,Los Angeles,California,34.1141,-118.4068,12531334.0,3267.0,America/Los_Angeles,2006,2,11
2006-02-12,73,Moderate,PM2.5,19,Los Angeles,California,34.1141,-118.4068,12531334.0,3267.0,America/Los_Angeles,2006,2,12
2006-02-13,123,Unhealthy for Sensitive Groups,PM2.5,20,Los Angeles,California,34.1141,-118.4068,12531334.0,3267.0,America/Los_Angeles,2006,2,13
2006-02-14,73,Moderate,NO2,19,Los Angeles,California,34.1141,-118.4068,12531334.0,3267.0,America/Los_Angeles,2006,2,14
2006-02-15,52,Moderate,PM2.5,19,Los Angeles,California,34.1141,-118.4068,12531334.0,3267.0,America/Los_Angeles,2006,2,15
2006-02-16,65,Moderate,PM2.5,20,Los Angeles,California,34.1141,-118.4068,12531334.0,3267.0,America/Los_Angeles,2006,2,16
2006-02-17,46,Good,NO2,19,Los Angeles,California,34.1141,-118.4068,12531334.0,3267.0,America/Los_Angeles,2006,2,17
2006-02-18,40,Good,Ozone,19,Los Angeles,California,34.1141,-118.4068,12531334.0,3267.0,America/Los_Angeles,2006,2,18
2006-02-19,44,Good,Ozone,20,Los Angeles,California,34.1141,-118.4068,12531334.0,3267.0,America/Los_Angeles,2006,2,19
2006-02-20,52,Moderate,PM2.5,18,Los Angeles,California,34.1141,-118.4068,12531334.0,3267.0,America/Los_Angeles,2006,2,20
2006-02-21,55,Moderate,PM2.5,19,Los Angeles,California,34.1141,-118.4068,12531334.0,3267.0,America/Los_Angeles,2006,2,21
2006-02-22,82,Moderate,PM10,20,Los Angeles,California,34.1141,-118.4068,12531334.0,3267.0,America/Los_Angeles,2006,2,22
2006-02-23,74,Moderate,PM2.5,19,Los Angeles,California,34.1141,-118.4068,12531334.0,3267.0,America/Los_Angeles,2006,2,23
2006-02-24,80,Moderate,PM2.5,19,Los Angeles,California,34.1141,-118.4068,12531334.0,3267.0,America/Los_Angeles,2006,2,24
2006-02-25,139,Unhealthy for Sensitive Groups,PM2.5,20,Los Angeles,California,34.1141,-118.4068,12531334.0,3267.0,America/Los_Angeles,2006,2,25
2006-02-26,118,Unhealthy for Sensitive Groups,PM2.5,19,Los Angeles,California,34.1141,-118.4068,12531334.0,3267.0,America/Los_Angeles,2006,2,26
2006-02-27,85,Moderate,PM2.5,19,Los Angeles,California,34.1141,-118.4068,12531334.0,3267.0,America/Los_Angeles,2006,2,27
2006-02-28,43,Good,Ozone,20,Los Angeles,California,34.1141,-118.4068,12531334.0,3267.0,America/Los_Angeles,2006,2,28
2006-03-01,41,Good,Ozone,19,Los Angeles,California,34.1141,-118.4068,12531334.0,3267.0,America/Los_Angeles,2006,3,1
2006-03-02,42,Good,NO2,19,Los Angeles,California,34.1141,-118.4068,12531334.0,3267.0,America/Los_Angeles,2006,3,2
2006-03-03,52,Moderate,PM2.5,20,Los Angeles,California,34.1141,-118.4068,12531334.0,3267.0,America/Los_Angeles,2006,3,3
2006-03-04,54,Moderate,PM2.5,19,Los Angeles,California,34.1141,-118.4068,12531334.0,3267.0,America/Los_Angeles,2006,3,4
2006-03-05,70,Moderate,PM2.5,19,Los Angeles,California,34.1141,-118.4068,12531334.0,3267.0,America/Los_Angeles,2006,3,5
2006-03-06,58,Moderate,PM2.5,20,Los Angeles,California,34.1141,-118.4068,12531334.0,3267.0,America/Los_Angeles,2006,3,6
2006-03-07,50,Good,NO2,19,Los Angeles,California,34.1141,-118.4068,12531334.0,3267.0,America/Los_Angeles,2006,3,7
2006-03-08,45,Good,Ozone,19,Los Angeles,California,34.1141,-118.4068,12531334.0,3267.0,America/Los_Angeles,2006,3,8
2006-03-09,54,Moderate,PM2.5,20,Los Angeles,California,34.1141,-118.4068,12531334.0,3267.0,America/Los_Angeles,2006,3,9
2006-03-10,51,Moderate,Ozone,19,Los Angeles,California,34.1141,-118.4068,12531334.0,3267.0,America/Los_Angeles,2006,3,10
2006-03-11,54,Moderate,Ozone,19,Los Angeles,California,34.1141,-118.4068,12531334.0,3267.0,America/Los_Angeles,2006,3,11
2006-03-12,52,Moderate,PM2.5,20,Los Angeles,California,34.1141,-118.4068,12531334.0,3267.0,America/Los_Angeles,2006,3,12
2006-03-13,48,Good,PM2.5,19,Los Angeles,California,34.1141,-118.4068,12531334.0,3267.0,America/Los_Angeles,2006,3,13
2006-03-14,55,Moderate,PM2.5,19,Los Angeles,California,34.1141,-118.4068,12531334.0,3267.0,America/Los_Angeles,2006,3,14
2006-03-15,47,Good,Ozone,20,Los Angeles,California,34.1141,-118.4068,12531334.0,3267.0,America/Los_Angeles,2006,3,15
2006-03-16,58,Moderate,NO2,19,Los Angeles,California,34.1141,-118.4068,12531334.0,3267.0,America/Los_Angeles,2006,3,16
2006-03-17,48,Good,PM2.5,19,Los Angeles,California,34.1141,-118.4068,12531334.0,3267.0,America/Los_Angeles,2006,3,17
2006-03-18,49,Good,Ozone,20,Los Angeles,California,34.1141,-118.4068,12531334.0,3267.0,America/Los_Angeles,2006,3,18
2006-03-19,57,Moderate,PM2.5,19,Los Angeles,California,34.1141,-118.4068,12531334.0,3267.0,America/Los_Angeles,2006,3,19
2006-03-20,60,Moderate,PM2.5,19,Los Angeles,California,34.1141,-118.4068,12531334.0,3267.0,America/Los_Angeles,2006,3,20
2006-03-21,49,Good,Ozone,20,Los Angeles,California,34.1141,-118.4068,12531334.0,3267.0,America/Los_Angeles,2006,3,21
2006-03-22,58,Moderate,NO2,19,Los Angeles,California,34.1141,-118.4068,12531334.0,3267.0,America/Los_Angeles,2006,3,22
2006-03-23,62,Moderate,NO2,19,Los Angeles,California,34.1141,-118.4068,12531334.0,3267.0,America/Los_Angeles,2006,3,23
2006-03-24,90,Moderate,PM2.5,20,Los Angeles,California,34.1141,-118.4068,12531334.0,3267.0,America/Los_Angeles,2006,3,24
2006-03-25,56,Moderate,PM2.5,19,Los Angeles,California,34.1141,-118.4068,12531334.0,3267.0,America/Los_Angeles,2006,3,25
2006-03-26,49,Good,Ozone,19,Los Angeles,California,34.1141,-118.4068,12531334.0,3267.0,America/Los_Angeles,2006,3,26
2006-03-27,55,Moderate,PM2.5,20,Los Angeles,California,34.1141,-118.4068,12531334.0,3267.0,America/Los_Angeles,2006,3,27
2006-03-28,41,Good,Ozone,19,Los Angeles,California,34.1141,-118.4068,12531334.0,3267.0,America/Los_Angeles,2006,3,28
2006-03-29,44,Good,Ozone,19,Los Angeles,California,34.1141,-118.4068,12531334.0,3267.0,America/Los_Angeles,2006,3,29
2006-03-30,47,Good,Ozone,19,Los Angeles,California,34.1141,-118.4068,12531334.0,3267.0,America/Los_Angeles,2006,3,30
2006-03-31,41,Good,Ozone,19,Los Angeles,California,34.1141,-118.4068,12531334.0,3267.0,America/Los_Angeles,2006,3,31
2006-04-01,50,Good,Ozone,19,Los Angeles,California,34.1141,-118.4068,12531334.0,3267.0,America/Los_Angeles,2006,4,1
2006-04-02,71,Moderate,PM2.5,20,Los Angeles,California,34.1141,-118.4068,12531334.0,3267.0,America/Los_Angeles,2006,4,2
2006-04-03,69,Moderate,NO2,19,Los Angeles,California,34.1141,-118.4068,12531334.0,3267.0,America/Los_Angeles,2006,4,3
2006-04-04,44,Good,NO2,19,Los Angeles,California,34.1141,-118.4068,12531334.0,3267.0,America/Los_Angeles,2006,4,4
2006-04-05,61,Moderate,Ozone,20,Los Angeles,California,34.1141,-118.4068,12531334.0,3267.0,America/Los_Angeles,2006,4,5
2006-04-06,49,Good,Ozone,19,Los Angeles,California,34.1141,-118.4068,12531334.0,3267.0,America/Los_Angeles,2006,4,6
2006-04-07,58,Moderate,Ozone,19,Los Angeles,California,34.1141,-118.4068,12531334.0,3267.0,America/Los_Angeles,2006,4,7
2006-04-08,54,Moderate,Ozone,20,Los Angeles,California,34.1141,-118.4068,12531334.0,3267.0,America/Los_Angeles,2006,4,8
2006-04-09,71,Moderate,Ozone,19,Los Angeles,California,34.1141,-118.4068,12531334.0,3267.0,America/Los_Angeles,2006,4,9
2006-04-10,47,Good,Ozone,19,Los Angeles,California,34.1141,-118.4068,12531334.0,3267.0,America/Los_Angeles,2006,4,10
2006-04-11,46,Good,PM2.5,20,Los Angeles,California,34.1141,-118.4068,12531334.0,3267.0,America/Los_Angeles,2006,4,11
2006-04-12,101,Unhealthy for Sensitive Groups,NO2,19,Los Angeles,California,34.1141,-118.4068,12531334.0,3267.0,America/Los_Angeles,2006,4,12
2006-04-13,53,Moderate,NO2,19,Los Angeles,California,34.1141,-118.4068,12531334.0,3267.0,America/Los_Angeles,2006,4,13
2006-04-14,42,Good,Ozone,20,Los Angeles,California,34.1141,-118.4068,12531334.0,3267.0,America/Los_Angeles,2006,4,14
2006-04-15,44,Good,Ozone,19,Los Angeles,California,34.1141,-118.4068,12531334.0,3267.0,America/Los_Angeles,2006,4,15
2006-04-16,44,Good,Ozone,19,Los Angeles,California,34.1141,-118.4068,12531334.0,3267.0,America/Los_Angeles,2006,4,16
2006-04-17,49,Good,Ozone,20,Los Angeles,California,34.1141,-118.4068,12531334.0,3267.0,America/Los_Angeles,2006,4,17
2006-04-18,71,Moderate,Ozone,19,Los Angeles,California,34.1141,-118.4068,12531334.0,3267.0,America/Los_Angeles,2006,4,18
2006-04-19,84,Moderate,Ozone,19,Los Angeles,California,34.1141,-118.4068,12531334.0,3267.0,America/Los_Angeles,2006,4,19
2006-04-20,105,Unhealthy for Sensitive Groups,Ozone,20,Los Angeles,California,34.1141,-118.4068,12531334.0,3267.0,America/Los_Angeles,2006,4,20
2006-04-21,90,Moderate,Ozone,19,Los Angeles,California,34.1141,-118.4068,12531334.0,3267.0,America/Los_Angeles,2006,4,21
2006-04-22,45,Good,Ozone,19,Los Angeles,California,34.1141,-118.4068,12531334.0,3267.0,America/Los_Angeles,2006,4,22
2006-04-23,48,Good,Ozone,20,Los Angeles,California,34.1141,-118.4068,12531334.0,3267.0,America/Los_Angeles,2006,4,23
2006-04-24,42,Good,Ozone,19,Los Angeles,California,34.1141,-118.4068,12531334.0,3267.0,America/Los_Angeles,2006,4,24
2006-04-25,45,Good,PM2.5,19,Los Angeles,California,34.1141,-118.4068,12531334.0,3267.0,America/Los_Angeles,2006,4,25
2006-04-26,44,Good,Ozone,20,Los Angeles,California,34.1141,-118.4068,12531334.0,3267.0,America/Los_Angeles,2006,4,26
2006-04-27,45,Good,Ozone,19,Los Angeles,California,34.1141,-118.4068,12531334.0,3267.0,America/Los_Angeles,2006,4,27
2006-04-28,97,Moderate,Ozone,18,Los Angeles,California,34.1141,-118.4068,12531334.0,3267.0,America/Los_Angeles,2006,4,28
2006-04-29,100,Moderate,Ozone,20,Los Angeles,California,34.1141,-118.4068,12531334.0,3267.0,America/Los_Angeles,2006,4,29
2006-04-30,140,Unhealthy for Sensitive Groups,Ozone,19,Los Angeles,California,34.1141,-118.4068,12531334.0,3267.0,America/Los_Angeles,2006,4,30
2006-05-01,111,Unhealthy for Sensitive Groups,PM2.5,20,Los Angeles,California,34.1141,-118.4068,12531334.0,3267.0,America/Los_Angeles,2006,5,1
2006-05-02,105,Unhealthy for Sensitive Groups,Ozone,19,Los Angeles,California,34.1141,-118.4068,12531334.0,3267.0,America/Los_Angeles,2006,5,2
2006-05-03,67,Moderate,Ozone,20,Los Angeles,California,34.1141,-118.4068,12531334.0,3267.0,America/Los_Angeles,2006,5,3
2006-05-04,64,Moderate,Ozone,20,Los Angeles,California,34.1141,-118.4068,12531334.0,3267.0,America/Los_Angeles,2006,5,4
2006-05-05,87,Moderate,Ozone,20,Los Angeles,California,34.1141,-118.4068,12531334.0,3267.0,America/Los_Angeles,2006,5,5
2006-05-06,97,Moderate,Ozone,20,Los Angeles,California,34.1141,-118.4068,12531334.0,3267.0,America/Los_Angeles,2006,5,6
2006-05-07,140,Unhealthy for Sensitive Groups,Ozone,20,Los Angeles,California,34.1141,-118.4068,12531334.0,3267.0,America/Los_Angeles,2006,5,7
2006-05-08,95,Moderate,PM2.5,20,Los Angeles,California,34.1141,-118.4068,12531334.0,3267.0,America/Los_Angeles,2006,5,8
2006-05-09,100,Moderate,Ozone,20,Los Angeles,California,34.1141,-118.4068,12531334.0,3267.0,America/Los_Angeles,2006,5,9
2006-05-10,126,Unhealthy for Sensitive Groups,Ozone,20,Los Angeles,California,34.1141,-118.4068,12531334.0,3267.0,America/Los_Angeles,2006,5,10
2006-05-11,154,Unhealthy,Ozone,20,Los Angeles,California,34.1141,-118.4068,12531334.0,3267.0,America/Los_Angeles,2006,5,11
2006-05-12,154,Unhealthy,Ozone,19,Los Angeles,California,34.1141,-118.4068,12531334.0,3267.0,America/Los_Angeles,2006,5,12
2006-05-13,164,Unhealthy,Ozone,20,Los Angeles,California,34.1141,-118.4068,12531334.0,3267.0,America/Los_Angeles,2006,5,13
2006-05-14,209,Very Unhealthy,Ozone,20,Los Angeles,California,34.1141,-118.4068,12531334.0,3267.0,America/Los_Angeles,2006,5,14
2006-05-15,126,Unhealthy for Sensitive Groups,Ozone,20,Los Angeles,California,34.1141,-118.4068,12531334.0,3267.0,America/Los_Angeles,2006,5,15
2006-05-16,119,Unhealthy for Sensitive Groups,Ozone,20,Los Angeles,California,34.1141,-118.4068,12531334.0,3267.0,America/Los_Angeles,2006,5,16
2006-05-17,114,Unhealthy for Sensitive Groups,PM2.5,20,Los Angeles,California,34.1141,-118.4068,12531334.0,3267.0,America/Los_Angeles,2006,5,17
2006-05-18,115,Unhealthy for Sensitive Groups,Ozone,20,Los Angeles,California,34.1141,-118.4068,12531334.0,3267.0,America/Los_Angeles,2006,5,18
2006-05-19,143,Unhealthy for Sensitive Groups,Ozone,20,Los Angeles,California,34.1141,-118.4068,12531334.0,3267.0,America/Los_Angeles,2006,5,19
2006-05-20,93,Moderate,Ozone,20,Los Angeles,California,34.1141,-118.4068,12531334.0,3267.0,America/Los_Angeles,2006,5,20
2006-05-21,64,Moderate,PM2.5,20,Los Angeles,California,34.1141,-118.4068,12531334.0,3267.0,America/Los_Angeles,2006,5,21
2006-05-22,48,Good,Ozone,20,Los Angeles,California,34.1141,-118.4068,12531334.0,3267.0,America/Los_Angeles,2006,5,22
2006-05-23,51,Moderate,Ozone,20,Los Angeles,California,34.1141,-118.4068,12531334.0,3267.0,America/Los_Angeles,2006,5,23
2006-05-24,84,Moderate,Ozone,20,Los Angeles,California,34.1141,-118.4068,12531334.0,3267.0,America/Los_Angeles,2006,5,24
2006-05-25,108,Unhealthy for Sensitive Groups,Ozone,20,Los Angeles,California,34.1141,-118.4068,12531334.0,3267.0,America/Los_Angeles,2006,5,25
2006-05-26,84,Moderate,Ozone,20,Los Angeles,California,34.1141,-118.4068,12531334.0,3267.0,America/Los_Angeles,2006,5,26
2006-05-27,67,Moderate,Ozone,20,Los Angeles,California,34.1141,-118.4068,12531334.0,3267.0,America/Los_Angeles,2006,5,27
2006-05-28,97,Moderate,Ozone,20,Los Angeles,California,34.1141,-118.4068,12531334.0,3267.0,America/Los_Angeles,2006,5,28
2006-05-29,105,Unhealthy for Sensitive Groups,Ozone,20,Los Angeles,California,34.1141,-118.4068,12531334.0,3267.0,America/Los_Angeles,2006,5,29
2006-05-30,140,Unhealthy for Sensitive Groups,Ozone,20,Los Angeles,California,34.1141,-118.4068,12531334.0,3267.0,America/Los_Angeles,2006,5,30
2006-05-31,169,Unhealthy,Ozone,20,Los Angeles,California,34.1141,-118.4068,12531334.0,3267.0,America/Los_Angeles,2006,5,31
2006-06-01,151,Unhealthy,Ozone,20,Los Angeles,California,34.1141,-118.4068,12531334.0,3267.0,America/Los_Angeles,2006,6,1
2006-06-02,161,Unhealthy,Ozone,19,Los Angeles,California,34.1141,-118.4068,12531334.0,3267.0,America/Los_Angeles,2006,6,2
2006-06-03,223,Very Unhealthy,Ozone,19,Los Angeles,California,34.1141,-118.4068,12531334.0,3267.0,America/Los_Angeles,2006,6,3
2006-06-04,204,Very Unhealthy,Ozone,20,Los Angeles,California,34.1141,-118.4068,12531334.0,3267.0,America/Los_Angeles,2006,6,4
2006-06-05,97,Moderate,Ozone,18,Los Angeles,California,34.1141,-118.4068,12531334.0,3267.0,America/Los_Angeles,2006,6,5
2006-06-06,101,Unhealthy for Sensitive Groups,Ozone,18,Los Angeles,California,34.1141,-118.4068,12531334.0,3267.0,America/Los_Angeles,2006,6,6
2006-06-07,108,Unhealthy for Sensitive Groups,Ozone,19,Los Angeles,California,34.1141,-118.4068,12531334.0,3267.0,America/Los_Angeles,2006,6,7
2006-06-08,119,Unhealthy for Sensitive Groups,Ozone,19,Los Angeles,California,34.1141,-118.4068,12531334.0,3267.0,America/Los_Angeles,2006,6,8
2006-06-09,122,Unhealthy for Sensitive Groups,Ozone,19,Los Angeles,California,34.1141,-118.4068,12531334.0,3267.0,America/Los_Angeles,2006,6,9
2006-06-10,133,Unhealthy for Sensitive Groups,Ozone,20,Los Angeles,California,34.1141,-118.4068,12531334.0,3267.0,America/Los_Angeles,2006,6,10
2006-06-11,90,Moderate,Ozone,19,Los Angeles,California,34.1141,-118.4068,12531334.0,3267.0,America/Los_Angeles,2006,6,11
2006-06-12,61,Moderate,Ozone,19,Los Angeles,California,34.1141,-118.4068,12531334.0,3267.0,America/Los_Angeles,2006,6,12
2006-06-13,61,Moderate,Ozone,19,Los Angeles,California,34.1141,-118.4068,12531334.0,3267.0,America/Los_Angeles,2006,6,13
2006-06-14,90,Moderate,Ozone,19,Los Angeles,California,34.1141,-118.4068,12531334.0,3267.0,America/Los_Angeles,2006,6,14
2006-06-15,93,Moderate,Ozone,20,Los Angeles,California,34.1141,-118.4068,12531334.0,3267.0,America/Los_Angeles,2006,6,15
2006-06-16,133,Unhealthy for Sensitive Groups,Ozone,20,Los Angeles,California,34.1141,-118.4068,12531334.0,3267.0,America/Los_Angeles,2006,6,16
2006-06-17,206,Very Unhealthy,Ozone,20,Los Angeles,California,34.1141,-118.4068,12531334.0,3267.0,America/Los_Angeles,2006,6,17
2006-06-18,195,Unhealthy,Ozone,20,Los Angeles,California,34.1141,-118.4068,12531334.0,3267.0,America/Los_Angeles,2006,6,18
2006-06-19,126,Unhealthy for Sensitive Groups,Ozone,20,Los Angeles,California,34.1141,-118.4068,12531334.0,3267.0,America/Los_Angeles,2006,6,19
2006-06-20,156,Unhealthy,Ozone,20,Los Angeles,California,34.1141,-118.4068,12531334.0,3267.0,America/Los_Angeles,2006,6,20
2006-06-21,200,Unhealthy,Ozone,20,Los Angeles,California,34.1141,-118.4068,12531334.0,3267.0,America/Los_Angeles,2006,6,21
2006-06-22,204,Very Unhealthy,Ozone,20,Los Angeles,California,34.1141,-118.4068,12531334.0,3267.0,America/Los_Angeles,2006,6,22
2006-06-23,182,Unhealthy,Ozone,20,Los Angeles,California,34.1141,-118.4068,12531334.0,3267.0,America/Los_Angeles,2006,6,23
2006-06-24,200,Unhealthy,Ozone,20,Los Angeles,California,34.1141,-118.4068,12531334.0,3267.0,America/Los_Angeles,2006,6,24
2006-06-25,201,Very Unhealthy,Ozone,20,Los Angeles,California,34.1141,-118.4068,12531334.0,3267.0,America/Los_Angeles,2006,6,25
2006-06-26,133,Unhealthy for Sensitive Groups,Ozone,20,Los Angeles,California,34.1141,-118.4068,12531334.0,3267.0,America/Los_Angeles,2006,6,26
2006-06-27,83,Moderate,NO2,20,Los Angeles,California,34.1141,-118.4068,12531334.0,3267.0,America/Los_Angeles,2006,6,27
2006-06-28,136,Unhealthy for Sensitive Groups,Ozone,20,Los Angeles,California,34.1141,-118.4068,12531334.0,3267.0,America/Los_Angeles,2006,6,28
2006-06-29,164,Unhealthy,Ozone,19,Los Angeles,California,34.1141,-118.4068,12531334.0,3267.0,America/Los_Angeles,2006,6,29
2006-06-30,172,Unhealthy,Ozone,19,Los Angeles,California,34.1141,-118.4068,12531334.0,3267.0,America/Los_Angeles,2006,6,30
2006-07-01,195,Unhealthy,Ozone,19,Los Angeles,California,34.1141,-118.4068,12531334.0,3267.0,America/Los_Angeles,2006,7,1
2006-07-02,195,Unhealthy,Ozone,19,Los Angeles,California,34.1141,-118.4068,12531334.0,3267.0,America/Los_Angeles,2006,7,2
2006-07-03,150,Unhealthy for Sensitive Groups,Ozone,19,Los Angeles,California,34.1141,-118.4068,12531334.0,3267.0,America/Los_Angeles,2006,7,3
2006-07-04,160,Unhealthy,PM2.5,20,Los Angeles,California,34.1141,-118.4068,12531334.0,3267.0,America/Los_Angeles,2006,7,4
2006-07-05,159,Unhealthy,Ozone,19,Los Angeles,California,34.1141,-118.4068,12531334.0,3267.0,America/Los_Angeles,2006,7,5
2006-07-06,143,Unhealthy for Sensitive Groups,Ozone,19,Los Angeles,California,34.1141,-118.4068,12531334.0,3267.0,America/Los_Angeles,2006,7,6
2006-07-07,147,Unhealthy for Sensitive Groups,Ozone,19,Los Angeles,California,34.1141,-118.4068,12531334.0,3267.0,America/Los_Angeles,2006,7,7
2006-07-08,195,Unhealthy,Ozone,18,Los Angeles,California,34.1141,-118.4068,12531334.0,3267.0,America/Los_Angeles,2006,7,8
2006-07-09,172,Unhealthy,Ozone,18,Los Angeles,California,34.1141,-118.4068,12531334.0,3267.0,America/Los_Angeles,2006,7,9
2006-07-10,161,Unhealthy,Ozone,20,Los Angeles,California,34.1141,-118.4068,12531334.0,3267.0,America/Los_Angeles,2006,7,10
2006-07-11,100,Moderate,Ozone,19,Los Angeles,California,34.1141,-118.4068,12531334.0,3267.0,America/Los_Angeles,2006,7,11
2006-07-12,129,Unhealthy for Sensitive Groups,Ozone,19,Los Angeles,California,34.1141,-118.4068,12531334.0,3267.0,America/Los_Angeles,2006,7,12
2006-07-13,169,Unhealthy,Ozone,20,Los Angeles,California,34.1141,-118.4068,12531334.0,3267.0,America/Los_Angeles,2006,7,13
2006-07-14,133,Unhealthy for Sensitive Groups,Ozone,20,Los Angeles,California,34.1141,-118.4068,12531334.0,3267.0,America/Los_Angeles,2006,7,14
2006-07-15,210,Very Unhealthy,Ozone,20,Los Angeles,California,34.1141,-118.4068,12531334.0,3267.0,America/Los_Angeles,2006,7,15
2006-07-16,185,Unhealthy,Ozone,20,Los Angeles,California,34.1141,-118.4068,12531334.0,3267.0,America/Los_Angeles,2006,7,16
2006-07-17,133,Unhealthy for Sensitive Groups,Ozone,20,Los Angeles,California,34.1141,-118.4068,12531334.0,3267.0,America/Los_Angeles,2006,7,17
2006-07-18,174,Unhealthy,Ozone,20,Los Angeles,California,34.1141,-118.4068,12531334.0,3267.0,America/Los_Angeles,2006,7,18
2006-07-19,172,Unhealthy,Ozone,20,Los Angeles,California,34.1141,-118.4068,12531334.0,3267.0,America/Los_Angeles,2006,7,19
2006-07-20,169,Unhealthy,Ozone,20,Los Angeles,California,34.1141,-118.4068,12531334.0,3267.0,America/Los_Angeles,2006,7,20
2006-07-21,182,Unhealthy,Ozone,20,Los Angeles,California,34.1141,-118.4068,12531334.0,3267.0,America/Los_Angeles,2006,7,21
2006-07-22,224,Very Unhealthy,Ozone,20,Los Angeles,California,34.1141,-118.4068,12531334.0,3267.0,America/Los_Angeles,2006,7,22
2006-07-23,203,Very Unhealthy,Ozone,20,Los Angeles,California,34.1141,-118.4068,12531334.0,3267.0,America/Los_Angeles,2006,7,23
2006-07-24,216,Very Unhealthy,Ozone,20,Los Angeles,California,34.1141,-118.4068,12531334.0,3267.0,America/Los_Angeles,2006,7,24
2006-07-25,207,Very Unhealthy,Ozone,20,Los Angeles,California,34.1141,-118.4068,12531334.0,3267.0,America/Los_Angeles,2006,7,25
2006-07-26,182,Unhealthy,Ozone,20,Los Angeles,California,34.1141,-118.4068,12531334.0,3267.0,America/Los_Angeles,2006,7,26
2006-07-27,122,Unhealthy for Sensitive Groups,Ozone,20,Los Angeles,California,34.1141,-118.4068,12531334.0,3267.0,America/Los_Angeles,2006,7,27
2006-07-28,143,Unhealthy for Sensitive Groups,Ozone,20,Los Angeles,California,34.1141,-118.4068,12531334.0,3267.0,America/Los_Angeles,2006,7,28
2006-07-29,100,Moderate,Ozone,20,Los Angeles,California,34.1141,-118.4068,12531334.0,3267.0,America/Los_Angeles,2006,7,29
2006-07-30,50,Good,Ozone,20,Los Angeles,California,34.1141,-118.4068,12531334.0,3267.0,America/Los_Angeles,2006,7,30
2006-07-31,61,Moderate,Ozone,20,Los Angeles,California,34.1141,-118.4068,12531334.0,3267.0,America/Los_Angeles,2006,7,31
2006-08-01,49,Good,Ozone,19,Los Angeles,California,34.1141,-118.4068,12531334.0,3267.0,America/Los_Angeles,2006,8,1
2006-08-02,119,Unhealthy for Sensitive Groups,Ozone,20,Los Angeles,California,34.1141,-118.4068,12531334.0,3267.0,America/Los_Angeles,2006,8,2
2006-08-03,105,Unhealthy for Sensitive Groups,Ozone,20,Los Angeles,California,34.1141,-118.4068,12531334.0,3267.0,America/Los_Angeles,2006,8,3
2006-08-04,100,Moderate,Ozone,20,Los Angeles,California,34.1141,-118.4068,12531334.0,3267.0,America/Los_Angeles,2006,8,4
2006-08-05,101,Unhealthy for Sensitive Groups,Ozone,20,Los Angeles,California,34.1141,-118.4068,12531334.0,3267.0,America/Los_Angeles,2006,8,5
2006-08-06,101,Unhealthy for Sensitive Groups,Ozone,20,Los Angeles,California,34.1141,-118.4068,12531334.0,3267.0,America/Los_Angeles,2006,8,6
2006-08-07,90,Moderate,Ozone,20,Los Angeles,California,34.1141,-118.4068,12531334.0,3267.0,America/Los_Angeles,2006,8,7
2006-08-08,122,Unhealthy for Sensitive Groups,Ozone,20,Los Angeles,California,34.1141,-118.4068,12531334.0,3267.0,America/Los_Angeles,2006,8,8
2006-08-09,159,Unhealthy,Ozone,20,Los Angeles,California,34.1141,-118.4068,12531334.0,3267.0,America/Los_Angeles,2006,8,9
2006-08-10,179,Unhealthy,Ozone,20,Los Angeles,California,34.1141,-118.4068,12531334.0,3267.0,America/Los_Angeles,2006,8,10
2006-08-11,119,Unhealthy for Sensitive Groups,Ozone,20,Los Angeles,California,34.1141,-118.4068,12531334.0,3267.0,America/Los_Angeles,2006,8,11
2006-08-12,133,Unhealthy for Sensitive Groups,Ozone,20,Los Angeles,California,34.1141,-118.4068,12531334.0,3267.0,America/Los_Angeles,2006,8,12
2006-08-13,143,Unhealthy for Sensitive Groups,Ozone,19,Los Angeles,California,34.1141,-118.4068,12531334.0,3267.0,America/Los_Angeles,2006,8,13
2006-08-14,112,Unhealthy for Sensitive Groups,Ozone,20,Los Angeles,California,34.1141,-118.4068,12531334.0,3267.0,America/Los_Angeles,2006,8,14
2006-08-15,126,Unhealthy for Sensitive Groups,Ozone,20,Los Angeles,California,34.1141,-118.4068,12531334.0,3267.0,America/Los_Angeles,2006,8,15
2006-08-16,150,Unhealthy for Sensitive Groups,Ozone,20,Los Angeles,California,34.1141,-118.4068,12531334.0,3267.0,America/Los_Angeles,2006,8,16
2006-08-17,129,Unhealthy for Sensitive Groups,Ozone,20,Los Angeles,California,34.1141,-118.4068,12531334.0,3267.0,America/Los_Angeles,2006,8,17
2006-08-18,90,Moderate,Ozone,20,Los Angeles,California,34.1141,-118.4068,12531334.0,3267.0,America/Los_Angeles,2006,8,18
2006-08-19,100,Moderate,Ozone,20,Los Angeles,California,34.1141,-118.4068,12531334.0,3267.0,America/Los_Angeles,2006,8,19
2006-08-20,147,Unhealthy for Sensitive Groups,Ozone,20,Los Angeles,California,34.1141,-118.4068,12531334.0,3267.0,America/Los_Angeles,2006,8,20
2006-08-21,143,Unhealthy for Sensitive Groups,Ozone,20,Los Angeles,California,34.1141,-118.4068,12531334.0,3267.0,America/Los_Angeles,2006,8,21
2006-08-22,159,Unhealthy,Ozone,20,Los Angeles,California,34.1141,-118.4068,12531334.0,3267.0,America/Los_Angeles,2006,8,22
2006-08-23,140,Unhealthy for Sensitive Groups,Ozone,20,Los Angeles,California,34.1141,-118.4068,12531334.0,3267.0,America/Los_Angeles,2006,8,23
2006-08-24,126,Unhealthy for Sensitive Groups,Ozone,20,Los Angeles,California,34.1141,-118.4068,12531334.0,3267.0,America/Los_Angeles,2006,8,24
2006-08-25,93,Moderate,Ozone,20,Los Angeles,California,34.1141,-118.4068,12531334.0,3267.0,America/Los_Angeles,2006,8,25
2006-08-26,93,Moderate,Ozone,20,Los Angeles,California,34.1141,-118.4068,12531334.0,3267.0,America/Los_Angeles,2006,8,26
2006-08-27,143,Unhealthy for Sensitive Groups,Ozone,20,Los Angeles,California,34.1141,-118.4068,12531334.0,3267.0,America/Los_Angeles,2006,8,27
2006-08-28,150,Unhealthy for Sensitive Groups,Ozone,20,Los Angeles,California,34.1141,-118.4068,12531334.0,3267.0,America/Los_Angeles,2006,8,28
2006-08-29,190,Unhealthy,Ozone,20,Los Angeles,California,34.1141,-118.4068,12531334.0,3267.0,America/Los_Angeles,2006,8,29
2006-08-30,197,Unhealthy,Ozone,20,Los Angeles,California,34.1141,-118.4068,12531334.0,3267.0,America/Los_Angeles,2006,8,30
2006-08-31,169,Unhealthy,Ozone,20,Los Angeles,California,34.1141,-118.4068,12531334.0,3267.0,America/Los_Angeles,2006,8,31
2006-09-01,119,Unhealthy for Sensitive Groups,Ozone,20,Los Angeles,California,34.1141,-118.4068,12531334.0,3267.0,America/Los_Angeles,2006,9,1
2006-09-02,164,Unhealthy,Ozone,19,Los Angeles,California,34.1141,-118.4068,12531334.0,3267.0,America/Los_Angeles,2006,9,2
2006-09-03,169,Unhealthy,Ozone,19,Los Angeles,California,34.1141,-118.4068,12531334.0,3267.0,America/Los_Angeles,2006,9,3
2006-09-04,179,Unhealthy,Ozone,19,Los Angeles,California,34.1141,-118.4068,12531334.0,3267.0,America/Los_Angeles,2006,9,4
2006-09-05,90,Moderate,Ozone,20,Los Angeles,California,34.1141,-118.4068,12531334.0,3267.0,America/Los_Angeles,2006,9,5
2006-09-06,150,Unhealthy for Sensitive Groups,Ozone,20,Los Angeles,California,34.1141,-118.4068,12531334.0,3267.0,America/Los_Angeles,2006,9,6
2006-09-07,108,Unhealthy for Sensitive Groups,Ozone,20,Los Angeles,California,34.1141,-118.4068,12531334.0,3267.0,America/Los_Angeles,2006,9,7
2006-09-08,100,Moderate,Ozone,20,Los Angeles,California,34.1141,-118.4068,12531334.0,3267.0,America/Los_Angeles,2006,9,8
2006-09-09,108,Unhealthy for Sensitive Groups,Ozone,20,Los Angeles,California,34.1141,-118.4068,12531334.0,3267.0,America/Los_Angeles,2006,9,9
2006-09-10,159,Unhealthy,Ozone,20,Los Angeles,California,34.1141,-118.4068,12531334.0,3267.0,America/Los_Angeles,2006,9,10
2006-09-11,77,Moderate,NO2,20,Los Angeles,California,34.1141,-118.4068,12531334.0,3267.0,America/Los_Angeles,2006,9,11
2006-09-12,151,Unhealthy,Ozone,20,Los Angeles,California,34.1141,-118.4068,12531334.0,3267.0,America/Los_Angeles,2006,9,12
2006-09-13,143,Unhealthy for Sensitive Groups,Ozone,20,Los Angeles,California,34.1141,-118.4068,12531334.0,3267.0,America/Los_Angeles,2006,9,13
2006-09-14,80,Moderate,Ozone,20,Los Angeles,California,34.1141,-118.4068,12531334.0,3267.0,America/Los_Angeles,2006,9,14
2006-09-15,45,Good,Ozone,20,Los Angeles,California,34.1141,-118.4068,12531334.0,3267.0,America/Los_Angeles,2006,9,15
2006-09-16,64,Moderate,Ozone,20,Los Angeles,California,34.1141,-118.4068,12531334.0,3267.0,America/Los_Angeles,2006,9,16
2006-09-17,97,Moderate,Ozone,20,Los Angeles,California,34.1141,-118.4068,12531334.0,3267.0,America/Los_Angeles,2006,9,17
2006-09-18,112,Unhealthy for Sensitive Groups,Ozone,20,Los Angeles,California,34.1141,-118.4068,12531334.0,3267.0,America/Los_Angeles,2006,9,18
2006-09-19,105,Unhealthy for Sensitive Groups,Ozone,20,Los Angeles,California,34.1141,-118.4068,12531334.0,3267.0,America/Los_Angeles,2006,9,19
2006-09-20,72,Moderate,PM2.5,20,Los Angeles,California,34.1141,-118.4068,12531334.0,3267.0,America/Los_Angeles,2006,9,20
2006-09-21,87,Moderate,Ozone,20,Los Angeles,California,34.1141,-118.4068,12531334.0,3267.0,America/Los_Angeles,2006,9,21
2006-09-22,50,Good,Ozone,20,Los Angeles,California,34.1141,-118.4068,12531334.0,3267.0,America/Los_Angeles,2006,9,22
2006-09-23,48,Good,PM2.5,20,Los Angeles,California,34.1141,-118.4068,12531334.0,3267.0,America/Los_Angeles,2006,9,23
2006-09-24,67,Moderate,Ozone,20,Los Angeles,California,34.1141,-118.4068,12531334.0,3267.0,America/Los_Angeles,2006,9,24
2006-09-25,61,Moderate,NO2,20,Los Angeles,California,34.1141,-118.4068,12531334.0,3267.0,America/Los_Angeles,2006,9,25
2006-09-26,77,Moderate,Ozone,20,Los Angeles,California,34.1141,-118.4068,12531334.0,3267.0,America/Los_Angeles,2006,9,26
2006-09-27,67,Moderate,PM2.5,19,Los Angeles,California,34.1141,-118.4068,12531334.0,3267.0,America/Los_Angeles,2006,9,27
2006-09-28,101,Unhealthy for Sensitive Groups,NO2,19,Los Angeles,California,34.1141,-118.4068,12531334.0,3267.0,America/Los_Angeles,2006,9,28
2006-09-29,101,Unhealthy for Sensitive Groups,NO2,20,Los Angeles,California,34.1141,-118.4068,12531334.0,3267.0,America/Los_Angeles,2006,9,29
2006-09-30,94,Moderate,PM2.5,18,Los Angeles,California,34.1141,-118.4068,12531334.0,3267.0,America/Los_Angeles,2006,9,30
2006-10-01,75,Moderate,PM2.5,19,Los Angeles,California,34.1141,-118.4068,12531334.0,3267.0,America/Los_Angeles,2006,10,1
2006-10-02,55,Moderate,PM2.5,20,Los Angeles,California,34.1141,-118.4068,12531334.0,3267.0,America/Los_Angeles,2006,10,2
2006-10-03,47,Good,PM2.5,20,Los Angeles,California,34.1141,-118.4068,12531334.0,3267.0,America/Los_Angeles,2006,10,3
2006-10-04,45,Good,NO2,20,Los Angeles,California,34.1141,-118.4068,12531334.0,3267.0,America/Los_Angeles,2006,10,4
2006-10-05,36,Good,PM2.5,20,Los Angeles,California,34.1141,-118.4068,12531334.0,3267.0,America/Los_Angeles,2006,10,5
2006-10-06,46,Good,Ozone,20,Los Angeles,California,34.1141,-118.4068,12531334.0,3267.0,America/Los_Angeles,2006,10,6
2006-10-07,51,Moderate,PM2.5,20,Los Angeles,California,34.1141,-118.4068,12531334.0,3267.0,America/Los_Angeles,2006,10,7
2006-10-08,81,Moderate,PM2.5,20,Los Angeles,California,34.1141,-118.4068,12531334.0,3267.0,America/Los_Angeles,2006,10,8
2006-10-09,59,Moderate,PM2.5,19,Los Angeles,California,34.1141,-118.4068,12531334.0,3267.0,America/Los_Angeles,2006,10,9
2006-10-10,59,Moderate,PM2.5,19,Los Angeles,California,34.1141,-118.4068,12531334.0,3267.0,America/Los_Angeles,2006,10,10
2006-10-11,68,Moderate,PM2.5,19,Los Angeles,California,34.1141,-118.4068,12531334.0,3267.0,America/Los_Angeles,2006,10,11
2006-10-12,44,Good,NO2,20,Los Angeles,California,34.1141,-118.4068,12531334.0,3267.0,America/Los_Angeles,2006,10,12
2006-10-13,38,Good,NO2,20,Los Angeles,California,34.1141,-118.4068,12531334.0,3267.0,America/Los_Angeles,2006,10,13
2006-10-14,47,Good,Ozone,20,Los Angeles,California,34.1141,-118.4068,12531334.0,3267.0,America/Los_Angeles,2006,10,14
2006-10-15,47,Good,Ozone,19,Los Angeles,California,34.1141,-118.4068,12531334.0,3267.0,America/Los_Angeles,2006,10,15
2006-10-16,49,Good,PM2.5,19,Los Angeles,California,34.1141,-118.4068,12531334.0,3267.0,America/Los_Angeles,2006,10,16
2006-10-17,77,Moderate,NO2,19,Los Angeles,California,34.1141,-118.4068,12531334.0,3267.0,America/Los_Angeles,2006,10,17
2006-10-18,53,Moderate,NO2,19,Los Angeles,California,34.1141,-118.4068,12531334.0,3267.0,America/Los_Angeles,2006,10,18
2006-10-19,53,Moderate,NO2,19,Los Angeles,California,34.1141,-118.4068,12531334.0,3267.0,America/Los_Angeles,2006,10,19
2006-10-20,80,Moderate,NO2,20,Los Angeles,California,34.1141,-118.4068,12531334.0,3267.0,America/Los_Angeles,2006,10,20
2006-10-21,89,Moderate,PM2.5,20,Los Angeles,California,34.1141,-118.4068,12531334.0,3267.0,America/Los_Angeles,2006,10,21
2006-10-22,89,Moderate,PM2.5,20,Los Angeles,California,34.1141,-118.4068,12531334.0,3267.0,America/Los_Angeles,2006,10,22
2006-10-23,83,Moderate,NO2,19,Los Angeles,California,34.1141,-118.4068,12531334.0,3267.0,America/Los_Angeles,2006,10,23
2006-10-24,90,Moderate,PM2.5,19,Los Angeles,California,34.1141,-118.4068,12531334.0,3267.0,America/Los_Angeles,2006,10,24
2006-10-25,117,Unhealthy for Sensitive Groups,PM2.5,20,Los Angeles,California,34.1141,-118.4068,12531334.0,3267.0,America/Los_Angeles,2006,10,25
2006-10-26,87,Moderate,Ozone,20,Los Angeles,California,34.1141,-118.4068,12531334.0,3267.0,America/Los_Angeles,2006,10,26
2006-10-27,63,Moderate,NO2,19,Los Angeles,California,34.1141,-118.4068,12531334.0,3267.0,America/Los_Angeles,2006,10,27
2006-10-28,71,Moderate,NO2,19,Los Angeles,California,34.1141,-118.4068,12531334.0,3267.0,America/Los_Angeles,2006,10,28
2006-10-29,84,Moderate,Ozone,19,Los Angeles,California,34.1141,-118.4068,12531334.0,3267.0,America/Los_Angeles,2006,10,29
2006-10-30,80,Moderate,PM2.5,18,Los Angeles,California,34.1141,-118.4068,12531334.0,3267.0,America/Los_Angeles,2006,10,30
2006-10-31,80,Moderate,PM2.5,18,Los Angeles,California,34.1141,-118.4068,12531334.0,3267.0,America/Los_Angeles,2006,10,31
2006-11-01,91,Moderate,PM2.5,20,Los Angeles,California,34.1141,-118.4068,12531334.0,3267.0,America/Los_Angeles,2006,11,1
2006-11-02,85,Moderate,PM2.5,19,Los Angeles,California,34.1141,-118.4068,12531334.0,3267.0,America/Los_Angeles,2006,11,2
2006-11-03,96,Moderate,PM2.5,20,Los Angeles,California,34.1141,-118.4068,12531334.0,3267.0,America/Los_Angeles,2006,11,3
2006-11-04,82,Moderate,PM2.5,20,Los Angeles,California,34.1141,-118.4068,12531334.0,3267.0,America/Los_Angeles,2006,11,4
2006-11-05,67,Moderate,NO2,20,Los Angeles,California,34.1141,-118.4068,12531334.0,3267.0,America/Los_Angeles,2006,11,5
2006-11-06,70,Moderate,NO2,20,Los Angeles,California,34.1141,-118.4068,12531334.0,3267.0,America/Los_Angeles,2006,11,6
2006-11-07,76,Moderate,NO2,20,Los Angeles,California,34.1141,-118.4068,12531334.0,3267.0,America/Los_Angeles,2006,11,7
2006-11-08,99,Moderate,NO2,20,Los Angeles,California,34.1141,-118.4068,12531334.0,3267.0,America/Los_Angeles,2006,11,8
2006-11-09,74,Moderate,PM2.5,20,Los Angeles,California,34.1141,-118.4068,12531334.0,3267.0,America/Los_Angeles,2006,11,9
2006-11-10,79,Moderate,PM2.5,20,Los Angeles,California,34.1141,-118.4068,12531334.0,3267.0,America/Los_Angeles,2006,11,10
2006-11-11,60,Moderate,PM2.5,20,Los Angeles,California,34.1141,-118.4068,12531334.0,3267.0,America/Los_Angeles,2006,11,11
2006-11-12,55,Moderate,NO2,20,Los Angeles,California,34.1141,-118.4068,12531334.0,3267.0,America/Los_Angeles,2006,11,12
2006-11-13,79,Moderate,NO2,20,Los Angeles,California,34.1141,-118.4068,12531334.0,3267.0,America/Los_Angeles,2006,11,13
2006-11-14,60,Moderate,PM2.5,20,Los Angeles,California,34.1141,-118.4068,12531334.0,3267.0,America/Los_Angeles,2006,11,14
2006-11-15,56,Moderate,NO2,20,Los Angeles,California,34.1141,-118.4068,12531334.0,3267.0,America/Los_Angeles,2006,11,15
2006-11-16,88,Moderate,NO2,20,Los Angeles,California,34.1141,-118.4068,12531334.0,3267.0,America/Los_Angeles,2006,11,16
2006-11-17,108,Unhealthy for Sensitive Groups,NO2,20,Los Angeles,California,34.1141,-118.4068,12531334.0,3267.0,America/Los_Angeles,2006,11,17
2006-11-18,107,Unhealthy for Sensitive Groups,NO2,20,Los Angeles,California,34.1141,-118.4068,12531334.0,3267.0,America/Los_Angeles,2006,11,18
2006-11-19,93,Moderate,NO2,20,Los Angeles,California,34.1141,-118.4068,12531334.0,3267.0,America/Los_Angeles,2006,11,19
2006-11-20,94,Moderate,NO2,20,Los Angeles,California,34.1141,-118.4068,12531334.0,3267.0,America/Los_Angeles,2006,11,20
2006-11-21,78,Moderate,PM2.5,19,Los Angeles,California,34.1141,-118.4068,12531334.0,3267.0,America/Los_Angeles,2006,11,21
2006-11-22,138,Unhealthy for Sensitive Groups,PM2.5,19,Los Angeles,California,34.1141,-118.4068,12531334.0,3267.0,America/Los_Angeles,2006,11,22
2006-11-23,143,Unhealthy for Sensitive Groups,PM2.5,20,Los Angeles,California,34.1141,-118.4068,12531334.0,3267.0,America/Los_Angeles,2006,11,23
2006-11-24,135,Unhealthy for Sensitive Groups,PM2.5,20,Los Angeles,California,34.1141,-118.4068,12531334.0,3267.0,America/Los_Angeles,2006,11,24
2006-11-25,83,Moderate,PM2.5,20,Los Angeles,California,34.1141,-118.4068,12531334.0,3267.0,America/Los_Angeles,2006,11,25
2006-11-26,63,Moderate,NO2,20,Los Angeles,California,34.1141,-118.4068,12531334.0,3267.0,America/Los_Angeles,2006,11,26
2006-11-27,54,Moderate,NO2,20,Los Angeles,California,34.1141,-118.4068,12531334.0,3267.0,America/Los_Angeles,2006,11,27
2006-11-28,63,Moderate,PM2.5,20,Los Angeles,California,34.1141,-118.4068,12531334.0,3267.0,America/Los_Angeles,2006,11,28
2006-11-29,64,Moderate,NO2,20,Los Angeles,California,34.1141,-118.4068,12531334.0,3267.0,America/Los_Angeles,2006,11,29
2006-11-30,68,Moderate,NO2,19,Los Angeles,California,34.1141,-118.4068,12531334.0,3267.0,America/Los_Angeles,2006,11,30
2006-12-01,74,Moderate,PM2.5,20,Los Angeles,California,34.1141,-118.4068,12531334.0,3267.0,America/Los_Angeles,2006,12,1
2006-12-02,65,Moderate,PM2.5,20,Los Angeles,California,34.1141,-118.4068,12531334.0,3267.0,America/Los_Angeles,2006,12,2
2006-12-03,58,Moderate,CO,20,Los Angeles,California,34.1141,-118.4068,12531334.0,3267.0,America/Los_Angeles,2006,12,3
2006-12-04,64,Moderate,PM2.5,19,Los Angeles,California,34.1141,-118.4068,12531334.0,3267.0,America/Los_Angeles,2006,12,4
2006-12-05,62,Moderate,PM2.5,20,Los Angeles,California,34.1141,-118.4068,12531334.0,3267.0,America/Los_Angeles,2006,12,5
2006-12-06,101,Unhealthy for Sensitive Groups,NO2,20,Los Angeles,California,34.1141,-118.4068,12531334.0,3267.0,America/Los_Angeles,2006,12,6
2006-12-07,151,Unhealthy,PM2.5,20,Los Angeles,California,34.1141,-118.4068,12531334.0,3267.0,America/Los_Angeles,2006,12,7
2006-12-08,76,Moderate,PM2.5,19,Los Angeles,California,34.1141,-118.4068,12531334.0,3267.0,America/Los_Angeles,2006,12,8
2006-12-09,79,Moderate,PM2.5,20,Los Angeles,California,34.1141,-118.4068,12531334.0,3267.0,America/Los_Angeles,2006,12,9
2006-12-10,39,Good,Ozone,20,Los Angeles,California,34.1141,-118.4068,12531334.0,3267.0,America/Los_Angeles,2006,12,10
2006-12-11,54,Moderate,PM2.5,20,Los Angeles,California,34.1141,-118.4068,12531334.0,3267.0,America/Los_Angeles,2006,12,11
2006-12-12,72,Moderate,PM2.5,20,Los Angeles,California,34.1141,-118.4068,12531334.0,3267.0,America/Los_Angeles,2006,12,12
2006-12-13,129,Unhealthy for Sensitive Groups,PM2.5,20,Los Angeles,California,34.1141,-118.4068,12531334.0,3267.0,America/Los_Angeles,2006,12,13
2006-12-14,84,Moderate,PM2.5,20,Los Angeles,California,34.1141,-118.4068,12531334.0,3267.0,America/Los_Angeles,2006,12,14
2006-12-15,101,Unhealthy for Sensitive Groups,PM2.5,20,Los Angeles,California,34.1141,-118.4068,12531334.0,3267.0,America/Los_Angeles,2006,12,15
2006-12-16,65,Moderate,PM2.5,20,Los Angeles,California,34.1141,-118.4068,12531334.0,3267.0,America/Los_Angeles,2006,12,16
2006-12-17,55,Moderate,PM2.5,20,Los Angeles,California,34.1141,-118.4068,12531334.0,3267.0,America/Los_Angeles,2006,12,17
2006-12-18,52,Moderate,PM2.5,20,Los Angeles,California,34.1141,-118.4068,12531334.0,3267.0,America/Los_Angeles,2006,12,18
2006-12-19,79,Moderate,PM2.5,20,Los Angeles,California,34.1141,-118.4068,12531334.0,3267.0,America/Los_Angeles,2006,12,19
2006-12-20,67,Moderate,PM2.5,20,Los Angeles,California,34.1141,-118.4068,12531334.0,3267.0,America/Los_Angeles,2006,12,20
2006-12-21,71,Moderate,PM2.5,20,Los Angeles,California,34.1141,-118.4068,12531334.0,3267.0,America/Los_Angeles,2006,12,21
2006-12-22,70,Moderate,PM2.5,20,Los Angeles,California,34.1141,-118.4068,12531334.0,3267.0,America/Los_Angeles,2006,12,22
2006-12-23,64,Moderate,PM2.5,20,Los Angeles,California,34.1141,-118.4068,12531334.0,3267.0,America/Los_Angeles,2006,12,23
2006-12-24,92,Moderate,PM2.5,20,Los Angeles,California,34.1141,-118.4068,12531334.0,3267.0,America/Los_Angeles,2006,12,24
2006-12-25,85,Moderate,PM2.5,20,Los Angeles,California,34.1141,-118.4068,12531334.0,3267.0,America/Los_Angeles,2006,12,25
2006-12-26,89,Moderate,PM2.5,20,Los Angeles,California,34.1141,-118.4068,12531334.0,3267.0,America/Los_Angeles,2006,12,26
2006-12-27,48,Good,NO2,20,Los Angeles,California,34.1141,-118.4068,12531334.0,3267.0,America/Los_Angeles,2006,12,27
2006-12-28,52,Moderate,PM2.5,19,Los Angeles,California,34.1141,-118.4068,12531334.0,3267.0,America/Los_Angeles,2006,12,28
2006-12-29,56,Moderate,PM2.5,20,Los Angeles,California,34.1141,-118.4068,12531334.0,3267.0,America/Los_Angeles,2006,12,29
2006-12-30,55,Moderate,PM2.5,20,Los Angeles,California,34.1141,-118.4068,12531334.0,3267.0,America/Los_Angeles,2006,12,30
2006-12-31,123,Unhealthy for Sensitive Groups,PM2.5,20,Los Angeles,California,34.1141,-118.4068,12531334.0,3267.0,America/Los_Angeles,2006,12,31
2007-01-01,108,Unhealthy for Sensitive Groups,PM2.5,20,Los Angeles,California,34.1141,-118.4068,12531334.0,3267.0,America/Los_Angeles,2007,1,1
2007-01-02,81,Moderate,NO2,20,Los Angeles,California,34.1141,-118.4068,12531334.0,3267.0,America/Los_Angeles,2007,1,2
2007-01-03,67,Moderate,PM2.5,20,Los Angeles,California,34.1141,-118.4068,12531334.0,3267.0,America/Los_Angeles,2007,1,3
2007-01-04,65,Moderate,PM2.5,20,Los Angeles,California,34.1141,-118.4068,12531334.0,3267.0,America/Los_Angeles,2007,1,4
2007-01-05,44,Good,NO2,20,Los Angeles,California,34.1141,-118.4068,12531334.0,3267.0,America/Los_Angeles,2007,1,5
2007-01-06,82,Moderate,PM2.5,20,Los Angeles,California,34.1141,-118.4068,12531334.0,3267.0,America/Los_Angeles,2007,1,6
2007-01-07,66,Moderate,PM2.5,20,Los Angeles,California,34.1141,-118.4068,12531334.0,3267.0,America/Los_Angeles,2007,1,7
2007-01-08,70,Moderate,NO2,20,Los Angeles,California,34.1141,-118.4068,12531334.0,3267.0,America/Los_Angeles,2007,1,8
2007-01-09,87,Moderate,NO2,19,Los Angeles,California,34.1141,-118.4068,12531334.0,3267.0,America/Los_Angeles,2007,1,9
2007-01-10,102,Unhealthy for Sensitive Groups,NO2,20,Los Angeles,California,34.1141,-118.4068,12531334.0,3267.0,America/Los_Angeles,2007,1,10
2007-01-11,55,Moderate,PM2.5,20,Los Angeles,California,34.1141,-118.4068,12531334.0,3267.0,America/Los_Angeles,2007,1,11
2007-01-12,72,Moderate,PM2.5,20,Los Angeles,California,34.1141,-118.4068,12531334.0,3267.0,America/Los_Angeles,2007,1,12
2007-01-13,49,Good,PM2.5,19,Los Angeles,California,34.1141,-118.4068,12531334.0,3267.0,America/Los_Angeles,2007,1,13
2007-01-14,69,Moderate,PM2.5,19,Los Angeles,California,34.1141,-118.4068,12531334.0,3267.0,America/Los_Angeles,2007,1,14
2007-01-15,90,Moderate,PM2.5,19,Los Angeles,California,34.1141,-118.4068,12531334.0,3267.0,America/Los_Angeles,2007,1,15
2007-01-16,82,Moderate,NO2,19,Los Angeles,California,34.1141,-118.4068,12531334.0,3267.0,America/Los_Angeles,2007,1,16
2007-01-17,69,Moderate,NO2,19,Los Angeles,California,34.1141,-118.4068,12531334.0,3267.0,America/Los_Angeles,2007,1,17
2007-01-18,85,Moderate,PM2.5,20,Los Angeles,California,34.1141,-118.4068,12531334.0,3267.0,America/Los_Angeles,2007,1,18
2007-01-19,77,Moderate,NO2,18,Los Angeles,California,34.1141,-118.4068,12531334.0,3267.0,America/Los_Angeles,2007,1,19
2007-01-20,56,Moderate,PM2.5,19,Los Angeles,California,34.1141,-118.4068,12531334.0,3267.0,America/Los_Angeles,2007,1,20
2007-01-21,68,Moderate,PM2.5,19,Los Angeles,California,34.1141,-118.4068,12531334.0,3267.0,America/Los_Angeles,2007,1,21
2007-01-22,80,Moderate,NO2,18,Los Angeles,California,34.1141,-118.4068,12531334.0,3267.0,America/Los_Angeles,2007,1,22
2007-01-23,102,Unhealthy for Sensitive Groups,NO2,18,Los Angeles,California,34.1141,-118.4068,12531334.0,3267.0,America/Los_Angeles,2007,1,23
2007-01-24,97,Moderate,PM2.5,20,Los Angeles,California,34.1141,-118.4068,12531334.0,3267.0,America/Los_Angeles,2007,1,24
2007-01-25,85,Moderate,PM2.5,19,Los Angeles,California,34.1141,-118.4068,12531334.0,3267.0,America/Los_Angeles,2007,1,25
2007-01-26,76,Moderate,PM2.5,18,Los Angeles,California,34.1141,-118.4068,12531334.0,3267.0,America/Los_Angeles,2007,1,26
2007-01-27,56,Moderate,PM2.5,20,Los Angeles,California,34.1141,-118.4068,12531334.0,3267.0,America/Los_Angeles,2007,1,27
2007-01-28,56,Moderate,PM2.5,20,Los Angeles,California,34.1141,-118.4068,12531334.0,3267.0,America/Los_Angeles,2007,1,28
2007-01-29,81,Moderate,PM2.5,20,Los Angeles,California,34.1141,-118.4068,12531334.0,3267.0,America/Los_Angeles,2007,1,29
2007-01-30,74,Moderate,PM2.5,20,Los Angeles,California,34.1141,-118.4068,12531334.0,3267.0,America/Los_Angeles,2007,1,30
2007-01-31,56,Moderate,PM2.5,20,Los Angeles,California,34.1141,-118.4068,12531334.0,3267.0,America/Los_Angeles,2007,1,31
2007-02-01,49,Good,PM2.5,20,Los Angeles,California,34.1141,-118.4068,12531334.0,3267.0,America/Los_Angeles,2007,2,1
2007-02-02,79,Moderate,PM2.5,20,Los Angeles,California,34.1141,-118.4068,12531334.0,3267.0,America/Los_Angeles,2007,2,2
2007-02-03,79,Moderate,PM2.5,20,Los Angeles,California,34.1141,-118.4068,12531334.0,3267.0,America/Los_Angeles,2007,2,3
2007-02-04,62,Moderate,PM2.5,20,Los Angeles,California,34.1141,-118.4068,12531334.0,3267.0,America/Los_Angeles,2007,2,4
2007-02-05,97,Moderate,NO2,20,Los Angeles,California,34.1141,-118.4068,12531334.0,3267.0,America/Los_Angeles,2007,2,5
2007-02-06,95,Moderate,NO2,19,Los Angeles,California,34.1141,-118.4068,12531334.0,3267.0,America/Los_Angeles,2007,2,6
2007-02-07,126,Unhealthy for Sensitive Groups,PM2.5,19,Los Angeles,California,34.1141,-118.4068,12531334.0,3267.0,America/Los_Angeles,2007,2,7
2007-02-08,133,Unhealthy for Sensitive Groups,PM2.5,19,Los Angeles,California,34.1141,-118.4068,12531334.0,3267.0,America/Los_Angeles,2007,2,8
2007-02-09,121,Unhealthy for Sensitive Groups,PM2.5,20,Los Angeles,California,34.1141,-118.4068,12531334.0,3267.0,America/Los_Angeles,2007,2,9
2007-02-10,94,Moderate,PM2.5,20,Los Angeles,California,34.1141,-118.4068,12531334.0,3267.0,America/Los_Angeles,2007,2,10
2007-02-11,41,Good,PM2.5,20,Los Angeles,California,34.1141,-118.4068,12531334.0,3267.0,America/Los_Angeles,2007,2,11
2007-02-12,39,Good,NO2,20,Los Angeles,California,34.1141,-118.4068,12531334.0,3267.0,America/Los_Angeles,2007,2,12
2007-02-13,39,Good,NO2,20,Los Angeles,California,34.1141,-118.4068,12531334.0,3267.0,America/Los_Angeles,2007,2,13
2007-02-14,52,Moderate,NO2,19,Los Angeles,California,34.1141,-118.4068,12531334.0,3267.0,America/Los_Angeles,2007,2,14
2007-02-15,61,Moderate,NO2,19,Los Angeles,California,34.1141,-118.4068,12531334.0,3267.0,America/Los_Angeles,2007,2,15
2007-02-16,78,Moderate,NO2,20,Los Angeles,California,34.1141,-118.4068,12531334.0,3267.0,America/Los_Angeles,2007,2,16
2007-02-17,67,Moderate,NO2,20,Los Angeles,California,34.1141,-118.4068,12531334.0,3267.0,America/Los_Angeles,2007,2,17
2007-02-18,45,Good,NO2,19,Los Angeles,California,34.1141,-118.4068,12531334.0,3267.0,America/Los_Angeles,2007,2,18
2007-02-19,39,Good,Ozone,20,Los Angeles,California,34.1141,-118.4068,12531334.0,3267.0,America/Los_Angeles,2007,2,19
2007-02-20,54,Moderate,NO2,20,Los Angeles,California,34.1141,-118.4068,12531334.0,3267.0,America/Los_Angeles,2007,2,20
2007-02-21,69,Moderate,PM2.5,20,Los Angeles,California,34.1141,-118.4068,12531334.0,3267.0,America/Los_Angeles,2007,2,21
2007-02-22,55,Moderate,PM2.5,20,Los Angeles,California,34.1141,-118.4068,12531334.0,3267.0,America/Los_Angeles,2007,2,22
2007-02-23,47,Good,NO2,20,Los Angeles,California,34.1141,-118.4068,12531334.0,3267.0,America/Los_Angeles,2007,2,23
2007-02-24,47,Good,NO2,19,Los Angeles,California,34.1141,-118.4068,12531334.0,3267.0,America/Los_Angeles,2007,2,24
2007-02-25,55,Moderate,PM2.5,20,Los Angeles,California,34.1141,-118.4068,12531334.0,3267.0,America/Los_Angeles,2007,2,25
2007-02-26,53,Moderate,PM2.5,20,Los Angeles,California,34.1141,-118.4068,12531334.0,3267.0,America/Los_Angeles,2007,2,26
2007-02-27,44,Good,Ozone,20,Los Angeles,California,34.1141,-118.4068,12531334.0,3267.0,America/Los_Angeles,2007,2,27
2007-02-28,42,Good,Ozone,19,Los Angeles,California,34.1141,-118.4068,12531334.0,3267.0,America/Los_Angeles,2007,2,28
2007-03-01,73,Moderate,PM2.5,20,Los Angeles,California,34.1141,-118.4068,12531334.0,3267.0,America/Los_Angeles,2007,3,1
2007-03-02,77,Moderate,NO2,19,Los Angeles,California,34.1141,-118.4068,12531334.0,3267.0,America/Los_Angeles,2007,3,2
2007-03-03,55,Moderate,NO2,20,Los Angeles,California,34.1141,-118.4068,12531334.0,3267.0,America/Los_Angeles,2007,3,3
2007-03-04,61,Moderate,NO2,20,Los Angeles,California,34.1141,-118.4068,12531334.0,3267.0,America/Los_Angeles,2007,3,4
2007-03-05,74,Moderate,NO2,20,Los Angeles,California,34.1141,-118.4068,12531334.0,3267.0,America/Los_Angeles,2007,3,5
2007-03-06,95,Moderate,NO2,19,Los Angeles,California,34.1141,-118.4068,12531334.0,3267.0,America/Los_Angeles,2007,3,6
2007-03-07,77,Moderate,NO2,20,Los Angeles,California,34.1141,-118.4068,12531334.0,3267.0,America/Los_Angeles,2007,3,7
2007-03-08,99,Moderate,NO2,20,Los Angeles,California,34.1141,-118.4068,12531334.0,3267.0,America/Los_Angeles,2007,3,8
2007-03-09,68,Moderate,PM2.5,20,Los Angeles,California,34.1141,-118.4068,12531334.0,3267.0,America/Los_Angeles,2007,3,9
2007-03-10,92,Moderate,PM2.5,20,Los Angeles,California,34.1141,-118.4068,12531334.0,3267.0,America/Los_Angeles,2007,3,10
2007-03-11,80,Moderate,NO2,20,Los Angeles,California,34.1141,-118.4068,12531334.0,3267.0,America/Los_Angeles,2007,3,11
2007-03-12,89,Moderate,NO2,20,Los Angeles,California,34.1141,-118.4068,12531334.0,3267.0,America/Los_Angeles,2007,3,12
2007-03-13,84,Moderate,Ozone,20,Los Angeles,California,34.1141,-118.4068,12531334.0,3267.0,America/Los_Angeles,2007,3,13
2007-03-14,87,Moderate,Ozone,20,Los Angeles,California,34.1141,-118.4068,12531334.0,3267.0,America/Los_Angeles,2007,3,14
2007-03-15,140,Unhealthy for Sensitive Groups,PM2.5,19,Los Angeles,California,34.1141,-118.4068,12531334.0,3267.0,America/Los_Angeles,2007,3,15
2007-03-16,143,Unhealthy for Sensitive Groups,Ozone,20,Los Angeles,California,34.1141,-118.4068,12531334.0,3267.0,America/Los_Angeles,2007,3,16
2007-03-17,150,Unhealthy for Sensitive Groups,Ozone,20,Los Angeles,California,34.1141,-118.4068,12531334.0,3267.0,America/Los_Angeles,2007,3,17
2007-03-18,100,Moderate,Ozone,20,Los Angeles,California,34.1141,-118.4068,12531334.0,3267.0,America/Los_Angeles,2007,3,18
2007-03-19,68,Moderate,PM2.5,20,Los Angeles,California,34.1141,-118.4068,12531334.0,3267.0,America/Los_Angeles,2007,3,19
2007-03-20,67,Moderate,PM2.5,20,Los Angeles,California,34.1141,-118.4068,12531334.0,3267.0,America/Los_Angeles,2007,3,20
2007-03-21,44,Good,Ozone,20,Los Angeles,California,34.1141,-118.4068,12531334.0,3267.0,America/Los_Angeles,2007,3,21
2007-03-22,51,Moderate,NO2,20,Los Angeles,California,34.1141,-118.4068,12531334.0,3267.0,America/Los_Angeles,2007,3,22
2007-03-23,57,Moderate,NO2,20,Los Angeles,California,34.1141,-118.4068,12531334.0,3267.0,America/Los_Angeles,2007,3,23
2007-03-24,74,Moderate,Ozone,20,Los Angeles,California,34.1141,-118.4068,12531334.0,3267.0,America/Los_Angeles,2007,3,24
2007-03-25,74,Moderate,Ozone,20,Los Angeles,California,34.1141,-118.4068,12531334.0,3267.0,America/Los_Angeles,2007,3,25
2007-03-26,74,Moderate,PM2.5,19,Los Angeles,California,34.1141,-118.4068,12531334.0,3267.0,America/Los_Angeles,2007,3,26
2007-03-27,44,Good,Ozone,19,Los Angeles,California,34.1141,-118.4068,12531334.0,3267.0,America/Los_Angeles,2007,3,27
2007-03-28,44,Good,NO2,19,Los Angeles,California,34.1141,-118.4068,12531334.0,3267.0,America/Los_Angeles,2007,3,28
2007-03-29,51,Moderate,NO2,19,Los Angeles,California,34.1141,-118.4068,12531334.0,3267.0,America/Los_Angeles,2007,3,29
2007-03-30,67,Moderate,Ozone,20,Los Angeles,California,34.1141,-118.4068,12531334.0,3267.0,America/Los_Angeles,2007,3,30
2007-03-31,90,Moderate,Ozone,20,Los Angeles,California,34.1141,-118.4068,12531334.0,3267.0,America/Los_Angeles,2007,3,31
2007-04-01,105,Unhealthy for Sensitive Groups,Ozone,19,Los Angeles,California,34.1141,-118.4068,12531334.0,3267.0,America/Los_Angeles,2007,4,1
2007-04-02,88,Moderate,PM2.5,19,Los Angeles,California,34.1141,-118.4068,12531334.0,3267.0,America/Los_Angeles,2007,4,2
2007-04-03,79,Moderate,PM2.5,20,Los Angeles,California,34.1141,-118.4068,12531334.0,3267.0,America/Los_Angeles,2007,4,3
2007-04-04,133,Unhealthy for Sensitive Groups,PM2.5,19,Los Angeles,California,34.1141,-118.4068,12531334.0,3267.0,America/Los_Angeles,2007,4,4
2007-04-05,135,Unhealthy for Sensitive Groups,PM2.5,19,Los Angeles,California,34.1141,-118.4068,12531334.0,3267.0,America/Los_Angeles,2007,4,5
2007-04-06,96,Moderate,PM2.5,20,Los Angeles,California,34.1141,-118.4068,12531334.0,3267.0,America/Los_Angeles,2007,4,6
2007-04-07,80,Moderate,PM2.5,19,Los Angeles,California,34.1141,-118.4068,12531334.0,3267.0,America/Los_Angeles,2007,4,7
2007-04-08,74,Moderate,PM2.5,19,Los Angeles,California,34.1141,-118.4068,12531334.0,3267.0,America/Los_Angeles,2007,4,8
2007-04-09,57,Moderate,PM2.5,20,Los Angeles,California,34.1141,-118.4068,12531334.0,3267.0,America/Los_Angeles,2007,4,9
2007-04-10,58,Moderate,Ozone,19,Los Angeles,California,34.1141,-118.4068,12531334.0,3267.0,America/Los_Angeles,2007,4,10
2007-04-11,54,Moderate,Ozone,18,Los Angeles,California,34.1141,-118.4068,12531334.0,3267.0,America/Los_Angeles,2007,4,11
2007-04-12,117,Unhealthy for Sensitive Groups,PM10,20,Los Angeles,California,34.1141,-118.4068,12531334.0,3267.0,America/Los_Angeles,2007,4,12
2007-04-13,52,Moderate,NO2,19,Los Angeles,California,34.1141,-118.4068,12531334.0,3267.0,America/Los_Angeles,2007,4,13
2007-04-14,50,Good,Ozone,19,Los Angeles,California,34.1141,-118.4068,12531334.0,3267.0,America/Los_Angeles,2007,4,14
2007-04-15,48,Good,Ozone,20,Los Angeles,California,34.1141,-118.4068,12531334.0,3267.0,America/Los_Angeles,2007,4,15
2007-04-16,48,Good,PM2.5,19,Los Angeles,California,34.1141,-118.4068,12531334.0,3267.0,America/Los_Angeles,2007,4,16
2007-04-17,61,Moderate,PM2.5,19,Los Angeles,California,34.1141,-118.4068,12531334.0,3267.0,America/Los_Angeles,2007,4,17
2007-04-18,58,Moderate,Ozone,20,Los Angeles,California,34.1141,-118.4068,12531334.0,3267.0,America/Los_Angeles,2007,4,18
2007-04-19,61,Moderate,Ozone,19,Los Angeles,California,34.1141,-118.4068,12531334.0,3267.0,America/Los_Angeles,2007,4,19
2007-04-20,48,Good,Ozone,19,Los Angeles,California,34.1141,-118.4068,12531334.0,3267.0,America/Los_Angeles,2007,4,20
2007-04-21,52,Moderate,PM2.5,20,Los Angeles,California,34.1141,-118.4068,12531334.0,3267.0,America/Los_Angeles,2007,4,21
2007-04-22,52,Moderate,NO2,19,Los Angeles,California,34.1141,-118.4068,12531334.0,3267.0,America/Los_Angeles,2007,4,22
2007-04-23,45,Good,Ozone,19,Los Angeles,California,34.1141,-118.4068,12531334.0,3267.0,America/Los_Angeles,2007,4,23
2007-04-24,63,Moderate,PM2.5,20,Los Angeles,California,34.1141,-118.4068,12531334.0,3267.0,America/Los_Angeles,2007,4,24
2007-04-25,84,Moderate,Ozone,19,Los Angeles,California,34.1141,-118.4068,12531334.0,3267.0,America/Los_Angeles,2007,4,25
2007-04-26,71,Moderate,Ozone,19,Los Angeles,California,34.1141,-118.4068,12531334.0,3267.0,America/Los_Angeles,2007,4,26
2007-04-27,82,Moderate,NO2,20,Los Angeles,California,34.1141,-118.4068,12531334.0,3267.0,America/Los_Angeles,2007,4,27
2007-04-28,126,Unhealthy for Sensitive Groups,Ozone,19,Los Angeles,California,34.1141,-118.4068,12531334.0,3267.0,America/Los_Angeles,2007,4,28
2007-04-29,140,Unhealthy for Sensitive Groups,Ozone,19,Los Angeles,California,34.1141,-118.4068,12531334.0,3267.0,America/Los_Angeles,2007,4,29
2007-04-30,87,Moderate,Ozone,20,Los Angeles,California,34.1141,-118.4068,12531334.0,3267.0,America/Los_Angeles,2007,4,30
2007-05-01,87,Moderate,Ozone,19,Los Angeles,California,34.1141,-118.4068,12531334.0,3267.0,America/Los_Angeles,2007,5,1
2007-05-02,56,Moderate,PM2.5,19,Los Angeles,California,34.1141,-118.4068,12531334.0,3267.0,America/Los_Angeles,2007,5,2
2007-05-03,58,Moderate,Ozone,20,Los Angeles,California,34.1141,-118.4068,12531334.0,3267.0,America/Los_Angeles,2007,5,3
2007-05-04,44,Good,Ozone,19,Los Angeles,California,34.1141,-118.4068,12531334.0,3267.0,America/Los_Angeles,2007,5,4
2007-05-05,54,Moderate,Ozone,19,Los Angeles,California,34.1141,-118.4068,12531334.0,3267.0,America/Los_Angeles,2007,5,5
2007-05-06,67,Moderate,Ozone,20,Los Angeles,California,34.1141,-118.4068,12531334.0,3267.0,America/Los_Angeles,2007,5,6
2007-05-07,90,Moderate,Ozone,19,Los Angeles,California,34.1141,-118.4068,12531334.0,3267.0,America/Los_Angeles,2007,5,7
2007-05-08,84,Moderate,Ozone,19,Los Angeles,California,34.1141,-118.4068,12531334.0,3267.0,America/Los_Angeles,2007,5,8
2007-05-09,122,Unhealthy for Sensitive Groups,Ozone,19,Los Angeles,California,34.1141,-118.4068,12531334.0,3267.0,America/Los_Angeles,2007,5,9
2007-05-10,108,Unhealthy for Sensitive Groups,Ozone,19,Los Angeles,California,34.1141,-118.4068,12531334.0,3267.0,America/Los_Angeles,2007,5,10
2007-05-11,87,Moderate,Ozone,19,Los Angeles,California,34.1141,-118.4068,12531334.0,3267.0,America/Los_Angeles,2007,5,11
2007-05-12,115,Unhealthy for Sensitive Groups,Ozone,20,Los Angeles,California,34.1141,-118.4068,12531334.0,3267.0,America/Los_Angeles,2007,5,12
2007-05-13,122,Unhealthy for Sensitive Groups,Ozone,19,Los Angeles,California,34.1141,-118.4068,12531334.0,3267.0,America/Los_Angeles,2007,5,13
2007-05-14,115,Unhealthy for Sensitive Groups,Ozone,19,Los Angeles,California,34.1141,-118.4068,12531334.0,3267.0,America/Los_Angeles,2007,5,14
2007-05-15,147,Unhealthy for Sensitive Groups,Ozone,20,Los Angeles,California,34.1141,-118.4068,12531334.0,3267.0,America/Los_Angeles,2007,5,15
2007-05-16,140,Unhealthy for Sensitive Groups,Ozone,19,Los Angeles,California,34.1141,-118.4068,12531334.0,3267.0,America/Los_Angeles,2007,5,16
2007-05-17,143,Unhealthy for Sensitive Groups,Ozone,19,Los Angeles,California,34.1141,-118.4068,12531334.0,3267.0,America/Los_Angeles,2007,5,17
2007-05-18,147,Unhealthy for Sensitive Groups,Ozone,20,Los Angeles,California,34.1141,-118.4068,12531334.0,3267.0,America/Los_Angeles,2007,5,18
2007-05-19,147,Unhealthy for Sensitive Groups,Ozone,18,Los Angeles,California,34.1141,-118.4068,12531334.0,3267.0,America/Los_Angeles,2007,5,19
2007-05-20,133,Unhealthy for Sensitive Groups,Ozone,18,Los Angeles,California,34.1141,-118.4068,12531334.0,3267.0,America/Los_Angeles,2007,5,20
2007-05-21,62,Moderate,PM2.5,19,Los Angeles,California,34.1141,-118.4068,12531334.0,3267.0,America/Los_Angeles,2007,5,21
2007-05-22,77,Moderate,Ozone,18,Los Angeles,California,34.1141,-118.4068,12531334.0,3267.0,America/Los_Angeles,2007,5,22
2007-05-23,64,Moderate,Ozone,18,Los Angeles,California,34.1141,-118.4068,12531334.0,3267.0,America/Los_Angeles,2007,5,23
2007-05-24,115,Unhealthy for Sensitive Groups,Ozone,20,Los Angeles,California,34.1141,-118.4068,12531334.0,3267.0,America/Los_Angeles,2007,5,24
2007-05-25,150,Unhealthy for Sensitive Groups,Ozone,19,Los Angeles,California,34.1141,-118.4068,12531334.0,3267.0,America/Los_Angeles,2007,5,25
2007-05-26,143,Unhealthy for Sensitive Groups,Ozone,19,Los Angeles,California,34.1141,-118.4068,12531334.0,3267.0,America/Los_Angeles,2007,5,26
2007-05-27,151,Unhealthy,Ozone,20,Los Angeles,California,34.1141,-118.4068,12531334.0,3267.0,America/Los_Angeles,2007,5,27
2007-05-28,105,Unhealthy for Sensitive Groups,Ozone,19,Los Angeles,California,34.1141,-118.4068,12531334.0,3267.0,America/Los_Angeles,2007,5,28
2007-05-29,105,Unhealthy for Sensitive Groups,Ozone,19,Los Angeles,California,34.1141,-118.4068,12531334.0,3267.0,America/Los_Angeles,2007,5,29
2007-05-30,80,Moderate,Ozone,20,Los Angeles,California,34.1141,-118.4068,12531334.0,3267.0,America/Los_Angeles,2007,5,30
2007-05-31,122,Unhealthy for Sensitive Groups,Ozone,19,Los Angeles,California,34.1141,-118.4068,12531334.0,3267.0,America/Los_Angeles,2007,5,31
2007-06-01,112,Unhealthy for Sensitive Groups,Ozone,19,Los Angeles,California,34.1141,-118.4068,12531334.0,3267.0,America/Los_Angeles,2007,6,1
2007-06-02,150,Unhealthy for Sensitive Groups,Ozone,20,Los Angeles,California,34.1141,-118.4068,12531334.0,3267.0,America/Los_Angeles,2007,6,2
2007-06-03,136,Unhealthy for Sensitive Groups,Ozone,19,Los Angeles,California,34.1141,-118.4068,12531334.0,3267.0,America/Los_Angeles,2007,6,3
2007-06-04,140,Unhealthy for Sensitive Groups,Ozone,18,Los Angeles,California,34.1141,-118.4068,12531334.0,3267.0,America/Los_Angeles,2007,6,4
2007-06-05,63,Moderate,PM2.5,20,Los Angeles,California,34.1141,-118.4068,12531334.0,3267.0,America/Los_Angeles,2007,6,5
2007-06-06,70,Moderate,PM2.5,19,Los Angeles,California,34.1141,-118.4068,12531334.0,3267.0,America/Los_Angeles,2007,6,6
2007-06-07,49,Good,Ozone,19,Los Angeles,California,34.1141,-118.4068,12531334.0,3267.0,America/Los_Angeles,2007,6,7
2007-06-08,108,Unhealthy for Sensitive Groups,Ozone,20,Los Angeles,California,34.1141,-118.4068,12531334.0,3267.0,America/Los_Angeles,2007,6,8
2007-06-09,129,Unhealthy for Sensitive Groups,Ozone,18,Los Angeles,California,34.1141,-118.4068,12531334.0,3267.0,America/Los_Angeles,2007,6,9
2007-06-10,151,Unhealthy,Ozone,19,Los Angeles,California,34.1141,-118.4068,12531334.0,3267.0,America/Los_Angeles,2007,6,10
2007-06-11,136,Unhealthy for Sensitive Groups,Ozone,20,Los Angeles,California,34.1141,-118.4068,12531334.0,3267.0,America/Los_Angeles,2007,6,11
2007-06-12,140,Unhealthy for Sensitive Groups,Ozone,19,Los Angeles,California,34.1141,-118.4068,12531334.0,3267.0,America/Los_Angeles,2007,6,12
2007-06-13,150,Unhealthy for Sensitive Groups,Ozone,19,Los Angeles,California,34.1141,-118.4068,12531334.0,3267.0,America/Los_Angeles,2007,6,13
2007-06-14,190,Unhealthy,Ozone,20,Los Angeles,California,34.1141,-118.4068,12531334.0,3267.0,America/Los_Angeles,2007,6,14
2007-06-15,143,Unhealthy for Sensitive Groups,Ozone,19,Los Angeles,California,34.1141,-118.4068,12531334.0,3267.0,America/Los_Angeles,2007,6,15
2007-06-16,126,Unhealthy for Sensitive Groups,Ozone,19,Los Angeles,California,34.1141,-118.4068,12531334.0,3267.0,America/Los_Angeles,2007,6,16
2007-06-17,112,Unhealthy for Sensitive Groups,Ozone,20,Los Angeles,California,34.1141,-118.4068,12531334.0,3267.0,America/Los_Angeles,2007,6,17
2007-06-18,129,Unhealthy for Sensitive Groups,Ozone,19,Los Angeles,California,34.1141,-118.4068,12531334.0,3267.0,America/Los_Angeles,2007,6,18
2007-06-19,108,Unhealthy for Sensitive Groups,Ozone,19,Los Angeles,California,34.1141,-118.4068,12531334.0,3267.0,America/Los_Angeles,2007,6,19
2007-06-20,97,Moderate,Ozone,20,Los Angeles,California,34.1141,-118.4068,12531334.0,3267.0,America/Los_Angeles,2007,6,20
2007-06-21,100,Moderate,Ozone,19,Los Angeles,California,34.1141,-118.4068,12531334.0,3267.0,America/Los_Angeles,2007,6,21
2007-06-22,156,Unhealthy,Ozone,19,Los Angeles,California,34.1141,-118.4068,12531334.0,3267.0,America/Los_Angeles,2007,6,22
2007-06-23,140,Unhealthy for Sensitive Groups,Ozone,20,Los Angeles,California,34.1141,-118.4068,12531334.0,3267.0,America/Los_Angeles,2007,6,23
2007-06-24,164,Unhealthy,Ozone,18,Los Angeles,California,34.1141,-118.4068,12531334.0,3267.0,America/Los_Angeles,2007,6,24
2007-06-25,140,Unhealthy for Sensitive Groups,Ozone,18,Los Angeles,California,34.1141,-118.4068,12531334.0,3267.0,America/Los_Angeles,2007,6,25
2007-06-26,105,Unhealthy for Sensitive Groups,Ozone,19,Los Angeles,California,34.1141,-118.4068,12531334.0,3267.0,America/Los_Angeles,2007,6,26
2007-06-27,159,Unhealthy,Ozone,19,Los Angeles,California,34.1141,-118.4068,12531334.0,3267.0,America/Los_Angeles,2007,6,27
2007-06-28,140,Unhealthy for Sensitive Groups,Ozone,19,Los Angeles,California,34.1141,-118.4068,12531334.0,3267.0,America/Los_Angeles,2007,6,28
2007-06-29,164,Unhealthy,Ozone,20,Los Angeles,California,34.1141,-118.4068,12531334.0,3267.0,America/Los_Angeles,2007,6,29
2007-06-30,200,Unhealthy,Ozone,19,Los Angeles,California,34.1141,-118.4068,12531334.0,3267.0,America/Los_Angeles,2007,6,30
2007-07-01,213,Very Unhealthy,Ozone,19,Los Angeles,California,34.1141,-118.4068,12531334.0,3267.0,America/Los_Angeles,2007,7,1
2007-07-02,177,Unhealthy,Ozone,20,Los Angeles,California,34.1141,-118.4068,12531334.0,3267.0,America/Los_Angeles,2007,7,2
2007-07-03,203,Very Unhealthy,Ozone,19,Los Angeles,California,34.1141,-118.4068,12531334.0,3267.0,America/Los_Angeles,2007,7,3
2007-07-04,204,Very Unhealthy,Ozone,18,Los Angeles,California,34.1141,-118.4068,12531334.0,3267.0,America/Los_Angeles,2007,7,4
2007-07-05,169,Unhealthy,Ozone,19,Los Angeles,California,34.1141,-118.4068,12531334.0,3267.0,America/Los_Angeles,2007,7,5
2007-07-06,205,Very Unhealthy,Ozone,19,Los Angeles,California,34.1141,-118.4068,12531334.0,3267.0,America/Los_Angeles,2007,7,6
2007-07-07,187,Unhealthy,Ozone,19,Los Angeles,California,34.1141,-118.4068,12531334.0,3267.0,America/Los_Angeles,2007,7,7
2007-07-08,119,Unhealthy for Sensitive Groups,Ozone,20,Los Angeles,California,34.1141,-118.4068,12531334.0,3267.0,America/Los_Angeles,2007,7,8
2007-07-09,64,Moderate,Ozone,19,Los Angeles,California,34.1141,-118.4068,12531334.0,3267.0,America/Los_Angeles,2007,7,9
2007-07-10,50,Good,PM2.5,19,Los Angeles,California,34.1141,-118.4068,12531334.0,3267.0,America/Los_Angeles,2007,7,10
2007-07-11,46,Good,PM2.5,20,Los Angeles,California,34.1141,-118.4068,12531334.0,3267.0,America/Los_Angeles,2007,7,11
2007-07-12,51,Moderate,Ozone,19,Los Angeles,California,34.1141,-118.4068,12531334.0,3267.0,America/Los_Angeles,2007,7,12
2007-07-13,126,Unhealthy for Sensitive Groups,Ozone,19,Los Angeles,California,34.1141,-118.4068,12531334.0,3267.0,America/Los_Angeles,2007,7,13
2007-07-14,84,Moderate,Ozone,20,Los Angeles,California,34.1141,-118.4068,12531334.0,3267.0,America/Los_Angeles,2007,7,14
2007-07-15,105,Unhealthy for Sensitive Groups,Ozone,19,Los Angeles,California,34.1141,-118.4068,12531334.0,3267.0,America/Los_Angeles,2007,7,15
2007-07-16,108,Unhealthy for Sensitive Groups,Ozone,19,Los Angeles,California,34.1141,-118.4068,12531334.0,3267.0,America/Los_Angeles,2007,7,16
2007-07-17,156,Unhealthy,Ozone,20,Los Angeles,California,34.1141,-118.4068,12531334.0,3267.0,America/Los_Angeles,2007,7,17
2007-07-18,71,Moderate,Ozone,19,Los Angeles,California,34.1141,-118.4068,12531334.0,3267.0,America/Los_Angeles,2007,7,18
2007-07-19,54,Moderate,Ozone,19,Los Angeles,California,34.1141,-118.4068,12531334.0,3267.0,America/Los_Angeles,2007,7,19
2007-07-20,108,Unhealthy for Sensitive Groups,Ozone,20,Los Angeles,California,34.1141,-118.4068,12531334.0,3267.0,America/Los_Angeles,2007,7,20
2007-07-21,140,Unhealthy for Sensitive Groups,Ozone,19,Los Angeles,California,34.1141,-118.4068,12531334.0,3267.0,America/Los_Angeles,2007,7,21
2007-07-22,185,Unhealthy,Ozone,19,Los Angeles,California,34.1141,-118.4068,12531334.0,3267.0,America/Los_Angeles,2007,7,22
2007-07-23,126,Unhealthy for Sensitive Groups,Ozone,20,Los Angeles,California,34.1141,-118.4068,12531334.0,3267.0,America/Los_Angeles,2007,7,23
2007-07-24,154,Unhealthy,Ozone,19,Los Angeles,California,34.1141,-118.4068,12531334.0,3267.0,America/Los_Angeles,2007,7,24
2007-07-25,133,Unhealthy for Sensitive Groups,Ozone,19,Los Angeles,California,34.1141,-118.4068,12531334.0,3267.0,America/Los_Angeles,2007,7,25
2007-07-26,119,Unhealthy for Sensitive Groups,Ozone,20,Los Angeles,California,34.1141,-118.4068,12531334.0,3267.0,America/Los_Angeles,2007,7,26
2007-07-27,119,Unhealthy for Sensitive Groups,Ozone,19,Los Angeles,California,34.1141,-118.4068,12531334.0,3267.0,America/Los_Angeles,2007,7,27
2007-07-28,126,Unhealthy for Sensitive Groups,Ozone,19,Los Angeles,California,34.1141,-118.4068,12531334.0,3267.0,America/Los_Angeles,2007,7,28
2007-07-29,151,Unhealthy,Ozone,20,Los Angeles,California,34.1141,-118.4068,12531334.0,3267.0,America/Los_Angeles,2007,7,29
2007-07-30,169,Unhealthy,Ozone,19,Los Angeles,California,34.1141,-118.4068,12531334.0,3267.0,America/Los_Angeles,2007,7,30
2007-07-31,133,Unhealthy for Sensitive Groups,Ozone,19,Los Angeles,California,34.1141,-118.4068,12531334.0,3267.0,America/Los_Angeles,2007,7,31
2007-08-01,156,Unhealthy,Ozone,20,Los Angeles,California,34.1141,-118.4068,12531334.0,3267.0,America/Los_Angeles,2007,8,1
2007-08-02,140,Unhealthy for Sensitive Groups,Ozone,19,Los Angeles,California,34.1141,-118.4068,12531334.0,3267.0,America/Los_Angeles,2007,8,2
2007-08-03,156,Unhealthy,Ozone,19,Los Angeles,California,34.1141,-118.4068,12531334.0,3267.0,America/Los_Angeles,2007,8,3
2007-08-04,126,Unhealthy for Sensitive Groups,Ozone,20,Los Angeles,California,34.1141,-118.4068,12531334.0,3267.0,America/Los_Angeles,2007,8,4
2007-08-05,97,Moderate,Ozone,19,Los Angeles,California,34.1141,-118.4068,12531334.0,3267.0,America/Los_Angeles,2007,8,5
2007-08-06,74,Moderate,Ozone,19,Los Angeles,California,34.1141,-118.4068,12531334.0,3267.0,America/Los_Angeles,2007,8,6
2007-08-07,54,Moderate,Ozone,20,Los Angeles,California,34.1141,-118.4068,12531334.0,3267.0,America/Los_Angeles,2007,8,7
2007-08-08,100,Moderate,Ozone,19,Los Angeles,California,34.1141,-118.4068,12531334.0,3267.0,America/Los_Angeles,2007,8,8
2007-08-09,105,Unhealthy for Sensitive Groups,Ozone,19,Los Angeles,California,34.1141,-118.4068,12531334.0,3267.0,America/Los_Angeles,2007,8,9
2007-08-10,122,Unhealthy for Sensitive Groups,Ozone,20,Los Angeles,California,34.1141,-118.4068,12531334.0,3267.0,America/Los_Angeles,2007,8,10
2007-08-11,166,Unhealthy,Ozone,19,Los Angeles,California,34.1141,-118.4068,12531334.0,3267.0,America/Los_Angeles,2007,8,11
2007-08-12,195,Unhealthy,Ozone,19,Los Angeles,California,34.1141,-118.4068,12531334.0,3267.0,America/Los_Angeles,2007,8,12
2007-08-13,136,Unhealthy for Sensitive Groups,Ozone,20,Los Angeles,California,34.1141,-118.4068,12531334.0,3267.0,America/Los_Angeles,2007,8,13
2007-08-14,108,Unhealthy for Sensitive Groups,Ozone,19,Los Angeles,California,34.1141,-118.4068,12531334.0,3267.0,America/Los_Angeles,2007,8,14
2007-08-15,119,Unhealthy for Sensitive Groups,Ozone,19,Los Angeles,California,34.1141,-118.4068,12531334.0,3267.0,America/Los_Angeles,2007,8,15
2007-08-16,156,Unhealthy,Ozone,20,Los Angeles,California,34.1141,-118.4068,12531334.0,3267.0,America/Los_Angeles,2007,8,16
2007-08-17,140,Unhealthy for Sensitive Groups,Ozone,19,Los Angeles,California,34.1141,-118.4068,12531334.0,3267.0,America/Los_Angeles,2007,8,17
2007-08-18,115,Unhealthy for Sensitive Groups,Ozone,19,Los Angeles,California,34.1141,-118.4068,12531334.0,3267.0,America/Los_Angeles,2007,8,18
2007-08-19,177,Unhealthy,Ozone,20,Los Angeles,California,34.1141,-118.4068,12531334.0,3267.0,America/Los_Angeles,2007,8,19
2007-08-20,115,Unhealthy for Sensitive Groups,Ozone,19,Los Angeles,California,34.1141,-118.4068,12531334.0,3267.0,America/Los_Angeles,2007,8,20
2007-08-21,174,Unhealthy,Ozone,19,Los Angeles,California,34.1141,-118.4068,12531334.0,3267.0,America/Los_Angeles,2007,8,21
2007-08-22,150,Unhealthy for Sensitive Groups,Ozone,20,Los Angeles,California,34.1141,-118.4068,12531334.0,3267.0,America/Los_Angeles,2007,8,22
2007-08-23,80,Moderate,Ozone,19,Los Angeles,California,34.1141,-118.4068,12531334.0,3267.0,America/Los_Angeles,2007,8,23
2007-08-24,119,Unhealthy for Sensitive Groups,Ozone,19,Los Angeles,California,34.1141,-118.4068,12531334.0,3267.0,America/Los_Angeles,2007,8,24
2007-08-25,105,Unhealthy for Sensitive Groups,Ozone,20,Los Angeles,California,34.1141,-118.4068,12531334.0,3267.0,America/Los_Angeles,2007,8,25
2007-08-26,71,Moderate,Ozone,19,Los Angeles,California,34.1141,-118.4068,12531334.0,3267.0,America/Los_Angeles,2007,8,26
2007-08-27,61,Moderate,Ozone,19,Los Angeles,California,34.1141,-118.4068,12531334.0,3267.0,America/Los_Angeles,2007,8,27
2007-08-28,84,Moderate,Ozone,20,Los Angeles,California,34.1141,-118.4068,12531334.0,3267.0,America/Los_Angeles,2007,8,28
2007-08-29,80,Moderate,Ozone,19,Los Angeles,California,34.1141,-118.4068,12531334.0,3267.0,America/Los_Angeles,2007,8,29
2007-08-30,143,Unhealthy for Sensitive Groups,Ozone,19,Los Angeles,California,34.1141,-118.4068,12531334.0,3267.0,America/Los_Angeles,2007,8,30
2007-08-31,151,Unhealthy,Ozone,20,Los Angeles,California,34.1141,-118.4068,12531334.0,3267.0,America/Los_Angeles,2007,8,31
2007-09-01,201,Very Unhealthy,Ozone,18,Los Angeles,California,34.1141,-118.4068,12531334.0,3267.0,America/Los_Angeles,2007,9,1
2007-09-02,192,Unhealthy,Ozone,18,Los Angeles,California,34.1141,-118.4068,12531334.0,3267.0,America/Los_Angeles,2007,9,2
2007-09-03,212,Very Unhealthy,Ozone,20,Los Angeles,California,34.1141,-118.4068,12531334.0,3267.0,America/Los_Angeles,2007,9,3
2007-09-04,80,Moderate,Ozone,19,Los Angeles,California,34.1141,-118.4068,12531334.0,3267.0,America/Los_Angeles,2007,9,4
2007-09-05,93,Moderate,Ozone,19,Los Angeles,California,34.1141,-118.4068,12531334.0,3267.0,America/Los_Angeles,2007,9,5
2007-09-06,84,Moderate,Ozone,20,Los Angeles,California,34.1141,-118.4068,12531334.0,3267.0,America/Los_Angeles,2007,9,6
2007-09-07,54,Moderate,Ozone,19,Los Angeles,California,34.1141,-118.4068,12531334.0,3267.0,America/Los_Angeles,2007,9,7
2007-09-08,80,Moderate,Ozone,19,Los Angeles,California,34.1141,-118.4068,12531334.0,3267.0,America/Los_Angeles,2007,9,8
2007-09-09,71,Moderate,Ozone,20,Los Angeles,California,34.1141,-118.4068,12531334.0,3267.0,America/Los_Angeles,2007,9,9
2007-09-10,49,Good,NO2,19,Los Angeles,California,34.1141,-118.4068,12531334.0,3267.0,America/Los_Angeles,2007,9,10
2007-09-11,82,Moderate,NO2,19,Los Angeles,California,34.1141,-118.4068,12531334.0,3267.0,America/Los_Angeles,2007,9,11
2007-09-12,94,Moderate,NO2,20,Los Angeles,California,34.1141,-118.4068,12531334.0,3267.0,America/Los_Angeles,2007,9,12
2007-09-13,64,Moderate,Ozone,19,Los Angeles,California,34.1141,-118.4068,12531334.0,3267.0,America/Los_Angeles,2007,9,13
2007-09-14,55,Moderate,PM2.5,19,Los Angeles,California,34.1141,-118.4068,12531334.0,3267.0,America/Los_Angeles,2007,9,14
2007-09-15,87,Moderate,Ozone,20,Los Angeles,California,34.1141,-118.4068,12531334.0,3267.0,America/Los_Angeles,2007,9,15
2007-09-16,93,Moderate,Ozone,19,Los Angeles,California,34.1141,-118.4068,12531334.0,3267.0,America/Los_Angeles,2007,9,16
2007-09-17,49,Good,Ozone,19,Los Angeles,California,34.1141,-118.4068,12531334.0,3267.0,America/Los_Angeles,2007,9,17
2007-09-18,90,Moderate,Ozone,20,Los Angeles,California,34.1141,-118.4068,12531334.0,3267.0,America/Los_Angeles,2007,9,18
2007-09-19,55,Moderate,PM2.5,19,Los Angeles,California,34.1141,-118.4068,12531334.0,3267.0,America/Los_Angeles,2007,9,19
2007-09-20,48,Good,PM2.5,19,Los Angeles,California,34.1141,-118.4068,12531334.0,3267.0,America/Los_Angeles,2007,9,20
2007-09-21,58,Moderate,PM2.5,20,Los Angeles,California,34.1141,-118.4068,12531334.0,3267.0,America/Los_Angeles,2007,9,21
2007-09-22,45,Good,PM2.5,19,Los Angeles,California,34.1141,-118.4068,12531334.0,3267.0,America/Los_Angeles,2007,9,22
2007-09-23,45,Good,Ozone,19,Los Angeles,California,34.1141,-118.4068,12531334.0,3267.0,America/Los_Angeles,2007,9,23
2007-09-24,57,Moderate,PM2.5,20,Los Angeles,California,34.1141,-118.4068,12531334.0,3267.0,America/Los_Angeles,2007,9,24
2007-09-25,74,Moderate,Ozone,19,Los Angeles,California,34.1141,-118.4068,12531334.0,3267.0,America/Los_Angeles,2007,9,25
2007-09-26,90,Moderate,Ozone,19,Los Angeles,California,34.1141,-118.4068,12531334.0,3267.0,America/Los_Angeles,2007,9,26
2007-09-27,86,Moderate,NO2,20,Los Angeles,California,34.1141,-118.4068,12531334.0,3267.0,America/Los_Angeles,2007,9,27
2007-09-28,59,Moderate,PM2.5,19,Los Angeles,California,34.1141,-118.4068,12531334.0,3267.0,America/Los_Angeles,2007,9,28
2007-09-29,50,Good,Ozone,19,Los Angeles,California,34.1141,-118.4068,12531334.0,3267.0,America/Los_Angeles,2007,9,29
2007-09-30,58,Moderate,Ozone,20,Los Angeles,California,34.1141,-118.4068,12531334.0,3267.0,America/Los_Angeles,2007,9,30
2007-10-01,64,Moderate,NO2,19,Los Angeles,California,34.1141,-118.4068,12531334.0,3267.0,America/Los_Angeles,2007,10,1
2007-10-02,68,Moderate,NO2,19,Los Angeles,California,34.1141,-118.4068,12531334.0,3267.0,America/Los_Angeles,2007,10,2
2007-10-03,93,Moderate,NO2,20,Los Angeles,California,34.1141,-118.4068,12531334.0,3267.0,America/Los_Angeles,2007,10,3
2007-10-04,69,Moderate,PM2.5,18,Los Angeles,California,34.1141,-118.4068,12531334.0,3267.0,America/Los_Angeles,2007,10,4
2007-10-05,57,Moderate,PM2.5,18,Los Angeles,California,34.1141,-118.4068,12531334.0,3267.0,America/Los_Angeles,2007,10,5
2007-10-06,58,Moderate,PM2.5,19,Los Angeles,California,34.1141,-118.4068,12531334.0,3267.0,America/Los_Angeles,2007,10,6
2007-10-07,58,Moderate,Ozone,18,Los Angeles,California,34.1141,-118.4068,12531334.0,3267.0,America/Los_Angeles,2007,10,7
2007-10-08,60,Moderate,NO2,18,Los Angeles,California,34.1141,-118.4068,12531334.0,3267.0,America/Los_Angeles,2007,10,8
2007-10-09,66,Moderate,NO2,19,Los Angeles,California,34.1141,-118.4068,12531334.0,3267.0,America/Los_Angeles,2007,10,9
2007-10-10,43,Good,NO2,18,Los Angeles,California,34.1141,-118.4068,12531334.0,3267.0,America/Los_Angeles,2007,10,10
2007-10-11,49,Good,Ozone,18,Los Angeles,California,34.1141,-118.4068,12531334.0,3267.0,America/Los_Angeles,2007,10,11
2007-10-12,43,Good,PM2.5,19,Los Angeles,California,34.1141,-118.4068,12531334.0,3267.0,America/Los_Angeles,2007,10,12
2007-10-13,39,Good,NO2,17,Los Angeles,California,34.1141,-118.4068,12531334.0,3267.0,America/Los_Angeles,2007,10,13
2007-10-14,56,Moderate,PM2.5,17,Los Angeles,California,34.1141,-118.4068,12531334.0,3267.0,America/Los_Angeles,2007,10,14
2007-10-15,122,Unhealthy for Sensitive Groups,PM2.5,19,Los Angeles,California,34.1141,-118.4068,12531334.0,3267.0,America/Los_Angeles,2007,10,15
2007-10-16,70,Moderate,PM2.5,18,Los Angeles,California,34.1141,-118.4068,12531334.0,3267.0,America/Los_Angeles,2007,10,16
2007-10-17,54,Moderate,PM10,18,Los Angeles,California,34.1141,-118.4068,12531334.0,3267.0,America/Los_Angeles,2007,10,17
2007-10-18,66,Moderate,NO2,19,Los Angeles,California,34.1141,-118.4068,12531334.0,3267.0,America/Los_Angeles,2007,10,18
2007-10-19,79,Moderate,NO2,19,Los Angeles,California,34.1141,-118.4068,12531334.0,3267.0,America/Los_Angeles,2007,10,19
2007-10-20,66,Moderate,PM10,19,Los Angeles,California,34.1141,-118.4068,12531334.0,3267.0,America/Los_Angeles,2007,10,20
2007-10-21,381,Hazardous,PM10,20,Los Angeles,California,34.1141,-118.4068,12531334.0,3267.0,America/Los_Angeles,2007,10,21
2007-10-22,94,Moderate,PM2.5,19,Los Angeles,California,34.1141,-118.4068,12531334.0,3267.0,America/Los_Angeles,2007,10,22
2007-10-23,88,Moderate,PM2.5,19,Los Angeles,California,34.1141,-118.4068,12531334.0,3267.0,America/Los_Angeles,2007,10,23
2007-10-24,94,Moderate,PM2.5,20,Los Angeles,California,34.1141,-118.4068,12531334.0,3267.0,America/Los_Angeles,2007,10,24
2007-10-25,102,Unhealthy for Sensitive Groups,NO2,19,Los Angeles,California,34.1141,-118.4068,12531334.0,3267.0,America/Los_Angeles,2007,10,25
2007-10-26,152,Unhealthy,PM2.5,19,Los Angeles,California,34.1141,-118.4068,12531334.0,3267.0,America/Los_Angeles,2007,10,26
2007-10-27,118,Unhealthy for Sensitive Groups,PM2.5,20,Los Angeles,California,34.1141,-118.4068,12531334.0,3267.0,America/Los_Angeles,2007,10,27
2007-10-28,73,Moderate,PM2.5,19,Los Angeles,California,34.1141,-118.4068,12531334.0,3267.0,America/Los_Angeles,2007,10,28
2007-10-29,66,Moderate,NO2,19,Los Angeles,California,34.1141,-118.4068,12531334.0,3267.0,America/Los_Angeles,2007,10,29
2007-10-30,62,Moderate,PM2.5,20,Los Angeles,California,34.1141,-118.4068,12531334.0,3267.0,America/Los_Angeles,2007,10,30
2007-10-31,67,Moderate,PM2.5,18,Los Angeles,California,34.1141,-118.4068,12531334.0,3267.0,America/Los_Angeles,2007,10,31
2007-11-01,98,Moderate,PM2.5,19,Los Angeles,California,34.1141,-118.4068,12531334.0,3267.0,America/Los_Angeles,2007,11,1
2007-11-02,146,Unhealthy for Sensitive Groups,PM2.5,20,Los Angeles,California,34.1141,-118.4068,12531334.0,3267.0,America/Los_Angeles,2007,11,2
2007-11-03,129,Unhealthy for Sensitive Groups,PM2.5,19,Los Angeles,California,34.1141,-118.4068,12531334.0,3267.0,America/Los_Angeles,2007,11,3
2007-11-04,134,Unhealthy for Sensitive Groups,PM2.5,19,Los Angeles,California,34.1141,-118.4068,12531334.0,3267.0,America/Los_Angeles,2007,11,4
2007-11-05,122,Unhealthy for Sensitive Groups,PM2.5,19,Los Angeles,California,34.1141,-118.4068,12531334.0,3267.0,America/Los_Angeles,2007,11,5
2007-11-06,98,Moderate,PM2.5,19,Los Angeles,California,34.1141,-118.4068,12531334.0,3267.0,America/Los_Angeles,2007,11,6
2007-11-07,119,Unhealthy for Sensitive Groups,PM2.5,19,Los Angeles,California,34.1141,-118.4068,12531334.0,3267.0,America/Los_Angeles,2007,11,7
2007-11-08,147,Unhealthy for Sensitive Groups,PM2.5,20,Los Angeles,California,34.1141,-118.4068,12531334.0,3267.0,America/Los_Angeles,2007,11,8
2007-11-09,95,Moderate,PM2.5,19,Los Angeles,California,34.1141,-118.4068,12531334.0,3267.0,America/Los_Angeles,2007,11,9
2007-11-10,53,Moderate,PM2.5,19,Los Angeles,California,34.1141,-118.4068,12531334.0,3267.0,America/Los_Angeles,2007,11,10
2007-11-11,74,Moderate,PM2.5,20,Los Angeles,California,34.1141,-118.4068,12531334.0,3267.0,America/Los_Angeles,2007,11,11
2007-11-12,81,Moderate,PM2.5,19,Los Angeles,California,34.1141,-118.4068,12531334.0,3267.0,America/Los_Angeles,2007,11,12
2007-11-13,58,Moderate,NO2,19,Los Angeles,California,34.1141,-118.4068,12531334.0,3267.0,America/Los_Angeles,2007,11,13
2007-11-14,106,Unhealthy for Sensitive Groups,PM2.5,19,Los Angeles,California,34.1141,-118.4068,12531334.0,3267.0,America/Los_Angeles,2007,11,14
2007-11-15,81,Moderate,NO2,19,Los Angeles,California,34.1141,-118.4068,12531334.0,3267.0,America/Los_Angeles,2007,11,15
2007-11-16,115,Unhealthy for Sensitive Groups,PM2.5,19,Los Angeles,California,34.1141,-118.4068,12531334.0,3267.0,America/Los_Angeles,2007,11,16
2007-11-17,142,Unhealthy for Sensitive Groups,PM2.5,20,Los Angeles,California,34.1141,-118.4068,12531334.0,3267.0,America/Los_Angeles,2007,11,17
2007-11-18,155,Unhealthy,PM2.5,18,Los Angeles,California,34.1141,-118.4068,12531334.0,3267.0,America/Los_Angeles,2007,11,18
2007-11-19,165,Unhealthy,PM2.5,19,Los Angeles,California,34.1141,-118.4068,12531334.0,3267.0,America/Los_Angeles,2007,11,19
2007-11-20,157,Unhealthy,PM2.5,20,Los Angeles,California,34.1141,-118.4068,12531334.0,3267.0,America/Los_Angeles,2007,11,20
2007-11-21,152,Unhealthy,PM2.5,19,Los Angeles,California,34.1141,-118.4068,12531334.0,3267.0,America/Los_Angeles,2007,11,21
2007-11-22,118,Unhealthy for Sensitive Groups,PM2.5,19,Los Angeles,California,34.1141,-118.4068,12531334.0,3267.0,America/Los_Angeles,2007,11,22
2007-11-23,88,Moderate,PM2.5,20,Los Angeles,California,34.1141,-118.4068,12531334.0,3267.0,America/Los_Angeles,2007,11,23
2007-11-24,75,Moderate,PM2.5,19,Los Angeles,California,34.1141,-118.4068,12531334.0,3267.0,America/Los_Angeles,2007,11,24
2007-11-25,60,Moderate,PM2.5,19,Los Angeles,California,34.1141,-118.4068,12531334.0,3267.0,America/Los_Angeles,2007,11,25
2007-11-26,69,Moderate,PM2.5,20,Los Angeles,California,34.1141,-118.4068,12531334.0,3267.0,America/Los_Angeles,2007,11,26
2007-11-27,99,Moderate,NO2,19,Los Angeles,California,34.1141,-118.4068,12531334.0,3267.0,America/Los_Angeles,2007,11,27
2007-11-28,81,Moderate,NO2,18,Los Angeles,California,34.1141,-118.4068,12531334.0,3267.0,America/Los_Angeles,2007,11,28
2007-11-29,81,Moderate,PM2.5,20,Los Angeles,California,34.1141,-118.4068,12531334.0,3267.0,America/Los_Angeles,2007,11,29
2007-11-30,78,Moderate,NO2,19,Los Angeles,California,34.1141,-118.4068,12531334.0,3267.0,America/Los_Angeles,2007,11,30
2007-12-01,50,Good,PM2.5,19,Los Angeles,California,34.1141,-118.4068,12531334.0,3267.0,America/Los_Angeles,2007,12,1
2007-12-02,66,Moderate,PM2.5,20,Los Angeles,California,34.1141,-118.4068,12531334.0,3267.0,America/Los_Angeles,2007,12,2
2007-12-03,60,Moderate,NO2,19,Los Angeles,California,34.1141,-118.4068,12531334.0,3267.0,America/Los_Angeles,2007,12,3
2007-12-04,88,Moderate,PM2.5,19,Los Angeles,California,34.1141,-118.4068,12531334.0,3267.0,America/Los_Angeles,2007,12,4
2007-12-05,79,Moderate,NO2,20,Los Angeles,California,34.1141,-118.4068,12531334.0,3267.0,America/Los_Angeles,2007,12,5
2007-12-06,60,Moderate,PM2.5,19,Los Angeles,California,34.1141,-118.4068,12531334.0,3267.0,America/Los_Angeles,2007,12,6
2007-12-07,38,Good,Ozone,19,Los Angeles,California,34.1141,-118.4068,12531334.0,3267.0,America/Los_Angeles,2007,12,7
2007-12-08,45,Good,PM2.5,20,Los Angeles,California,34.1141,-118.4068,12531334.0,3267.0,America/Los_Angeles,2007,12,8
2007-12-09,39,Good,NO2,19,Los Angeles,California,34.1141,-118.4068,12531334.0,3267.0,America/Los_Angeles,2007,12,9
2007-12-10,52,Moderate,PM2.5,19,Los Angeles,California,34.1141,-118.4068,12531334.0,3267.0,America/Los_Angeles,2007,12,10
2007-12-11,53,Moderate,NO2,20,Los Angeles,California,34.1141,-118.4068,12531334.0,3267.0,America/Los_Angeles,2007,12,11
2007-12-12,50,Good,PM2.5,19,Los Angeles,California,34.1141,-118.4068,12531334.0,3267.0,America/Los_Angeles,2007,12,12
2007-12-13,71,Moderate,PM2.5,19,Los Angeles,California,34.1141,-118.4068,12531334.0,3267.0,America/Los_Angeles,2007,12,13
2007-12-14,108,Unhealthy for Sensitive Groups,PM2.5,20,Los Angeles,California,34.1141,-118.4068,12531334.0,3267.0,America/Los_Angeles,2007,12,14
2007-12-15,95,Moderate,PM2.5,19,Los Angeles,California,34.1141,-118.4068,12531334.0,3267.0,America/Los_Angeles,2007,12,15
2007-12-16,73,Moderate,PM2.5,19,Los Angeles,California,34.1141,-118.4068,12531334.0,3267.0,America/Los_Angeles,2007,12,16
2007-12-17,75,Moderate,PM2.5,20,Los Angeles,California,34.1141,-118.4068,12531334.0,3267.0,America/Los_Angeles,2007,12,17
2007-12-18,60,Moderate,PM2.5,19,Los Angeles,California,34.1141,-118.4068,12531334.0,3267.0,America/Los_Angeles,2007,12,18
2007-12-19,34,Good,NO2,19,Los Angeles,California,34.1141,-118.4068,12531334.0,3267.0,America/Los_Angeles,2007,12,19
2007-12-20,53,Moderate,PM2.5,20,Los Angeles,California,34.1141,-118.4068,12531334.0,3267.0,America/Los_Angeles,2007,12,20
2007-12-21,44,Good,NO2,19,Los Angeles,California,34.1141,-118.4068,12531334.0,3267.0,America/Los_Angeles,2007,12,21
2007-12-22,66,Moderate,PM2.5,19,Los Angeles,California,34.1141,-118.4068,12531334.0,3267.0,America/Los_Angeles,2007,12,22
2007-12-23,60,Moderate,PM2.5,20,Los Angeles,California,34.1141,-118.4068,12531334.0,3267.0,America/Los_Angeles,2007,12,23
2007-12-24,64,Moderate,PM2.5,19,Los Angeles,California,34.1141,-118.4068,12531334.0,3267.0,America/Los_Angeles,2007,12,24
2007-12-25,58,Moderate,PM2.5,19,Los Angeles,California,34.1141,-118.4068,12531334.0,3267.0,America/Los_Angeles,2007,12,25
2007-12-26,61,Moderate,PM10,19,Los Angeles,California,34.1141,-118.4068,12531334.0,3267.0,America/Los_Angeles,2007,12,26
2007-12-27,42,Good,NO2,19,Los Angeles,California,34.1141,-118.4068,12531334.0,3267.0,America/Los_Angeles,2007,12,27
2007-12-28,53,Moderate,NO2,19,Los Angeles,California,34.1141,-118.4068,12531334.0,3267.0,America/Los_Angeles,2007,12,28
2007-12-29,81,Moderate,PM2.5,19,Los Angeles,California,34.1141,-118.4068,12531334.0,3267.0,America/Los_Angeles,2007,12,29
2007-12-30,114,Unhealthy for Sensitive Groups,PM2.5,19,Los Angeles,California,34.1141,-118.4068,12531334.0,3267.0,America/Los_Angeles,2007,12,30
2007-12-31,72,Moderate,PM2.5,19,Los Angeles,California,34.1141,-118.4068,12531334.0,3267.0,America/Los_Angeles,2007,12,31
2008-01-01,137,Unhealthy for Sensitive Groups,PM2.5,19,Los Angeles,California,34.1141,-118.4068,12531334.0,3267.0,America/Los_Angeles,2008,1,1
2008-01-02,54,Moderate,PM2.5,19,Los Angeles,California,34.1141,-118.4068,12531334.0,3267.0,America/Los_Angeles,2008,1,2
2008-01-03,60,Moderate,PM2.5,19,Los Angeles,California,34.1141,-118.4068,12531334.0,3267.0,America/Los_Angeles,2008,1,3
2008-01-04,56,Moderate,PM2.5,20,Los Angeles,California,34.1141,-118.4068,12531334.0,3267.0,America/Los_Angeles,2008,1,4
2008-01-05,52,Moderate,PM2.5,19,Los Angeles,California,34.1141,-118.4068,12531334.0,3267.0,America/Los_Angeles,2008,1,5
2008-01-06,36,Good,Ozone,19,Los Angeles,California,34.1141,-118.4068,12531334.0,3267.0,America/Los_Angeles,2008,1,6
2008-01-07,50,Good,PM2.5,20,Los Angeles,California,34.1141,-118.4068,12531334.0,3267.0,America/Los_Angeles,2008,1,7
2008-01-08,91,Moderate,PM2.5,18,Los Angeles,California,34.1141,-118.4068,12531334.0,3267.0,America/Los_Angeles,2008,1,8
2008-01-09,100,Moderate,PM2.5,18,Los Angeles,California,34.1141,-118.4068,12531334.0,3267.0,America/Los_Angeles,2008,1,9
2008-01-10,126,Unhealthy for Sensitive Groups,PM2.5,19,Los Angeles,California,34.1141,-118.4068,12531334.0,3267.0,America/Los_Angeles,2008,1,10
2008-01-11,144,Unhealthy for Sensitive Groups,PM2.5,18,Los Angeles,California,34.1141,-118.4068,12531334.0,3267.0,America/Los_Angeles,2008,1,11
2008-01-12,149,Unhealthy for Sensitive Groups,PM2.5,19,Los Angeles,California,34.1141,-118.4068,12531334.0,3267.0,America/Los_Angeles,2008,1,12
2008-01-13,74,Moderate,PM2.5,20,Los Angeles,California,34.1141,-118.4068,12531334.0,3267.0,America/Los_Angeles,2008,1,13
2008-01-14,81,Moderate,NO2,19,Los Angeles,California,34.1141,-118.4068,12531334.0,3267.0,America/Los_Angeles,2008,1,14
2008-01-15,73,Moderate,PM2.5,19,Los Angeles,California,34.1141,-118.4068,12531334.0,3267.0,America/Los_Angeles,2008,1,15
2008-01-16,105,Unhealthy for Sensitive Groups,PM2.5,20,Los Angeles,California,34.1141,-118.4068,12531334.0,3267.0,America/Los_Angeles,2008,1,16
2008-01-17,55,Moderate,NO2,19,Los Angeles,California,34.1141,-118.4068,12531334.0,3267.0,America/Los_Angeles,2008,1,17
2008-01-18,66,Moderate,PM2.5,19,Los Angeles,California,34.1141,-118.4068,12531334.0,3267.0,America/Los_Angeles,2008,1,18
2008-01-19,69,Moderate,PM2.5,20,Los Angeles,California,34.1141,-118.4068,12531334.0,3267.0,America/Los_Angeles,2008,1,19
2008-01-20,71,Moderate,PM2.5,19,Los Angeles,California,34.1141,-118.4068,12531334.0,3267.0,America/Los_Angeles,2008,1,20
2008-01-21,46,Good,NO2,19,Los Angeles,California,34.1141,-118.4068,12531334.0,3267.0,America/Los_Angeles,2008,1,21
2008-01-22,59,Moderate,PM2.5,20,Los Angeles,California,34.1141,-118.4068,12531334.0,3267.0,America/Los_Angeles,2008,1,22
2008-01-23,60,Moderate,PM2.5,19,Los Angeles,California,34.1141,-118.4068,12531334.0,3267.0,America/Los_Angeles,2008,1,23
2008-01-24,44,Good,PM2.5,19,Los Angeles,California,34.1141,-118.4068,12531334.0,3267.0,America/Los_Angeles,2008,1,24
2008-01-25,57,Moderate,PM2.5,19,Los Angeles,California,34.1141,-118.4068,12531334.0,3267.0,America/Los_Angeles,2008,1,25
2008-01-26,55,Moderate,PM2.5,19,Los Angeles,California,34.1141,-118.4068,12531334.0,3267.0,America/Los_Angeles,2008,1,26
2008-01-27,44,Good,Ozone,19,Los Angeles,California,34.1141,-118.4068,12531334.0,3267.0,America/Los_Angeles,2008,1,27
2008-01-28,40,Good,NO2,19,Los Angeles,California,34.1141,-118.4068,12531334.0,3267.0,America/Los_Angeles,2008,1,28
2008-01-29,58,Moderate,PM2.5,19,Los Angeles,California,34.1141,-118.4068,12531334.0,3267.0,America/Los_Angeles,2008,1,29
2008-01-30,59,Moderate,PM2.5,19,Los Angeles,California,34.1141,-118.4068,12531334.0,3267.0,America/Los_Angeles,2008,1,30
2008-01-31,58,Moderate,NO2,20,Los Angeles,California,34.1141,-118.4068,12531334.0,3267.0,America/Los_Angeles,2008,1,31
2008-02-01,65,Moderate,PM2.5,19,Los Angeles,California,34.1141,-118.4068,12531334.0,3267.0,America/Los_Angeles,2008,2,1
2008-02-02,60,Moderate,PM2.5,19,Los Angeles,California,34.1141,-118.4068,12531334.0,3267.0,America/Los_Angeles,2008,2,2
2008-02-03,42,Good,PM2.5,20,Los Angeles,California,34.1141,-118.4068,12531334.0,3267.0,America/Los_Angeles,2008,2,3
2008-02-04,40,Good,NO2,19,Los Angeles,California,34.1141,-118.4068,12531334.0,3267.0,America/Los_Angeles,2008,2,4
2008-02-05,54,Moderate,NO2,19,Los Angeles,California,34.1141,-118.4068,12531334.0,3267.0,America/Los_Angeles,2008,2,5
2008-02-06,72,Moderate,PM2.5,20,Los Angeles,California,34.1141,-118.4068,12531334.0,3267.0,America/Los_Angeles,2008,2,6
2008-02-07,79,Moderate,PM2.5,19,Los Angeles,California,34.1141,-118.4068,12531334.0,3267.0,America/Los_Angeles,2008,2,7
2008-02-08,124,Unhealthy for Sensitive Groups,PM2.5,19,Los Angeles,California,34.1141,-118.4068,12531334.0,3267.0,America/Los_Angeles,2008,2,8
2008-02-09,83,Moderate,PM2.5,20,Los Angeles,California,34.1141,-118.4068,12531334.0,3267.0,America/Los_Angeles,2008,2,9
2008-02-10,83,Moderate,PM2.5,19,Los Angeles,California,34.1141,-118.4068,12531334.0,3267.0,America/Los_Angeles,2008,2,10
2008-02-11,101,Unhealthy for Sensitive Groups,PM2.5,19,Los Angeles,California,34.1141,-118.4068,12531334.0,3267.0,America/Los_Angeles,2008,2,11
2008-02-12,113,Unhealthy for Sensitive Groups,PM2.5,20,Los Angeles,California,34.1141,-118.4068,12531334.0,3267.0,America/Los_Angeles,2008,2,12
2008-02-13,94,Moderate,PM2.5,19,Los Angeles,California,34.1141,-118.4068,12531334.0,3267.0,America/Los_Angeles,2008,2,13
2008-02-14,60,Moderate,PM2.5,19,Los Angeles,California,34.1141,-118.4068,12531334.0,3267.0,America/Los_Angeles,2008,2,14
2008-02-15,57,Moderate,PM2.5,20,Los Angeles,California,34.1141,-118.4068,12531334.0,3267.0,America/Los_Angeles,2008,2,15
2008-02-16,67,Moderate,PM2.5,19,Los Angeles,California,34.1141,-118.4068,12531334.0,3267.0,America/Los_Angeles,2008,2,16
2008-02-17,92,Moderate,PM2.5,19,Los Angeles,California,34.1141,-118.4068,12531334.0,3267.0,America/Los_Angeles,2008,2,17
2008-02-18,111,Unhealthy for Sensitive Groups,PM2.5,20,Los Angeles,California,34.1141,-118.4068,12531334.0,3267.0,America/Los_Angeles,2008,2,18
2008-02-19,86,Moderate,PM2.5,19,Los Angeles,California,34.1141,-118.4068,12531334.0,3267.0,America/Los_Angeles,2008,2,19
2008-02-20,59,Moderate,PM2.5,19,Los Angeles,California,34.1141,-118.4068,12531334.0,3267.0,America/Los_Angeles,2008,2,20
2008-02-21,54,Moderate,PM2.5,20,Los Angeles,California,34.1141,-118.4068,12531334.0,3267.0,America/Los_Angeles,2008,2,21
2008-02-22,45,Good,NO2,19,Los Angeles,California,34.1141,-118.4068,12531334.0,3267.0,America/Los_Angeles,2008,2,22
2008-02-23,48,Good,PM2.5,19,Los Angeles,California,34.1141,-118.4068,12531334.0,3267.0,America/Los_Angeles,2008,2,23
2008-02-24,55,Moderate,PM2.5,20,Los Angeles,California,34.1141,-118.4068,12531334.0,3267.0,America/Los_Angeles,2008,2,24
2008-02-25,66,Moderate,PM2.5,19,Los Angeles,California,34.1141,-118.4068,12531334.0,3267.0,America/Los_Angeles,2008,2,25
2008-02-26,70,Moderate,NO2,19,Los Angeles,California,34.1141,-118.4068,12531334.0,3267.0,America/Los_Angeles,2008,2,26
2008-02-27,57,Moderate,NO2,20,Los Angeles,California,34.1141,-118.4068,12531334.0,3267.0,America/Los_Angeles,2008,2,27
2008-02-28,73,Moderate,PM2.5,19,Los Angeles,California,34.1141,-118.4068,12531334.0,3267.0,America/Los_Angeles,2008,2,28
2008-02-29,93,Moderate,PM2.5,19,Los Angeles,California,34.1141,-118.4068,12531334.0,3267.0,America/Los_Angeles,2008,2,29
2008-03-01,84,Moderate,PM2.5,20,Los Angeles,California,34.1141,-118.4068,12531334.0,3267.0,America/Los_Angeles,2008,3,1
2008-03-02,84,Moderate,PM2.5,19,Los Angeles,California,34.1141,-118.4068,12531334.0,3267.0,America/Los_Angeles,2008,3,2
2008-03-03,57,Moderate,NO2,19,Los Angeles,California,34.1141,-118.4068,12531334.0,3267.0,America/Los_Angeles,2008,3,3
2008-03-04,63,Moderate,PM2.5,20,Los Angeles,California,34.1141,-118.4068,12531334.0,3267.0,America/Los_Angeles,2008,3,4
2008-03-05,84,Moderate,NO2,19,Los Angeles,California,34.1141,-118.4068,12531334.0,3267.0,America/Los_Angeles,2008,3,5
2008-03-06,81,Moderate,PM2.5,19,Los Angeles,California,34.1141,-118.4068,12531334.0,3267.0,America/Los_Angeles,2008,3,6
2008-03-07,77,Moderate,NO2,20,Los Angeles,California,34.1141,-118.4068,12531334.0,3267.0,America/Los_Angeles,2008,3,7
2008-03-08,73,Moderate,PM2.5,19,Los Angeles,California,34.1141,-118.4068,12531334.0,3267.0,America/Los_Angeles,2008,3,8
2008-03-09,77,Moderate,Ozone,19,Los Angeles,California,34.1141,-118.4068,12531334.0,3267.0,America/Los_Angeles,2008,3,9
2008-03-10,74,Moderate,NO2,20,Los Angeles,California,34.1141,-118.4068,12531334.0,3267.0,America/Los_Angeles,2008,3,10
2008-03-11,80,Moderate,NO2,19,Los Angeles,California,34.1141,-118.4068,12531334.0,3267.0,America/Los_Angeles,2008,3,11
2008-03-12,93,Moderate,PM2.5,19,Los Angeles,California,34.1141,-118.4068,12531334.0,3267.0,America/Los_Angeles,2008,3,12
2008-03-13,89,Moderate,PM2.5,20,Los Angeles,California,34.1141,-118.4068,12531334.0,3267.0,America/Los_Angeles,2008,3,13
2008-03-14,64,Moderate,PM2.5,19,Los Angeles,California,34.1141,-118.4068,12531334.0,3267.0,America/Los_Angeles,2008,3,14
2008-03-15,55,Moderate,PM2.5,19,Los Angeles,California,34.1141,-118.4068,12531334.0,3267.0,America/Los_Angeles,2008,3,15
2008-03-16,46,Good,NO2,20,Los Angeles,California,34.1141,-118.4068,12531334.0,3267.0,America/Los_Angeles,2008,3,16
2008-03-17,55,Moderate,NO2,19,Los Angeles,California,34.1141,-118.4068,12531334.0,3267.0,America/Los_Angeles,2008,3,17
2008-03-18,60,Moderate,PM2.5,19,Los Angeles,California,34.1141,-118.4068,12531334.0,3267.0,America/Los_Angeles,2008,3,18
2008-03-19,92,Moderate,PM2.5,20,Los Angeles,California,34.1141,-118.4068,12531334.0,3267.0,America/Los_Angeles,2008,3,19
2008-03-20,99,Moderate,PM2.5,19,Los Angeles,California,34.1141,-118.4068,12531334.0,3267.0,America/Los_Angeles,2008,3,20
2008-03-21,89,Moderate,PM2.5,19,Los Angeles,California,34.1141,-118.4068,12531334.0,3267.0,America/Los_Angeles,2008,3,21
2008-03-22,79,Moderate,PM2.5,20,Los Angeles,California,34.1141,-118.4068,12531334.0,3267.0,America/Los_Angeles,2008,3,22
2008-03-23,76,Moderate,NO2,19,Los Angeles,California,34.1141,-118.4068,12531334.0,3267.0,America/Los_Angeles,2008,3,23
2008-03-24,75,Moderate,PM2.5,19,Los Angeles,California,34.1141,-118.4068,12531334.0,3267.0,America/Los_Angeles,2008,3,24
2008-03-25,96,Moderate,PM2.5,20,Los Angeles,California,34.1141,-118.4068,12531334.0,3267.0,America/Los_Angeles,2008,3,25
2008-03-26,95,Moderate,PM2.5,19,Los Angeles,California,34.1141,-118.4068,12531334.0,3267.0,America/Los_Angeles,2008,3,26
2008-03-27,67,Moderate,PM2.5,19,Los Angeles,California,34.1141,-118.4068,12531334.0,3267.0,America/Los_Angeles,2008,3,27
2008-03-28,70,Moderate,PM2.5,20,Los Angeles,California,34.1141,-118.4068,12531334.0,3267.0,America/Los_Angeles,2008,3,28
2008-03-29,67,Moderate,PM2.5,19,Los Angeles,California,34.1141,-118.4068,12531334.0,3267.0,America/Los_Angeles,2008,3,29
2008-03-30,52,Moderate,PM2.5,19,Los Angeles,California,34.1141,-118.4068,12531334.0,3267.0,America/Los_Angeles,2008,3,30
2008-03-31,63,Moderate,PM2.5,20,Los Angeles,California,34.1141,-118.4068,12531334.0,3267.0,America/Los_Angeles,2008,3,31
2008-04-01,73,Moderate,PM2.5,19,Los Angeles,California,34.1141,-118.4068,12531334.0,3267.0,America/Los_Angeles,2008,4,1
2008-04-02,67,Moderate,PM2.5,19,Los Angeles,California,34.1141,-118.4068,12531334.0,3267.0,America/Los_Angeles,2008,4,2
2008-04-03,53,Moderate,PM2.5,20,Los Angeles,California,34.1141,-118.4068,12531334.0,3267.0,America/Los_Angeles,2008,4,3
2008-04-04,90,Moderate,PM2.5,19,Los Angeles,California,34.1141,-118.4068,12531334.0,3267.0,America/Los_Angeles,2008,4,4
2008-04-05,81,Moderate,PM2.5,19,Los Angeles,California,34.1141,-118.4068,12531334.0,3267.0,America/Los_Angeles,2008,4,5
2008-04-06,68,Moderate,PM2.5,20,Los Angeles,California,34.1141,-118.4068,12531334.0,3267.0,America/Los_Angeles,2008,4,6
2008-04-07,68,Moderate,PM2.5,19,Los Angeles,California,34.1141,-118.4068,12531334.0,3267.0,America/Los_Angeles,2008,4,7
2008-04-08,62,Moderate,PM2.5,19,Los Angeles,California,34.1141,-118.4068,12531334.0,3267.0,America/Los_Angeles,2008,4,8
2008-04-09,58,Moderate,PM2.5,19,Los Angeles,California,34.1141,-118.4068,12531334.0,3267.0,America/Los_Angeles,2008,4,9
2008-04-10,71,Moderate,Ozone,18,Los Angeles,California,34.1141,-118.4068,12531334.0,3267.0,America/Los_Angeles,2008,4,10
2008-04-11,80,Moderate,Ozone,18,Los Angeles,California,34.1141,-118.4068,12531334.0,3267.0,America/Los_Angeles,2008,4,11
2008-04-12,87,Moderate,Ozone,20,Los Angeles,California,34.1141,-118.4068,12531334.0,3267.0,America/Los_Angeles,2008,4,12
2008-04-13,93,Moderate,Ozone,18,Los Angeles,California,34.1141,-118.4068,12531334.0,3267.0,America/Los_Angeles,2008,4,13
2008-04-14,87,Moderate,Ozone,18,Los Angeles,California,34.1141,-118.4068,12531334.0,3267.0,America/Los_Angeles,2008,4,14
2008-04-15,70,Moderate,PM2.5,19,Los Angeles,California,34.1141,-118.4068,12531334.0,3267.0,America/Los_Angeles,2008,4,15
2008-04-16,80,Moderate,Ozone,18,Los Angeles,California,34.1141,-118.4068,12531334.0,3267.0,America/Los_Angeles,2008,4,16
2008-04-17,119,Unhealthy for Sensitive Groups,Ozone,19,Los Angeles,California,34.1141,-118.4068,12531334.0,3267.0,America/Los_Angeles,2008,4,17
2008-04-18,108,Unhealthy for Sensitive Groups,Ozone,20,Los Angeles,California,34.1141,-118.4068,12531334.0,3267.0,America/Los_Angeles,2008,4,18
2008-04-19,77,Moderate,Ozone,19,Los Angeles,California,34.1141,-118.4068,12531334.0,3267.0,America/Los_Angeles,2008,4,19
2008-04-20,90,Moderate,Ozone,19,Los Angeles,California,34.1141,-118.4068,12531334.0,3267.0,America/Los_Angeles,2008,4,20
2008-04-21,97,Moderate,Ozone,20,Los Angeles,California,34.1141,-118.4068,12531334.0,3267.0,America/Los_Angeles,2008,4,21
2008-04-22,108,Unhealthy for Sensitive Groups,Ozone,19,Los Angeles,California,34.1141,-118.4068,12531334.0,3267.0,America/Los_Angeles,2008,4,22
2008-04-23,71,Moderate,Ozone,19,Los Angeles,California,34.1141,-118.4068,12531334.0,3267.0,America/Los_Angeles,2008,4,23
2008-04-24,77,Moderate,Ozone,20,Los Angeles,California,34.1141,-118.4068,12531334.0,3267.0,America/Los_Angeles,2008,4,24
2008-04-25,93,Moderate,Ozone,19,Los Angeles,California,34.1141,-118.4068,12531334.0,3267.0,America/Los_Angeles,2008,4,25
2008-04-26,151,Unhealthy,Ozone,19,Los Angeles,California,34.1141,-118.4068,12531334.0,3267.0,America/Los_Angeles,2008,4,26
2008-04-27,122,Unhealthy for Sensitive Groups,Ozone,20,Los Angeles,California,34.1141,-118.4068,12531334.0,3267.0,America/Los_Angeles,2008,4,27
2008-04-28,140,Unhealthy for Sensitive Groups,Ozone,19,Los Angeles,California,34.1141,-118.4068,12531334.0,3267.0,America/Los_Angeles,2008,4,28
2008-04-29,122,Unhealthy for Sensitive Groups,Ozone,19,Los Angeles,California,34.1141,-118.4068,12531334.0,3267.0,America/Los_Angeles,2008,4,29
2008-04-30,84,Moderate,Ozone,20,Los Angeles,California,34.1141,-118.4068,12531334.0,3267.0,America/Los_Angeles,2008,4,30
2008-05-01,84,Moderate,Ozone,19,Los Angeles,California,34.1141,-118.4068,12531334.0,3267.0,America/Los_Angeles,2008,5,1
2008-05-02,129,Unhealthy for Sensitive Groups,Ozone,19,Los Angeles,California,34.1141,-118.4068,12531334.0,3267.0,America/Los_Angeles,2008,5,2
2008-05-03,143,Unhealthy for Sensitive Groups,Ozone,20,Los Angeles,California,34.1141,-118.4068,12531334.0,3267.0,America/Los_Angeles,2008,5,3
2008-05-04,108,Unhealthy for Sensitive Groups,Ozone,19,Los Angeles,California,34.1141,-118.4068,12531334.0,3267.0,America/Los_Angeles,2008,5,4
2008-05-05,67,Moderate,Ozone,19,Los Angeles,California,34.1141,-118.4068,12531334.0,3267.0,America/Los_Angeles,2008,5,5
2008-05-06,72,Moderate,PM2.5,20,Los Angeles,California,34.1141,-118.4068,12531334.0,3267.0,America/Los_Angeles,2008,5,6
2008-05-07,62,Moderate,PM2.5,19,Los Angeles,California,34.1141,-118.4068,12531334.0,3267.0,America/Los_Angeles,2008,5,7
2008-05-08,80,Moderate,PM2.5,19,Los Angeles,California,34.1141,-118.4068,12531334.0,3267.0,America/Los_Angeles,2008,5,8
2008-05-09,79,Moderate,PM2.5,20,Los Angeles,California,34.1141,-118.4068,12531334.0,3267.0,America/Los_Angeles,2008,5,9
2008-05-10,101,Unhealthy for Sensitive Groups,Ozone,19,Los Angeles,California,34.1141,-118.4068,12531334.0,3267.0,America/Los_Angeles,2008,5,10
2008-05-11,133,Unhealthy for Sensitive Groups,Ozone,19,Los Angeles,California,34.1141,-118.4068,12531334.0,3267.0,America/Los_Angeles,2008,5,11
2008-05-12,76,Moderate,PM2.5,20,Los Angeles,California,34.1141,-118.4068,12531334.0,3267.0,America/Los_Angeles,2008,5,12
2008-05-13,90,Moderate,Ozone,19,Los Angeles,California,34.1141,-118.4068,12531334.0,3267.0,America/Los_Angeles,2008,5,13
2008-05-14,115,Unhealthy for Sensitive Groups,Ozone,19,Los Angeles,California,34.1141,-118.4068,12531334.0,3267.0,America/Los_Angeles,2008,5,14
2008-05-15,101,Unhealthy for Sensitive Groups,Ozone,20,Los Angeles,California,34.1141,-118.4068,12531334.0,3267.0,America/Los_Angeles,2008,5,15
2008-05-16,84,Moderate,Ozone,19,Los Angeles,California,34.1141,-118.4068,12531334.0,3267.0,America/Los_Angeles,2008,5,16
2008-05-17,164,Unhealthy,Ozone,19,Los Angeles,California,34.1141,-118.4068,12531334.0,3267.0,America/Los_Angeles,2008,5,17
2008-05-18,214,Very Unhealthy,Ozone,20,Los Angeles,California,34.1141,-118.4068,12531334.0,3267.0,America/Los_Angeles,2008,5,18
2008-05-19,187,Unhealthy,Ozone,19,Los Angeles,California,34.1141,-118.4068,12531334.0,3267.0,America/Los_Angeles,2008,5,19
2008-05-20,129,Unhealthy for Sensitive Groups,Ozone,19,Los Angeles,California,34.1141,-118.4068,12531334.0,3267.0,America/Los_Angeles,2008,5,20
2008-05-21,99,Moderate,PM10,20,Los Angeles,California,34.1141,-118.4068,12531334.0,3267.0,America/Los_Angeles,2008,5,21
2008-05-22,73,Moderate,PM2.5,19,Los Angeles,California,34.1141,-118.4068,12531334.0,3267.0,America/Los_Angeles,2008,5,22
2008-05-23,63,Moderate,PM10,18,Los Angeles,California,34.1141,-118.4068,12531334.0,3267.0,America/Los_Angeles,2008,5,23
2008-05-24,63,Moderate,PM10,20,Los Angeles,California,34.1141,-118.4068,12531334.0,3267.0,America/Los_Angeles,2008,5,24
2008-05-25,51,Moderate,Ozone,19,Los Angeles,California,34.1141,-118.4068,12531334.0,3267.0,America/Los_Angeles,2008,5,25
2008-05-26,52,Moderate,PM2.5,19,Los Angeles,California,34.1141,-118.4068,12531334.0,3267.0,America/Los_Angeles,2008,5,26
2008-05-27,54,Moderate,PM2.5,20,Los Angeles,California,34.1141,-118.4068,12531334.0,3267.0,America/Los_Angeles,2008,5,27
2008-05-28,52,Moderate,PM2.5,19,Los Angeles,California,34.1141,-118.4068,12531334.0,3267.0,America/Los_Angeles,2008,5,28
2008-05-29,58,Moderate,Ozone,18,Los Angeles,California,34.1141,-118.4068,12531334.0,3267.0,America/Los_Angeles,2008,5,29
2008-05-30,97,Moderate,PM2.5,20,Los Angeles,California,34.1141,-118.4068,12531334.0,3267.0,America/Los_Angeles,2008,5,30
2008-05-31,93,Moderate,Ozone,18,Los Angeles,California,34.1141,-118.4068,12531334.0,3267.0,America/Los_Angeles,2008,5,31
2008-06-01,147,Unhealthy for Sensitive Groups,Ozone,18,Los Angeles,California,34.1141,-118.4068,12531334.0,3267.0,America/Los_Angeles,2008,6,1
2008-06-02,72,Moderate,PM2.5,19,Los Angeles,California,34.1141,-118.4068,12531334.0,3267.0,America/Los_Angeles,2008,6,2
2008-06-03,83,Moderate,PM2.5,18,Los Angeles,California,34.1141,-118.4068,12531334.0,3267.0,America/Los_Angeles,2008,6,3
2008-06-04,87,Moderate,Ozone,19,Los Angeles,California,34.1141,-118.4068,12531334.0,3267.0,America/Los_Angeles,2008,6,4
2008-06-05,100,Moderate,Ozone,20,Los Angeles,California,34.1141,-118.4068,12531334.0,3267.0,America/Los_Angeles,2008,6,5
2008-06-06,154,Unhealthy,Ozone,19,Los Angeles,California,34.1141,-118.4068,12531334.0,3267.0,America/Los_Angeles,2008,6,6
2008-06-07,147,Unhealthy for Sensitive Groups,Ozone,19,Los Angeles,California,34.1141,-118.4068,12531334.0,3267.0,America/Los_Angeles,2008,6,7
2008-06-08,174,Unhealthy,Ozone,20,Los Angeles,California,34.1141,-118.4068,12531334.0,3267.0,America/Los_Angeles,2008,6,8
2008-06-09,190,Unhealthy,Ozone,19,Los Angeles,California,34.1141,-118.4068,12531334.0,3267.0,America/Los_Angeles,2008,6,9
2008-06-10,115,Unhealthy for Sensitive Groups,Ozone,19,Los Angeles,California,34.1141,-118.4068,12531334.0,3267.0,America/Los_Angeles,2008,6,10
2008-06-11,115,Unhealthy for Sensitive Groups,Ozone,20,Los Angeles,California,34.1141,-118.4068,12531334.0,3267.0,America/Los_Angeles,2008,6,11
2008-06-12,136,Unhealthy for Sensitive Groups,Ozone,19,Los Angeles,California,34.1141,-118.4068,12531334.0,3267.0,America/Los_Angeles,2008,6,12
2008-06-13,151,Unhealthy,Ozone,19,Los Angeles,California,34.1141,-118.4068,12531334.0,3267.0,America/Los_Angeles,2008,6,13
2008-06-14,187,Unhealthy,Ozone,20,Los Angeles,California,34.1141,-118.4068,12531334.0,3267.0,America/Los_Angeles,2008,6,14
2008-06-15,214,Very Unhealthy,Ozone,19,Los Angeles,California,34.1141,-118.4068,12531334.0,3267.0,America/Los_Angeles,2008,6,15
2008-06-16,185,Unhealthy,Ozone,19,Los Angeles,California,34.1141,-118.4068,12531334.0,3267.0,America/Los_Angeles,2008,6,16
2008-06-17,174,Unhealthy,Ozone,20,Los Angeles,California,34.1141,-118.4068,12531334.0,3267.0,America/Los_Angeles,2008,6,17
2008-06-18,187,Unhealthy,Ozone,19,Los Angeles,California,34.1141,-118.4068,12531334.0,3267.0,America/Los_Angeles,2008,6,18
2008-06-19,195,Unhealthy,Ozone,19,Los Angeles,California,34.1141,-118.4068,12531334.0,3267.0,America/Los_Angeles,2008,6,19
2008-06-20,205,Very Unhealthy,Ozone,20,Los Angeles,California,34.1141,-118.4068,12531334.0,3267.0,America/Los_Angeles,2008,6,20
2008-06-21,213,Very Unhealthy,Ozone,19,Los Angeles,California,34.1141,-118.4068,12531334.0,3267.0,America/Los_Angeles,2008,6,21
2008-06-22,206,Very Unhealthy,Ozone,19,Los Angeles,California,34.1141,-118.4068,12531334.0,3267.0,America/Los_Angeles,2008,6,22
2008-06-23,192,Unhealthy,Ozone,20,Los Angeles,California,34.1141,-118.4068,12531334.0,3267.0,America/Los_Angeles,2008,6,23
2008-06-24,174,Unhealthy,Ozone,19,Los Angeles,California,34.1141,-118.4068,12531334.0,3267.0,America/Los_Angeles,2008,6,24
2008-06-25,172,Unhealthy,Ozone,19,Los Angeles,California,34.1141,-118.4068,12531334.0,3267.0,America/Los_Angeles,2008,6,25
2008-06-26,112,Unhealthy for Sensitive Groups,Ozone,20,Los Angeles,California,34.1141,-118.4068,12531334.0,3267.0,America/Los_Angeles,2008,6,26
2008-06-27,151,Unhealthy,Ozone,19,Los Angeles,California,34.1141,-118.4068,12531334.0,3267.0,America/Los_Angeles,2008,6,27
2008-06-28,166,Unhealthy,Ozone,19,Los Angeles,California,34.1141,-118.4068,12531334.0,3267.0,America/Los_Angeles,2008,6,28
2008-06-29,154,Unhealthy,Ozone,20,Los Angeles,California,34.1141,-118.4068,12531334.0,3267.0,America/Los_Angeles,2008,6,29
2008-06-30,93,Moderate,Ozone,18,Los Angeles,California,34.1141,-118.4068,12531334.0,3267.0,America/Los_Angeles,2008,6,30
2008-07-01,112,Unhealthy for Sensitive Groups,Ozone,19,Los Angeles,California,34.1141,-118.4068,12531334.0,3267.0,America/Los_Angeles,2008,7,1
2008-07-02,190,Unhealthy,Ozone,20,Los Angeles,California,34.1141,-118.4068,12531334.0,3267.0,America/Los_Angeles,2008,7,2
2008-07-03,203,Very Unhealthy,Ozone,19,Los Angeles,California,34.1141,-118.4068,12531334.0,3267.0,America/Los_Angeles,2008,7,3
2008-07-04,207,Very Unhealthy,Ozone,19,Los Angeles,California,34.1141,-118.4068,12531334.0,3267.0,America/Los_Angeles,2008,7,4
2008-07-05,197,Unhealthy,Ozone,20,Los Angeles,California,34.1141,-118.4068,12531334.0,3267.0,America/Los_Angeles,2008,7,5
2008-07-06,185,Unhealthy,Ozone,19,Los Angeles,California,34.1141,-118.4068,12531334.0,3267.0,America/Los_Angeles,2008,7,6
2008-07-07,166,Unhealthy,Ozone,19,Los Angeles,California,34.1141,-118.4068,12531334.0,3267.0,America/Los_Angeles,2008,7,7
2008-07-08,192,Unhealthy,Ozone,20,Los Angeles,California,34.1141,-118.4068,12531334.0,3267.0,America/Los_Angeles,2008,7,8
2008-07-09,174,Unhealthy,Ozone,19,Los Angeles,California,34.1141,-118.4068,12531334.0,3267.0,America/Los_Angeles,2008,7,9
2008-07-10,164,Unhealthy,Ozone,19,Los Angeles,California,34.1141,-118.4068,12531334.0,3267.0,America/Los_Angeles,2008,7,10
2008-07-11,81,Moderate,PM2.5,20,Los Angeles,California,34.1141,-118.4068,12531334.0,3267.0,America/Los_Angeles,2008,7,11
2008-07-12,101,Unhealthy for Sensitive Groups,Ozone,19,Los Angeles,California,34.1141,-118.4068,12531334.0,3267.0,America/Los_Angeles,2008,7,12
2008-07-13,100,Moderate,Ozone,19,Los Angeles,California,34.1141,-118.4068,12531334.0,3267.0,America/Los_Angeles,2008,7,13
2008-07-14,100,Moderate,Ozone,20,Los Angeles,California,34.1141,-118.4068,12531334.0,3267.0,America/Los_Angeles,2008,7,14
2008-07-15,122,Unhealthy for Sensitive Groups,Ozone,19,Los Angeles,California,34.1141,-118.4068,12531334.0,3267.0,America/Los_Angeles,2008,7,15
2008-07-16,140,Unhealthy for Sensitive Groups,Ozone,19,Los Angeles,California,34.1141,-118.4068,12531334.0,3267.0,America/Los_Angeles,2008,7,16
2008-07-17,179,Unhealthy,Ozone,20,Los Angeles,California,34.1141,-118.4068,12531334.0,3267.0,America/Los_Angeles,2008,7,17
2008-07-18,187,Unhealthy,Ozone,19,Los Angeles,California,34.1141,-118.4068,12531334.0,3267.0,America/Los_Angeles,2008,7,18
2008-07-19,159,Unhealthy,Ozone,19,Los Angeles,California,34.1141,-118.4068,12531334.0,3267.0,America/Los_Angeles,2008,7,19
2008-07-20,108,Unhealthy for Sensitive Groups,Ozone,20,Los Angeles,California,34.1141,-118.4068,12531334.0,3267.0,America/Los_Angeles,2008,7,20
2008-07-21,87,Moderate,Ozone,19,Los Angeles,California,34.1141,-118.4068,12531334.0,3267.0,America/Los_Angeles,2008,7,21
2008-07-22,101,Unhealthy for Sensitive Groups,Ozone,19,Los Angeles,California,34.1141,-118.4068,12531334.0,3267.0,America/Los_Angeles,2008,7,22
2008-07-23,115,Unhealthy for Sensitive Groups,Ozone,20,Los Angeles,California,34.1141,-118.4068,12531334.0,3267.0,America/Los_Angeles,2008,7,23
2008-07-24,192,Unhealthy,Ozone,18,Los Angeles,California,34.1141,-118.4068,12531334.0,3267.0,America/Los_Angeles,2008,7,24
2008-07-25,161,Unhealthy,Ozone,19,Los Angeles,California,34.1141,-118.4068,12531334.0,3267.0,America/Los_Angeles,2008,7,25
2008-07-26,122,Unhealthy for Sensitive Groups,Ozone,20,Los Angeles,California,34.1141,-118.4068,12531334.0,3267.0,America/Los_Angeles,2008,7,26
2008-07-27,112,Unhealthy for Sensitive Groups,Ozone,19,Los Angeles,California,34.1141,-118.4068,12531334.0,3267.0,America/Los_Angeles,2008,7,27
2008-07-28,100,Moderate,Ozone,19,Los Angeles,California,34.1141,-118.4068,12531334.0,3267.0,America/Los_Angeles,2008,7,28
2008-07-29,115,Unhealthy for Sensitive Groups,Ozone,20,Los Angeles,California,34.1141,-118.4068,12531334.0,3267.0,America/Los_Angeles,2008,7,29
2008-07-30,150,Unhealthy for Sensitive Groups,Ozone,19,Los Angeles,California,34.1141,-118.4068,12531334.0,3267.0,America/Los_Angeles,2008,7,30
2008-07-31,177,Unhealthy,Ozone,19,Los Angeles,California,34.1141,-118.4068,12531334.0,3267.0,America/Los_Angeles,2008,7,31
2008-08-01,192,Unhealthy,Ozone,20,Los Angeles,California,34.1141,-118.4068,12531334.0,3267.0,America/Los_Angeles,2008,8,1
2008-08-02,227,Very Unhealthy,Ozone,19,Los Angeles,California,34.1141,-118.4068,12531334.0,3267.0,America/Los_Angeles,2008,8,2
2008-08-03,177,Unhealthy,Ozone,19,Los Angeles,California,34.1141,-118.4068,12531334.0,3267.0,America/Los_Angeles,2008,8,3
2008-08-04,84,Moderate,Ozone,20,Los Angeles,California,34.1141,-118.4068,12531334.0,3267.0,America/Los_Angeles,2008,8,4
2008-08-05,100,Moderate,Ozone,19,Los Angeles,California,34.1141,-118.4068,12531334.0,3267.0,America/Los_Angeles,2008,8,5
2008-08-06,71,Moderate,Ozone,19,Los Angeles,California,34.1141,-118.4068,12531334.0,3267.0,America/Los_Angeles,2008,8,6
2008-08-07,80,Moderate,Ozone,20,Los Angeles,California,34.1141,-118.4068,12531334.0,3267.0,America/Los_Angeles,2008,8,7
2008-08-08,55,Moderate,PM2.5,19,Los Angeles,California,34.1141,-118.4068,12531334.0,3267.0,America/Los_Angeles,2008,8,8
2008-08-09,67,Moderate,Ozone,19,Los Angeles,California,34.1141,-118.4068,12531334.0,3267.0,America/Los_Angeles,2008,8,9
2008-08-10,119,Unhealthy for Sensitive Groups,Ozone,20,Los Angeles,California,34.1141,-118.4068,12531334.0,3267.0,America/Los_Angeles,2008,8,10
2008-08-11,119,Unhealthy for Sensitive Groups,Ozone,19,Los Angeles,California,34.1141,-118.4068,12531334.0,3267.0,America/Los_Angeles,2008,8,11
2008-08-12,177,Unhealthy,Ozone,19,Los Angeles,California,34.1141,-118.4068,12531334.0,3267.0,America/Los_Angeles,2008,8,12
2008-08-13,169,Unhealthy,Ozone,20,Los Angeles,California,34.1141,-118.4068,12531334.0,3267.0,America/Los_Angeles,2008,8,13
2008-08-14,190,Unhealthy,Ozone,19,Los Angeles,California,34.1141,-118.4068,12531334.0,3267.0,America/Los_Angeles,2008,8,14
2008-08-15,174,Unhealthy,Ozone,19,Los Angeles,California,34.1141,-118.4068,12531334.0,3267.0,America/Los_Angeles,2008,8,15
2008-08-16,147,Unhealthy for Sensitive Groups,Ozone,20,Los Angeles,California,34.1141,-118.4068,12531334.0,3267.0,America/Los_Angeles,2008,8,16
2008-08-17,133,Unhealthy for Sensitive Groups,Ozone,19,Los Angeles,California,34.1141,-118.4068,12531334.0,3267.0,America/Los_Angeles,2008,8,17
2008-08-18,74,Moderate,Ozone,19,Los Angeles,California,34.1141,-118.4068,12531334.0,3267.0,America/Los_Angeles,2008,8,18
2008-08-19,60,Moderate,PM2.5,20,Los Angeles,California,34.1141,-118.4068,12531334.0,3267.0,America/Los_Angeles,2008,8,19
2008-08-20,112,Unhealthy for Sensitive Groups,Ozone,19,Los Angeles,California,34.1141,-118.4068,12531334.0,3267.0,America/Los_Angeles,2008,8,20
2008-08-21,140,Unhealthy for Sensitive Groups,Ozone,19,Los Angeles,California,34.1141,-118.4068,12531334.0,3267.0,America/Los_Angeles,2008,8,21
2008-08-22,101,Unhealthy for Sensitive Groups,Ozone,20,Los Angeles,California,34.1141,-118.4068,12531334.0,3267.0,America/Los_Angeles,2008,8,22
2008-08-23,126,Unhealthy for Sensitive Groups,Ozone,19,Los Angeles,California,34.1141,-118.4068,12531334.0,3267.0,America/Los_Angeles,2008,8,23
2008-08-24,200,Unhealthy,Ozone,19,Los Angeles,California,34.1141,-118.4068,12531334.0,3267.0,America/Los_Angeles,2008,8,24
2008-08-25,151,Unhealthy,Ozone,20,Los Angeles,California,34.1141,-118.4068,12531334.0,3267.0,America/Los_Angeles,2008,8,25
2008-08-26,90,Moderate,Ozone,19,Los Angeles,California,34.1141,-118.4068,12531334.0,3267.0,America/Los_Angeles,2008,8,26
2008-08-27,136,Unhealthy for Sensitive Groups,Ozone,19,Los Angeles,California,34.1141,-118.4068,12531334.0,3267.0,America/Los_Angeles,2008,8,27
2008-08-28,150,Unhealthy for Sensitive Groups,Ozone,20,Los Angeles,California,34.1141,-118.4068,12531334.0,3267.0,America/Los_Angeles,2008,8,28
2008-08-29,101,Unhealthy for Sensitive Groups,Ozone,19,Los Angeles,California,34.1141,-118.4068,12531334.0,3267.0,America/Los_Angeles,2008,8,29
2008-08-30,143,Unhealthy for Sensitive Groups,Ozone,19,Los Angeles,California,34.1141,-118.4068,12531334.0,3267.0,America/Los_Angeles,2008,8,30
2008-08-31,58,Moderate,Ozone,20,Los Angeles,California,34.1141,-118.4068,12531334.0,3267.0,America/Los_Angeles,2008,8,31
2008-09-01,87,Moderate,Ozone,19,Los Angeles,California,34.1141,-118.4068,12531334.0,3267.0,America/Los_Angeles,2008,9,1
2008-09-02,84,Moderate,Ozone,19,Los Angeles,California,34.1141,-118.4068,12531334.0,3267.0,America/Los_Angeles,2008,9,2
2008-09-03,87,Moderate,Ozone,20,Los Angeles,California,34.1141,-118.4068,12531334.0,3267.0,America/Los_Angeles,2008,9,3
2008-09-04,84,Moderate,Ozone,19,Los Angeles,California,34.1141,-118.4068,12531334.0,3267.0,America/Los_Angeles,2008,9,4
2008-09-05,105,Unhealthy for Sensitive Groups,Ozone,19,Los Angeles,California,34.1141,-118.4068,12531334.0,3267.0,America/Los_Angeles,2008,9,5
2008-09-06,172,Unhealthy,Ozone,20,Los Angeles,California,34.1141,-118.4068,12531334.0,3267.0,America/Los_Angeles,2008,9,6
2008-09-07,195,Unhealthy,Ozone,19,Los Angeles,California,34.1141,-118.4068,12531334.0,3267.0,America/Los_Angeles,2008,9,7
2008-09-08,100,Moderate,Ozone,19,Los Angeles,California,34.1141,-118.4068,12531334.0,3267.0,America/Los_Angeles,2008,9,8
2008-09-09,80,Moderate,Ozone,20,Los Angeles,California,34.1141,-118.4068,12531334.0,3267.0,America/Los_Angeles,2008,9,9
2008-09-10,72,Moderate,PM2.5,19,Los Angeles,California,34.1141,-118.4068,12531334.0,3267.0,America/Los_Angeles,2008,9,10
2008-09-11,69,Moderate,PM2.5,19,Los Angeles,California,34.1141,-118.4068,12531334.0,3267.0,America/Los_Angeles,2008,9,11
2008-09-12,89,Moderate,PM2.5,20,Los Angeles,California,34.1141,-118.4068,12531334.0,3267.0,America/Los_Angeles,2008,9,12
2008-09-13,164,Unhealthy,Ozone,19,Los Angeles,California,34.1141,-118.4068,12531334.0,3267.0,America/Los_Angeles,2008,9,13
2008-09-14,177,Unhealthy,Ozone,19,Los Angeles,California,34.1141,-118.4068,12531334.0,3267.0,America/Los_Angeles,2008,9,14
2008-09-15,115,Unhealthy for Sensitive Groups,Ozone,20,Los Angeles,California,34.1141,-118.4068,12531334.0,3267.0,America/Los_Angeles,2008,9,15
2008-09-16,93,Moderate,Ozone,19,Los Angeles,California,34.1141,-118.4068,12531334.0,3267.0,America/Los_Angeles,2008,9,16
2008-09-17,74,Moderate,PM2.5,19,Los Angeles,California,34.1141,-118.4068,12531334.0,3267.0,America/Los_Angeles,2008,9,17
2008-09-18,84,Moderate,Ozone,20,Los Angeles,California,34.1141,-118.4068,12531334.0,3267.0,America/Los_Angeles,2008,9,18
2008-09-19,55,Moderate,PM2.5,19,Los Angeles,California,34.1141,-118.4068,12531334.0,3267.0,America/Los_Angeles,2008,9,19
2008-09-20,48,Good,Ozone,19,Los Angeles,California,34.1141,-118.4068,12531334.0,3267.0,America/Los_Angeles,2008,9,20
2008-09-21,80,Moderate,Ozone,20,Los Angeles,California,34.1141,-118.4068,12531334.0,3267.0,America/Los_Angeles,2008,9,21
2008-09-22,74,Moderate,Ozone,19,Los Angeles,California,34.1141,-118.4068,12531334.0,3267.0,America/Los_Angeles,2008,9,22
2008-09-23,87,Moderate,Ozone,19,Los Angeles,California,34.1141,-118.4068,12531334.0,3267.0,America/Los_Angeles,2008,9,23
2008-09-24,122,Unhealthy for Sensitive Groups,Ozone,20,Los Angeles,California,34.1141,-118.4068,12531334.0,3267.0,America/Los_Angeles,2008,9,24
2008-09-25,71,Moderate,NO2,19,Los Angeles,California,34.1141,-118.4068,12531334.0,3267.0,America/Los_Angeles,2008,9,25
2008-09-26,65,Moderate,NO2,19,Los Angeles,California,34.1141,-118.4068,12531334.0,3267.0,America/Los_Angeles,2008,9,26
2008-09-27,93,Moderate,Ozone,20,Los Angeles,California,34.1141,-118.4068,12531334.0,3267.0,America/Los_Angeles,2008,9,27
2008-09-28,101,Unhealthy for Sensitive Groups,Ozone,19,Los Angeles,California,34.1141,-118.4068,12531334.0,3267.0,America/Los_Angeles,2008,9,28
2008-09-29,83,Moderate,NO2,19,Los Angeles,California,34.1141,-118.4068,12531334.0,3267.0,America/Los_Angeles,2008,9,29
2008-09-30,101,Unhealthy for Sensitive Groups,NO2,20,Los Angeles,California,34.1141,-118.4068,12531334.0,3267.0,America/Los_Angeles,2008,9,30
2008-10-01,108,Unhealthy for Sensitive Groups,Ozone,19,Los Angeles,California,34.1141,-118.4068,12531334.0,3267.0,America/Los_Angeles,2008,10,1
2008-10-02,100,Moderate,Ozone,19,Los Angeles,California,34.1141,-118.4068,12531334.0,3267.0,America/Los_Angeles,2008,10,2
2008-10-03,52,Moderate,PM2.5,20,Los Angeles,California,34.1141,-118.4068,12531334.0,3267.0,America/Los_Angeles,2008,10,3
2008-10-04,39,Good,NO2,19,Los Angeles,California,34.1141,-118.4068,12531334.0,3267.0,America/Los_Angeles,2008,10,4
2008-10-05,54,Moderate,Ozone,19,Los Angeles,California,34.1141,-118.4068,12531334.0,3267.0,America/Los_Angeles,2008,10,5
2008-10-06,58,Moderate,Ozone,20,Los Angeles,California,34.1141,-118.4068,12531334.0,3267.0,America/Los_Angeles,2008,10,6
2008-10-07,69,Moderate,NO2,19,Los Angeles,California,34.1141,-118.4068,12531334.0,3267.0,America/Los_Angeles,2008,10,7
2008-10-08,87,Moderate,NO2,19,Los Angeles,California,34.1141,-118.4068,12531334.0,3267.0,America/Los_Angeles,2008,10,8
2008-10-09,97,Moderate,Ozone,20,Los Angeles,California,34.1141,-118.4068,12531334.0,3267.0,America/Los_Angeles,2008,10,9
2008-10-10,60,Moderate,PM2.5,19,Los Angeles,California,34.1141,-118.4068,12531334.0,3267.0,America/Los_Angeles,2008,10,10
2008-10-11,42,Good,NO2,19,Los Angeles,California,34.1141,-118.4068,12531334.0,3267.0,America/Los_Angeles,2008,10,11
2008-10-12,44,Good,Ozone,20,Los Angeles,California,34.1141,-118.4068,12531334.0,3267.0,America/Los_Angeles,2008,10,12
2008-10-13,85,Moderate,PM10,19,Los Angeles,California,34.1141,-118.4068,12531334.0,3267.0,America/Los_Angeles,2008,10,13
2008-10-14,79,Moderate,NO2,19,Los Angeles,California,34.1141,-118.4068,12531334.0,3267.0,America/Los_Angeles,2008,10,14
2008-10-15,65,Moderate,PM2.5,20,Los Angeles,California,34.1141,-118.4068,12531334.0,3267.0,America/Los_Angeles,2008,10,15
2008-10-16,72,Moderate,NO2,19,Los Angeles,California,34.1141,-118.4068,12531334.0,3267.0,America/Los_Angeles,2008,10,16
2008-10-17,91,Moderate,NO2,19,Los Angeles,California,34.1141,-118.4068,12531334.0,3267.0,America/Los_Angeles,2008,10,17
2008-10-18,71,Moderate,Ozone,20,Los Angeles,California,34.1141,-118.4068,12531334.0,3267.0,America/Los_Angeles,2008,10,18
2008-10-19,62,Moderate,PM2.5,19,Los Angeles,California,34.1141,-118.4068,12531334.0,3267.0,America/Los_Angeles,2008,10,19
2008-10-20,91,Moderate,PM2.5,19,Los Angeles,California,34.1141,-118.4068,12531334.0,3267.0,America/Los_Angeles,2008,10,20
2008-10-21,99,Moderate,NO2,20,Los Angeles,California,34.1141,-118.4068,12531334.0,3267.0,America/Los_Angeles,2008,10,21
2008-10-22,104,Unhealthy for Sensitive Groups,NO2,19,Los Angeles,California,34.1141,-118.4068,12531334.0,3267.0,America/Los_Angeles,2008,10,22
2008-10-23,58,Moderate,NO2,19,Los Angeles,California,34.1141,-118.4068,12531334.0,3267.0,America/Los_Angeles,2008,10,23
2008-10-24,80,Moderate,NO2,20,Los Angeles,California,34.1141,-118.4068,12531334.0,3267.0,America/Los_Angeles,2008,10,24
2008-10-25,100,Moderate,Ozone,19,Los Angeles,California,34.1141,-118.4068,12531334.0,3267.0,America/Los_Angeles,2008,10,25
2008-10-26,151,Unhealthy,Ozone,19,Los Angeles,California,34.1141,-118.4068,12531334.0,3267.0,America/Los_Angeles,2008,10,26
2008-10-27,101,Unhealthy for Sensitive Groups,PM2.5,20,Los Angeles,California,34.1141,-118.4068,12531334.0,3267.0,America/Los_Angeles,2008,10,27
2008-10-28,101,Unhealthy for Sensitive Groups,NO2,19,Los Angeles,California,34.1141,-118.4068,12531334.0,3267.0,America/Los_Angeles,2008,10,28
2008-10-29,150,Unhealthy for Sensitive Groups,Ozone,19,Los Angeles,California,34.1141,-118.4068,12531334.0,3267.0,America/Los_Angeles,2008,10,29
2008-10-30,71,Moderate,Ozone,20,Los Angeles,California,34.1141,-118.4068,12531334.0,3267.0,America/Los_Angeles,2008,10,30
2008-10-31,60,Moderate,NO2,19,Los Angeles,California,34.1141,-118.4068,12531334.0,3267.0,America/Los_Angeles,2008,10,31
2008-11-01,57,Moderate,NO2,19,Los Angeles,California,34.1141,-118.4068,12531334.0,3267.0,America/Los_Angeles,2008,11,1
2008-11-02,37,Good,PM2.5,20,Los Angeles,California,34.1141,-118.4068,12531334.0,3267.0,America/Los_Angeles,2008,11,2
2008-11-03,45,Good,PM2.5,19,Los Angeles,California,34.1141,-118.4068,12531334.0,3267.0,America/Los_Angeles,2008,11,3
2008-11-04,38,Good,NO2,19,Los Angeles,California,34.1141,-118.4068,12531334.0,3267.0,America/Los_Angeles,2008,11,4
2008-11-05,46,Good,NO2,21,Los Angeles,California,34.1141,-118.4068,12531334.0,3267.0,America/Los_Angeles,2008,11,5
2008-11-06,83,Moderate,NO2,19,Los Angeles,California,34.1141,-118.4068,12531334.0,3267.0,America/Los_Angeles,2008,11,6
2008-11-07,99,Moderate,NO2,19,Los Angeles,California,34.1141,-118.4068,12531334.0,3267.0,America/Los_Angeles,2008,11,7
2008-11-08,63,Moderate,NO2,20,Los Angeles,California,34.1141,-118.4068,12531334.0,3267.0,America/Los_Angeles,2008,11,8
2008-11-09,37,Good,Ozone,19,Los Angeles,California,34.1141,-118.4068,12531334.0,3267.0,America/Los_Angeles,2008,11,9
2008-11-10,42,Good,NO2,19,Los Angeles,California,34.1141,-118.4068,12531334.0,3267.0,America/Los_Angeles,2008,11,10
2008-11-11,58,Moderate,NO2,20,Los Angeles,California,34.1141,-118.4068,12531334.0,3267.0,America/Los_Angeles,2008,11,11
2008-11-12,81,Moderate,NO2,19,Los Angeles,California,34.1141,-118.4068,12531334.0,3267.0,America/Los_Angeles,2008,11,12
2008-11-13,102,Unhealthy for Sensitive Groups,NO2,19,Los Angeles,California,34.1141,-118.4068,12531334.0,3267.0,America/Los_Angeles,2008,11,13
2008-11-14,106,Unhealthy for Sensitive Groups,NO2,20,Los Angeles,California,34.1141,-118.4068,12531334.0,3267.0,America/Los_Angeles,2008,11,14
2008-11-15,112,Unhealthy for Sensitive Groups,PM2.5,19,Los Angeles,California,34.1141,-118.4068,12531334.0,3267.0,America/Los_Angeles,2008,11,15
2008-11-16,163,Unhealthy,PM2.5,19,Los Angeles,California,34.1141,-118.4068,12531334.0,3267.0,America/Los_Angeles,2008,11,16
2008-11-17,116,Unhealthy for Sensitive Groups,PM2.5,20,Los Angeles,California,34.1141,-118.4068,12531334.0,3267.0,America/Los_Angeles,2008,11,17
2008-11-18,92,Moderate,PM2.5,19,Los Angeles,California,34.1141,-118.4068,12531334.0,3267.0,America/Los_Angeles,2008,11,18
2008-11-19,103,Unhealthy for Sensitive Groups,NO2,19,Los Angeles,California,34.1141,-118.4068,12531334.0,3267.0,America/Los_Angeles,2008,11,19
2008-11-20,106,Unhealthy for Sensitive Groups,PM2.5,19,Los Angeles,California,34.1141,-118.4068,12531334.0,3267.0,America/Los_Angeles,2008,11,20
2008-11-21,108,Unhealthy for Sensitive Groups,PM2.5,19,Los Angeles,California,34.1141,-118.4068,12531334.0,3267.0,America/Los_Angeles,2008,11,21
2008-11-22,109,Unhealthy for Sensitive Groups,PM2.5,19,Los Angeles,California,34.1141,-118.4068,12531334.0,3267.0,America/Los_Angeles,2008,11,22
2008-11-23,144,Unhealthy for Sensitive Groups,PM2.5,20,Los Angeles,California,34.1141,-118.4068,12531334.0,3267.0,America/Los_Angeles,2008,11,23
2008-11-24,82,Moderate,PM2.5,19,Los Angeles,California,34.1141,-118.4068,12531334.0,3267.0,America/Los_Angeles,2008,11,24
2008-11-25,63,Moderate,PM2.5,19,Los Angeles,California,34.1141,-118.4068,12531334.0,3267.0,America/Los_Angeles,2008,11,25
2008-11-26,48,Good,PM2.5,20,Los Angeles,California,34.1141,-118.4068,12531334.0,3267.0,America/Los_Angeles,2008,11,26
2008-11-27,53,Moderate,PM2.5,19,Los Angeles,California,34.1141,-118.4068,12531334.0,3267.0,America/Los_Angeles,2008,11,27
2008-11-28,67,Moderate,PM2.5,19,Los Angeles,California,34.1141,-118.4068,12531334.0,3267.0,America/Los_Angeles,2008,11,28
2008-11-29,94,Moderate,PM2.5,20,Los Angeles,California,34.1141,-118.4068,12531334.0,3267.0,America/Los_Angeles,2008,11,29
2008-11-30,95,Moderate,PM2.5,19,Los Angeles,California,34.1141,-118.4068,12531334.0,3267.0,America/Los_Angeles,2008,11,30
2008-12-01,105,Unhealthy for Sensitive Groups,NO2,19,Los Angeles,California,34.1141,-118.4068,12531334.0,3267.0,America/Los_Angeles,2008,12,1
2008-12-02,152,Unhealthy,PM2.5,20,Los Angeles,California,34.1141,-118.4068,12531334.0,3267.0,America/Los_Angeles,2008,12,2
2008-12-03,153,Unhealthy,PM2.5,19,Los Angeles,California,34.1141,-118.4068,12531334.0,3267.0,America/Los_Angeles,2008,12,3
2008-12-04,134,Unhealthy for Sensitive Groups,PM2.5,19,Los Angeles,California,34.1141,-118.4068,12531334.0,3267.0,America/Los_Angeles,2008,12,4
2008-12-05,92,Moderate,PM2.5,20,Los Angeles,California,34.1141,-118.4068,12531334.0,3267.0,America/Los_Angeles,2008,12,5
2008-12-06,53,Moderate,NO2,19,Los Angeles,California,34.1141,-118.4068,12531334.0,3267.0,America/Los_Angeles,2008,12,6
2008-12-07,60,Moderate,PM2.5,19,Los Angeles,California,34.1141,-118.4068,12531334.0,3267.0,America/Los_Angeles,2008,12,7
2008-12-08,69,Moderate,PM2.5,20,Los Angeles,California,34.1141,-118.4068,12531334.0,3267.0,America/Los_Angeles,2008,12,8
2008-12-09,55,Moderate,PM2.5,19,Los Angeles,California,34.1141,-118.4068,12531334.0,3267.0,America/Los_Angeles,2008,12,9
2008-12-10,46,Good,NO2,19,Los Angeles,California,34.1141,-118.4068,12531334.0,3267.0,America/Los_Angeles,2008,12,10
2008-12-11,73,Moderate,NO2,20,Los Angeles,California,34.1141,-118.4068,12531334.0,3267.0,America/Los_Angeles,2008,12,11
2008-12-12,76,Moderate,PM2.5,19,Los Angeles,California,34.1141,-118.4068,12531334.0,3267.0,America/Los_Angeles,2008,12,12
2008-12-13,54,Moderate,PM2.5,19,Los Angeles,California,34.1141,-118.4068,12531334.0,3267.0,America/Los_Angeles,2008,12,13
2008-12-14,46,Good,PM2.5,20,Los Angeles,California,34.1141,-118.4068,12531334.0,3267.0,America/Los_Angeles,2008,12,14
2008-12-15,60,Moderate,NO2,19,Los Angeles,California,34.1141,-118.4068,12531334.0,3267.0,America/Los_Angeles,2008,12,15
2008-12-16,56,Moderate,PM2.5,19,Los Angeles,California,34.1141,-118.4068,12531334.0,3267.0,America/Los_Angeles,2008,12,16
2008-12-17,64,Moderate,NO2,19,Los Angeles,California,34.1141,-118.4068,12531334.0,3267.0,America/Los_Angeles,2008,12,17
2008-12-18,86,Moderate,NO2,18,Los Angeles,California,34.1141,-118.4068,12531334.0,3267.0,America/Los_Angeles,2008,12,18
2008-12-19,69,Moderate,PM2.5,18,Los Angeles,California,34.1141,-118.4068,12531334.0,3267.0,America/Los_Angeles,2008,12,19
2008-12-20,88,Moderate,PM2.5,19,Los Angeles,California,34.1141,-118.4068,12531334.0,3267.0,America/Los_Angeles,2008,12,20
2008-12-21,76,Moderate,PM2.5,19,Los Angeles,California,34.1141,-118.4068,12531334.0,3267.0,America/Los_Angeles,2008,12,21
2008-12-22,75,Moderate,PM2.5,19,Los Angeles,California,34.1141,-118.4068,12531334.0,3267.0,America/Los_Angeles,2008,12,22
2008-12-23,56,Moderate,PM2.5,19,Los Angeles,California,34.1141,-118.4068,12531334.0,3267.0,America/Los_Angeles,2008,12,23
2008-12-24,57,Moderate,PM2.5,19,Los Angeles,California,34.1141,-118.4068,12531334.0,3267.0,America/Los_Angeles,2008,12,24
2008-12-25,37,Good,Ozone,19,Los Angeles,California,34.1141,-118.4068,12531334.0,3267.0,America/Los_Angeles,2008,12,25
2008-12-26,54,Moderate,PM2.5,20,Los Angeles,California,34.1141,-118.4068,12531334.0,3267.0,America/Los_Angeles,2008,12,26
2008-12-27,59,Moderate,PM2.5,19,Los Angeles,California,34.1141,-118.4068,12531334.0,3267.0,America/Los_Angeles,2008,12,27
2008-12-28,52,Moderate,PM2.5,19,Los Angeles,California,34.1141,-118.4068,12531334.0,3267.0,America/Los_Angeles,2008,12,28
2008-12-29,70,Moderate,PM2.5,20,Los Angeles,California,34.1141,-118.4068,12531334.0,3267.0,America/Los_Angeles,2008,12,29
2008-12-30,71,Moderate,PM2.5,19,Los Angeles,California,34.1141,-118.4068,12531334.0,3267.0,America/Los_Angeles,2008,12,30
2008-12-31,125,Unhealthy for Sensitive Groups,PM2.5,19,Los Angeles,California,34.1141,-118.4068,12531334.0,3267.0,America/Los_Angeles,2008,12,31
2009-01-01,160,Unhealthy,PM2.5,20,Los Angeles,California,34.1141,-118.4068,12531334.0,3267.0,America/Los_Angeles,2009,1,1
2009-01-02,153,Unhealthy,PM2.5,19,Los Angeles,California,34.1141,-118.4068,12531334.0,3267.0,America/Los_Angeles,2009,1,2
2009-01-03,101,Unhealthy for Sensitive Groups,PM2.5,19,Los Angeles,California,34.1141,-118.4068,12531334.0,3267.0,America/Los_Angeles,2009,1,3
2009-01-04,72,Moderate,PM2.5,20,Los Angeles,California,34.1141,-118.4068,12531334.0,3267.0,America/Los_Angeles,2009,1,4
2009-01-05,59,Moderate,PM2.5,19,Los Angeles,California,34.1141,-118.4068,12531334.0,3267.0,America/Los_Angeles,2009,1,5
2009-01-06,85,Moderate,PM2.5,19,Los Angeles,California,34.1141,-118.4068,12531334.0,3267.0,America/Los_Angeles,2009,1,6
2009-01-07,106,Unhealthy for Sensitive Groups,PM2.5,20,Los Angeles,California,34.1141,-118.4068,12531334.0,3267.0,America/Los_Angeles,2009,1,7
2009-01-08,119,Unhealthy for Sensitive Groups,PM2.5,19,Los Angeles,California,34.1141,-118.4068,12531334.0,3267.0,America/Los_Angeles,2009,1,8
2009-01-09,127,Unhealthy for Sensitive Groups,PM2.5,19,Los Angeles,California,34.1141,-118.4068,12531334.0,3267.0,America/Los_Angeles,2009,1,9
2009-01-10,81,Moderate,PM2.5,20,Los Angeles,California,34.1141,-118.4068,12531334.0,3267.0,America/Los_Angeles,2009,1,10
2009-01-11,64,Moderate,PM2.5,19,Los Angeles,California,34.1141,-118.4068,12531334.0,3267.0,America/Los_Angeles,2009,1,11
2009-01-12,76,Moderate,NO2,19,Los Angeles,California,34.1141,-118.4068,12531334.0,3267.0,America/Los_Angeles,2009,1,12
2009-01-13,78,Moderate,NO2,20,Los Angeles,California,34.1141,-118.4068,12531334.0,3267.0,America/Los_Angeles,2009,1,13
2009-01-14,69,Moderate,NO2,19,Los Angeles,California,34.1141,-118.4068,12531334.0,3267.0,America/Los_Angeles,2009,1,14
2009-01-15,67,Moderate,NO2,19,Los Angeles,California,34.1141,-118.4068,12531334.0,3267.0,America/Los_Angeles,2009,1,15
2009-01-16,73,Moderate,PM2.5,20,Los Angeles,California,34.1141,-118.4068,12531334.0,3267.0,America/Los_Angeles,2009,1,16
2009-01-17,55,Moderate,PM2.5,19,Los Angeles,California,34.1141,-118.4068,12531334.0,3267.0,America/Los_Angeles,2009,1,17
2009-01-18,54,Moderate,NO2,19,Los Angeles,California,34.1141,-118.4068,12531334.0,3267.0,America/Los_Angeles,2009,1,18
2009-01-19,60,Moderate,NO2,20,Los Angeles,California,34.1141,-118.4068,12531334.0,3267.0,America/Los_Angeles,2009,1,19
2009-01-20,61,Moderate,NO2,19,Los Angeles,California,34.1141,-118.4068,12531334.0,3267.0,America/Los_Angeles,2009,1,20
2009-01-21,66,Moderate,PM2.5,19,Los Angeles,California,34.1141,-118.4068,12531334.0,3267.0,America/Los_Angeles,2009,1,21
2009-01-22,76,Moderate,PM2.5,20,Los Angeles,California,34.1141,-118.4068,12531334.0,3267.0,America/Los_Angeles,2009,1,22
2009-01-23,57,Moderate,PM2.5,19,Los Angeles,California,34.1141,-118.4068,12531334.0,3267.0,America/Los_Angeles,2009,1,23
2009-01-24,36,Good,PM2.5,19,Los Angeles,California,34.1141,-118.4068,12531334.0,3267.0,America/Los_Angeles,2009,1,24
2009-01-25,46,Good,PM2.5,20,Los Angeles,California,34.1141,-118.4068,12531334.0,3267.0,America/Los_Angeles,2009,1,25
2009-01-26,36,Good,Ozone,19,Los Angeles,California,34.1141,-118.4068,12531334.0,3267.0,America/Los_Angeles,2009,1,26
2009-01-27,49,Good,PM2.5,19,Los Angeles,California,34.1141,-118.4068,12531334.0,3267.0,America/Los_Angeles,2009,1,27
2009-01-28,57,Moderate,PM2.5,20,Los Angeles,California,34.1141,-118.4068,12531334.0,3267.0,America/Los_Angeles,2009,1,28
2009-01-29,68,Moderate,NO2,19,Los Angeles,California,34.1141,-118.4068,12531334.0,3267.0,America/Los_Angeles,2009,1,29
2009-01-30,62,Moderate,NO2,19,Los Angeles,California,34.1141,-118.4068,12531334.0,3267.0,America/Los_Angeles,2009,1,30
2009-01-31,54,Moderate,PM2.5,20,Los Angeles,California,34.1141,-118.4068,12531334.0,3267.0,America/Los_Angeles,2009,1,31
2009-02-01,80,Moderate,PM2.5,19,Los Angeles,California,34.1141,-118.4068,12531334.0,3267.0,America/Los_Angeles,2009,2,1
2009-02-02,58,Moderate,PM2.5,19,Los Angeles,California,34.1141,-118.4068,12531334.0,3267.0,America/Los_Angeles,2009,2,2
2009-02-03,59,Moderate,PM2.5,20,Los Angeles,California,34.1141,-118.4068,12531334.0,3267.0,America/Los_Angeles,2009,2,3
2009-02-04,67,Moderate,NO2,19,Los Angeles,California,34.1141,-118.4068,12531334.0,3267.0,America/Los_Angeles,2009,2,4
2009-02-05,44,Good,PM2.5,18,Los Angeles,California,34.1141,-118.4068,12531334.0,3267.0,America/Los_Angeles,2009,2,5
2009-02-06,38,Good,Ozone,19,Los Angeles,California,34.1141,-118.4068,12531334.0,3267.0,America/Los_Angeles,2009,2,6
2009-02-07,36,Good,Ozone,18,Los Angeles,California,34.1141,-118.4068,12531334.0,3267.0,America/Los_Angeles,2009,2,7
2009-02-08,39,Good,Ozone,18,Los Angeles,California,34.1141,-118.4068,12531334.0,3267.0,America/Los_Angeles,2009,2,8
2009-02-09,46,Good,NO2,18,Los Angeles,California,34.1141,-118.4068,12531334.0,3267.0,America/Los_Angeles,2009,2,9
2009-02-10,42,Good,PM2.5,18,Los Angeles,California,34.1141,-118.4068,12531334.0,3267.0,America/Los_Angeles,2009,2,10
2009-02-11,61,Moderate,PM2.5,19,Los Angeles,California,34.1141,-118.4068,12531334.0,3267.0,America/Los_Angeles,2009,2,11
2009-02-12,40,Good,Ozone,20,Los Angeles,California,34.1141,-118.4068,12531334.0,3267.0,America/Los_Angeles,2009,2,12
2009-02-13,49,Good,PM2.5,19,Los Angeles,California,34.1141,-118.4068,12531334.0,3267.0,America/Los_Angeles,2009,2,13
2009-02-14,58,Moderate,PM2.5,19,Los Angeles,California,34.1141,-118.4068,12531334.0,3267.0,America/Los_Angeles,2009,2,14
2009-02-15,74,Moderate,PM2.5,19,Los Angeles,California,34.1141,-118.4068,12531334.0,3267.0,America/Los_Angeles,2009,2,15
2009-02-16,40,Good,Ozone,19,Los Angeles,California,34.1141,-118.4068,12531334.0,3267.0,America/Los_Angeles,2009,2,16
2009-02-17,40,Good,Ozone,19,Los Angeles,California,34.1141,-118.4068,12531334.0,3267.0,America/Los_Angeles,2009,2,17
2009-02-18,48,Good,PM2.5,20,Los Angeles,California,34.1141,-118.4068,12531334.0,3267.0,America/Los_Angeles,2009,2,18
2009-02-19,53,Moderate,PM2.5,19,Los Angeles,California,34.1141,-118.4068,12531334.0,3267.0,America/Los_Angeles,2009,2,19
2009-02-20,52,Moderate,NO2,19,Los Angeles,California,34.1141,-118.4068,12531334.0,3267.0,America/Los_Angeles,2009,2,20
2009-02-21,72,Moderate,PM2.5,20,Los Angeles,California,34.1141,-118.4068,12531334.0,3267.0,America/Los_Angeles,2009,2,21
2009-02-22,81,Moderate,PM2.5,19,Los Angeles,California,34.1141,-118.4068,12531334.0,3267.0,America/Los_Angeles,2009,2,22
2009-02-23,75,Moderate,PM2.5,19,Los Angeles,California,34.1141,-118.4068,12531334.0,3267.0,America/Los_Angeles,2009,2,23
2009-02-24,64,Moderate,PM2.5,20,Los Angeles,California,34.1141,-118.4068,12531334.0,3267.0,America/Los_Angeles,2009,2,24
2009-02-25,58,Moderate,PM2.5,19,Los Angeles,California,34.1141,-118.4068,12531334.0,3267.0,America/Los_Angeles,2009,2,25
2009-02-26,63,Moderate,PM2.5,19,Los Angeles,California,34.1141,-118.4068,12531334.0,3267.0,America/Los_Angeles,2009,2,26
2009-02-27,76,Moderate,PM2.5,20,Los Angeles,California,34.1141,-118.4068,12531334.0,3267.0,America/Los_Angeles,2009,2,27
2009-02-28,70,Moderate,PM2.5,19,Los Angeles,California,34.1141,-118.4068,12531334.0,3267.0,America/Los_Angeles,2009,2,28
2009-03-01,87,Moderate,Ozone,19,Los Angeles,California,34.1141,-118.4068,12531334.0,3267.0,America/Los_Angeles,2009,3,1
2009-03-02,65,Moderate,NO2,20,Los Angeles,California,34.1141,-118.4068,12531334.0,3267.0,America/Los_Angeles,2009,3,2
2009-03-03,46,Good,Ozone,19,Los Angeles,California,34.1141,-118.4068,12531334.0,3267.0,America/Los_Angeles,2009,3,3
2009-03-04,51,Moderate,PM2.5,19,Los Angeles,California,34.1141,-118.4068,12531334.0,3267.0,America/Los_Angeles,2009,3,4
2009-03-05,44,Good,Ozone,20,Los Angeles,California,34.1141,-118.4068,12531334.0,3267.0,America/Los_Angeles,2009,3,5
2009-03-06,52,Moderate,PM2.5,19,Los Angeles,California,34.1141,-118.4068,12531334.0,3267.0,America/Los_Angeles,2009,3,6
2009-03-07,58,Moderate,PM2.5,19,Los Angeles,California,34.1141,-118.4068,12531334.0,3267.0,America/Los_Angeles,2009,3,7
2009-03-08,66,Moderate,PM2.5,20,Los Angeles,California,34.1141,-118.4068,12531334.0,3267.0,America/Los_Angeles,2009,3,8
2009-03-09,54,Moderate,PM2.5,19,Los Angeles,California,34.1141,-118.4068,12531334.0,3267.0,America/Los_Angeles,2009,3,9
2009-03-10,52,Moderate,PM2.5,19,Los Angeles,California,34.1141,-118.4068,12531334.0,3267.0,America/Los_Angeles,2009,3,10
2009-03-11,64,Moderate,PM2.5,20,Los Angeles,California,34.1141,-118.4068,12531334.0,3267.0,America/Los_Angeles,2009,3,11
2009-03-12,67,Moderate,Ozone,19,Los Angeles,California,34.1141,-118.4068,12531334.0,3267.0,America/Los_Angeles,2009,3,12
2009-03-13,70,Moderate,PM2.5,19,Los Angeles,California,34.1141,-118.4068,12531334.0,3267.0,America/Los_Angeles,2009,3,13
2009-03-14,93,Moderate,PM2.5,20,Los Angeles,California,34.1141,-118.4068,12531334.0,3267.0,America/Los_Angeles,2009,3,14
2009-03-15,64,Moderate,PM2.5,19,Los Angeles,California,34.1141,-118.4068,12531334.0,3267.0,America/Los_Angeles,2009,3,15
2009-03-16,70,Moderate,PM2.5,19,Los Angeles,California,34.1141,-118.4068,12531334.0,3267.0,America/Los_Angeles,2009,3,16
2009-03-17,79,Moderate,PM2.5,20,Los Angeles,California,34.1141,-118.4068,12531334.0,3267.0,America/Los_Angeles,2009,3,17
2009-03-18,147,Unhealthy for Sensitive Groups,Ozone,19,Los Angeles,California,34.1141,-118.4068,12531334.0,3267.0,America/Los_Angeles,2009,3,18
2009-03-19,153,Unhealthy,PM2.5,19,Los Angeles,California,34.1141,-118.4068,12531334.0,3267.0,America/Los_Angeles,2009,3,19
2009-03-20,148,Unhealthy for Sensitive Groups,PM2.5,20,Los Angeles,California,34.1141,-118.4068,12531334.0,3267.0,America/Los_Angeles,2009,3,20
2009-03-21,83,Moderate,PM2.5,19,Los Angeles,California,34.1141,-118.4068,12531334.0,3267.0,America/Los_Angeles,2009,3,21
2009-03-22,50,Good,Ozone,19,Los Angeles,California,34.1141,-118.4068,12531334.0,3267.0,America/Los_Angeles,2009,3,22
2009-03-23,61,Moderate,Ozone,20,Los Angeles,California,34.1141,-118.4068,12531334.0,3267.0,America/Los_Angeles,2009,3,23
2009-03-24,61,Moderate,NO2,19,Los Angeles,California,34.1141,-118.4068,12531334.0,3267.0,America/Los_Angeles,2009,3,24
2009-03-25,71,Moderate,Ozone,18,Los Angeles,California,34.1141,-118.4068,12531334.0,3267.0,America/Los_Angeles,2009,3,25
2009-03-26,93,Moderate,PM2.5,20,Los Angeles,California,34.1141,-118.4068,12531334.0,3267.0,America/Los_Angeles,2009,3,26
2009-03-27,68,Moderate,PM2.5,19,Los Angeles,California,34.1141,-118.4068,12531334.0,3267.0,America/Los_Angeles,2009,3,27
2009-03-28,93,Moderate,Ozone,19,Los Angeles,California,34.1141,-118.4068,12531334.0,3267.0,America/Los_Angeles,2009,3,28
2009-03-29,76,Moderate,PM2.5,20,Los Angeles,California,34.1141,-118.4068,12531334.0,3267.0,America/Los_Angeles,2009,3,29
2009-03-30,67,Moderate,Ozone,19,Los Angeles,California,34.1141,-118.4068,12531334.0,3267.0,America/Los_Angeles,2009,3,30
2009-03-31,80,Moderate,Ozone,19,Los Angeles,California,34.1141,-118.4068,12531334.0,3267.0,America/Los_Angeles,2009,3,31
2009-04-01,76,Moderate,PM2.5,20,Los Angeles,California,34.1141,-118.4068,12531334.0,3267.0,America/Los_Angeles,2009,4,1
2009-04-02,77,Moderate,Ozone,19,Los Angeles,California,34.1141,-118.4068,12531334.0,3267.0,America/Los_Angeles,2009,4,2
2009-04-03,67,Moderate,Ozone,19,Los Angeles,California,34.1141,-118.4068,12531334.0,3267.0,America/Los_Angeles,2009,4,3
2009-04-04,77,Moderate,Ozone,20,Los Angeles,California,34.1141,-118.4068,12531334.0,3267.0,America/Los_Angeles,2009,4,4
2009-04-05,87,Moderate,Ozone,19,Los Angeles,California,34.1141,-118.4068,12531334.0,3267.0,America/Los_Angeles,2009,4,5
2009-04-06,77,Moderate,Ozone,19,Los Angeles,California,34.1141,-118.4068,12531334.0,3267.0,America/Los_Angeles,2009,4,6
2009-04-07,61,Moderate,Ozone,20,Los Angeles,California,34.1141,-118.4068,12531334.0,3267.0,America/Los_Angeles,2009,4,7
2009-04-08,47,Good,Ozone,19,Los Angeles,California,34.1141,-118.4068,12531334.0,3267.0,America/Los_Angeles,2009,4,8
2009-04-09,54,Moderate,PM2.5,19,Los Angeles,California,34.1141,-118.4068,12531334.0,3267.0,America/Los_Angeles,2009,4,9
2009-04-10,56,Moderate,PM2.5,20,Los Angeles,California,34.1141,-118.4068,12531334.0,3267.0,America/Los_Angeles,2009,4,10
2009-04-11,55,Moderate,PM2.5,19,Los Angeles,California,34.1141,-118.4068,12531334.0,3267.0,America/Los_Angeles,2009,4,11
2009-04-12,67,Moderate,Ozone,19,Los Angeles,California,34.1141,-118.4068,12531334.0,3267.0,America/Los_Angeles,2009,4,12
2009-04-13,74,Moderate,Ozone,20,Los Angeles,California,34.1141,-118.4068,12531334.0,3267.0,America/Los_Angeles,2009,4,13
2009-04-14,68,Moderate,PM2.5,19,Los Angeles,California,34.1141,-118.4068,12531334.0,3267.0,America/Los_Angeles,2009,4,14
2009-04-15,49,Good,Ozone,19,Los Angeles,California,34.1141,-118.4068,12531334.0,3267.0,America/Los_Angeles,2009,4,15
2009-04-16,64,Moderate,Ozone,20,Los Angeles,California,34.1141,-118.4068,12531334.0,3267.0,America/Los_Angeles,2009,4,16
2009-04-17,93,Moderate,Ozone,19,Los Angeles,California,34.1141,-118.4068,12531334.0,3267.0,America/Los_Angeles,2009,4,17
2009-04-18,133,Unhealthy for Sensitive Groups,Ozone,18,Los Angeles,California,34.1141,-118.4068,12531334.0,3267.0,America/Los_Angeles,2009,4,18
2009-04-19,119,Unhealthy for Sensitive Groups,Ozone,20,Los Angeles,California,34.1141,-118.4068,12531334.0,3267.0,America/Los_Angeles,2009,4,19
2009-04-20,112,Unhealthy for Sensitive Groups,Ozone,18,Los Angeles,California,34.1141,-118.4068,12531334.0,3267.0,America/Los_Angeles,2009,4,20
2009-04-21,174,Unhealthy,Ozone,19,Los Angeles,California,34.1141,-118.4068,12531334.0,3267.0,America/Los_Angeles,2009,4,21
2009-04-22,119,Unhealthy for Sensitive Groups,Ozone,20,Los Angeles,California,34.1141,-118.4068,12531334.0,3267.0,America/Los_Angeles,2009,4,22
2009-04-23,87,Moderate,Ozone,19,Los Angeles,California,34.1141,-118.4068,12531334.0,3267.0,America/Los_Angeles,2009,4,23
2009-04-24,69,Moderate,PM2.5,19,Los Angeles,California,34.1141,-118.4068,12531334.0,3267.0,America/Los_Angeles,2009,4,24
2009-04-25,71,Moderate,Ozone,20,Los Angeles,California,34.1141,-118.4068,12531334.0,3267.0,America/Los_Angeles,2009,4,25
2009-04-26,90,Moderate,Ozone,19,Los Angeles,California,34.1141,-118.4068,12531334.0,3267.0,America/Los_Angeles,2009,4,26
2009-04-27,77,Moderate,Ozone,19,Los Angeles,California,34.1141,-118.4068,12531334.0,3267.0,America/Los_Angeles,2009,4,27
2009-04-28,71,Moderate,Ozone,20,Los Angeles,California,34.1141,-118.4068,12531334.0,3267.0,America/Los_Angeles,2009,4,28
2009-04-29,93,Moderate,Ozone,19,Los Angeles,California,34.1141,-118.4068,12531334.0,3267.0,America/Los_Angeles,2009,4,29
2009-04-30,105,Unhealthy for Sensitive Groups,Ozone,19,Los Angeles,California,34.1141,-118.4068,12531334.0,3267.0,America/Los_Angeles,2009,4,30
2009-05-01,73,Moderate,PM2.5,20,Los Angeles,California,34.1141,-118.4068,12531334.0,3267.0,America/Los_Angeles,2009,5,1
2009-05-02,51,Moderate,PM2.5,19,Los Angeles,California,34.1141,-118.4068,12531334.0,3267.0,America/Los_Angeles,2009,5,2
2009-05-03,64,Moderate,PM2.5,19,Los Angeles,California,34.1141,-118.4068,12531334.0,3267.0,America/Los_Angeles,2009,5,3
2009-05-04,93,Moderate,Ozone,20,Los Angeles,California,34.1141,-118.4068,12531334.0,3267.0,America/Los_Angeles,2009,5,4
2009-05-05,60,Moderate,PM2.5,19,Los Angeles,California,34.1141,-118.4068,12531334.0,3267.0,America/Los_Angeles,2009,5,5
2009-05-06,92,Moderate,PM2.5,19,Los Angeles,California,34.1141,-118.4068,12531334.0,3267.0,America/Los_Angeles,2009,5,6
2009-05-07,129,Unhealthy for Sensitive Groups,Ozone,20,Los Angeles,California,34.1141,-118.4068,12531334.0,3267.0,America/Los_Angeles,2009,5,7
2009-05-08,126,Unhealthy for Sensitive Groups,Ozone,19,Los Angeles,California,34.1141,-118.4068,12531334.0,3267.0,America/Los_Angeles,2009,5,8
2009-05-09,151,Unhealthy,Ozone,19,Los Angeles,California,34.1141,-118.4068,12531334.0,3267.0,America/Los_Angeles,2009,5,9
2009-05-10,169,Unhealthy,Ozone,20,Los Angeles,California,34.1141,-118.4068,12531334.0,3267.0,America/Los_Angeles,2009,5,10
2009-05-11,129,Unhealthy for Sensitive Groups,Ozone,19,Los Angeles,California,34.1141,-118.4068,12531334.0,3267.0,America/Los_Angeles,2009,5,11
2009-05-12,122,Unhealthy for Sensitive Groups,Ozone,19,Los Angeles,California,34.1141,-118.4068,12531334.0,3267.0,America/Los_Angeles,2009,5,12
2009-05-13,115,Unhealthy for Sensitive Groups,Ozone,20,Los Angeles,California,34.1141,-118.4068,12531334.0,3267.0,America/Los_Angeles,2009,5,13
2009-05-14,108,Unhealthy for Sensitive Groups,Ozone,19,Los Angeles,California,34.1141,-118.4068,12531334.0,3267.0,America/Los_Angeles,2009,5,14
2009-05-15,115,Unhealthy for Sensitive Groups,Ozone,19,Los Angeles,California,34.1141,-118.4068,12531334.0,3267.0,America/Los_Angeles,2009,5,15
2009-05-16,172,Unhealthy,Ozone,20,Los Angeles,California,34.1141,-118.4068,12531334.0,3267.0,America/Los_Angeles,2009,5,16
2009-05-17,195,Unhealthy,Ozone,19,Los Angeles,California,34.1141,-118.4068,12531334.0,3267.0,America/Los_Angeles,2009,5,17
2009-05-18,143,Unhealthy for Sensitive Groups,Ozone,19,Los Angeles,California,34.1141,-118.4068,12531334.0,3267.0,America/Los_Angeles,2009,5,18
2009-05-19,80,Moderate,Ozone,20,Los Angeles,California,34.1141,-118.4068,12531334.0,3267.0,America/Los_Angeles,2009,5,19
2009-05-20,74,Moderate,Ozone,19,Los Angeles,California,34.1141,-118.4068,12531334.0,3267.0,America/Los_Angeles,2009,5,20
2009-05-21,77,Moderate,PM2.5,19,Los Angeles,California,34.1141,-118.4068,12531334.0,3267.0,America/Los_Angeles,2009,5,21
2009-05-22,100,Moderate,Ozone,20,Los Angeles,California,34.1141,-118.4068,12531334.0,3267.0,America/Los_Angeles,2009,5,22
2009-05-23,147,Unhealthy for Sensitive Groups,Ozone,19,Los Angeles,California,34.1141,-118.4068,12531334.0,3267.0,America/Los_Angeles,2009,5,23
2009-05-24,119,Unhealthy for Sensitive Groups,Ozone,19,Los Angeles,California,34.1141,-118.4068,12531334.0,3267.0,America/Los_Angeles,2009,5,24
2009-05-25,112,Unhealthy for Sensitive Groups,Ozone,20,Los Angeles,California,34.1141,-118.4068,12531334.0,3267.0,America/Los_Angeles,2009,5,25
2009-05-26,119,Unhealthy for Sensitive Groups,Ozone,19,Los Angeles,California,34.1141,-118.4068,12531334.0,3267.0,America/Los_Angeles,2009,5,26
2009-05-27,133,Unhealthy for Sensitive Groups,Ozone,19,Los Angeles,California,34.1141,-118.4068,12531334.0,3267.0,America/Los_Angeles,2009,5,27
2009-05-28,129,Unhealthy for Sensitive Groups,Ozone,20,Los Angeles,California,34.1141,-118.4068,12531334.0,3267.0,America/Los_Angeles,2009,5,28
2009-05-29,95,Moderate,PM2.5,19,Los Angeles,California,34.1141,-118.4068,12531334.0,3267.0,America/Los_Angeles,2009,5,29
2009-05-30,97,Moderate,Ozone,19,Los Angeles,California,34.1141,-118.4068,12531334.0,3267.0,America/Los_Angeles,2009,5,30
2009-05-31,119,Unhealthy for Sensitive Groups,Ozone,20,Los Angeles,California,34.1141,-118.4068,12531334.0,3267.0,America/Los_Angeles,2009,5,31
2009-06-01,94,Moderate,PM2.5,19,Los Angeles,California,34.1141,-118.4068,12531334.0,3267.0,America/Los_Angeles,2009,6,1
2009-06-02,81,Moderate,PM2.5,18,Los Angeles,California,34.1141,-118.4068,12531334.0,3267.0,America/Los_Angeles,2009,6,2
2009-06-03,85,Moderate,PM2.5,19,Los Angeles,California,34.1141,-118.4068,12531334.0,3267.0,America/Los_Angeles,2009,6,3
2009-06-04,59,Moderate,PM2.5,19,Los Angeles,California,34.1141,-118.4068,12531334.0,3267.0,America/Los_Angeles,2009,6,4
2009-06-05,33,Good,Ozone,19,Los Angeles,California,34.1141,-118.4068,12531334.0,3267.0,America/Los_Angeles,2009,6,5
2009-06-06,36,Good,Ozone,19,Los Angeles,California,34.1141,-118.4068,12531334.0,3267.0,America/Los_Angeles,2009,6,6
2009-06-07,50,Good,Ozone,19,Los Angeles,California,34.1141,-118.4068,12531334.0,3267.0,America/Los_Angeles,2009,6,7
2009-06-08,55,Moderate,PM2.5,19,Los Angeles,California,34.1141,-118.4068,12531334.0,3267.0,America/Los_Angeles,2009,6,8
2009-06-09,64,Moderate,PM2.5,20,Los Angeles,California,34.1141,-118.4068,12531334.0,3267.0,America/Los_Angeles,2009,6,9
2009-06-10,59,Moderate,PM2.5,18,Los Angeles,California,34.1141,-118.4068,12531334.0,3267.0,America/Los_Angeles,2009,6,10
2009-06-11,57,Moderate,PM2.5,19,Los Angeles,California,34.1141,-118.4068,12531334.0,3267.0,America/Los_Angeles,2009,6,11
2009-06-12,63,Moderate,PM2.5,20,Los Angeles,California,34.1141,-118.4068,12531334.0,3267.0,America/Los_Angeles,2009,6,12
2009-06-13,58,Moderate,PM2.5,19,Los Angeles,California,34.1141,-118.4068,12531334.0,3267.0,America/Los_Angeles,2009,6,13
2009-06-14,52,Moderate,PM2.5,19,Los Angeles,California,34.1141,-118.4068,12531334.0,3267.0,America/Los_Angeles,2009,6,14
2009-06-15,52,Moderate,PM2.5,20,Los Angeles,California,34.1141,-118.4068,12531334.0,3267.0,America/Los_Angeles,2009,6,15
2009-06-16,90,Moderate,Ozone,18,Los Angeles,California,34.1141,-118.4068,12531334.0,3267.0,America/Los_Angeles,2009,6,16
2009-06-17,93,Moderate,Ozone,19,Los Angeles,California,34.1141,-118.4068,12531334.0,3267.0,America/Los_Angeles,2009,6,17
2009-06-18,129,Unhealthy for Sensitive Groups,Ozone,20,Los Angeles,California,34.1141,-118.4068,12531334.0,3267.0,America/Los_Angeles,2009,6,18
2009-06-19,156,Unhealthy,Ozone,19,Los Angeles,California,34.1141,-118.4068,12531334.0,3267.0,America/Los_Angeles,2009,6,19
2009-06-20,77,Moderate,Ozone,19,Los Angeles,California,34.1141,-118.4068,12531334.0,3267.0,America/Los_Angeles,2009,6,20
2009-06-21,80,Moderate,Ozone,20,Los Angeles,California,34.1141,-118.4068,12531334.0,3267.0,America/Los_Angeles,2009,6,21
2009-06-22,140,Unhealthy for Sensitive Groups,Ozone,19,Los Angeles,California,34.1141,-118.4068,12531334.0,3267.0,America/Los_Angeles,2009,6,22
2009-06-23,182,Unhealthy,Ozone,19,Los Angeles,California,34.1141,-118.4068,12531334.0,3267.0,America/Los_Angeles,2009,6,23
2009-06-24,164,Unhealthy,Ozone,20,Los Angeles,California,34.1141,-118.4068,12531334.0,3267.0,America/Los_Angeles,2009,6,24
2009-06-25,122,Unhealthy for Sensitive Groups,Ozone,19,Los Angeles,California,34.1141,-118.4068,12531334.0,3267.0,America/Los_Angeles,2009,6,25
2009-06-26,136,Unhealthy for Sensitive Groups,Ozone,19,Los Angeles,California,34.1141,-118.4068,12531334.0,3267.0,America/Los_Angeles,2009,6,26
2009-06-27,197,Unhealthy,Ozone,20,Los Angeles,California,34.1141,-118.4068,12531334.0,3267.0,America/Los_Angeles,2009,6,27
2009-06-28,187,Unhealthy,Ozone,19,Los Angeles,California,34.1141,-118.4068,12531334.0,3267.0,America/Los_Angeles,2009,6,28
2009-06-29,136,Unhealthy for Sensitive Groups,Ozone,19,Los Angeles,California,34.1141,-118.4068,12531334.0,3267.0,America/Los_Angeles,2009,6,29
2009-06-30,150,Unhealthy for Sensitive Groups,Ozone,20,Los Angeles,California,34.1141,-118.4068,12531334.0,3267.0,America/Los_Angeles,2009,6,30
2009-07-01,93,Moderate,Ozone,19,Los Angeles,California,34.1141,-118.4068,12531334.0,3267.0,America/Los_Angeles,2009,7,1
2009-07-02,71,Moderate,Ozone,19,Los Angeles,California,34.1141,-118.4068,12531334.0,3267.0,America/Los_Angeles,2009,7,2
2009-07-03,80,Moderate,Ozone,20,Los Angeles,California,34.1141,-118.4068,12531334.0,3267.0,America/Los_Angeles,2009,7,3
2009-07-04,91,Moderate,PM2.5,19,Los Angeles,California,34.1141,-118.4068,12531334.0,3267.0,America/Los_Angeles,2009,7,4
2009-07-05,162,Unhealthy,PM2.5,19,Los Angeles,California,34.1141,-118.4068,12531334.0,3267.0,America/Los_Angeles,2009,7,5
2009-07-06,129,Unhealthy for Sensitive Groups,Ozone,20,Los Angeles,California,34.1141,-118.4068,12531334.0,3267.0,America/Los_Angeles,2009,7,6
2009-07-07,143,Unhealthy for Sensitive Groups,Ozone,19,Los Angeles,California,34.1141,-118.4068,12531334.0,3267.0,America/Los_Angeles,2009,7,7
2009-07-08,122,Unhealthy for Sensitive Groups,Ozone,19,Los Angeles,California,34.1141,-118.4068,12531334.0,3267.0,America/Los_Angeles,2009,7,8
2009-07-09,100,Moderate,Ozone,20,Los Angeles,California,34.1141,-118.4068,12531334.0,3267.0,America/Los_Angeles,2009,7,9
2009-07-10,119,Unhealthy for Sensitive Groups,Ozone,19,Los Angeles,California,34.1141,-118.4068,12531334.0,3267.0,America/Los_Angeles,2009,7,10
2009-07-11,156,Unhealthy,Ozone,19,Los Angeles,California,34.1141,-118.4068,12531334.0,3267.0,America/Los_Angeles,2009,7,11
2009-07-12,164,Unhealthy,Ozone,20,Los Angeles,California,34.1141,-118.4068,12531334.0,3267.0,America/Los_Angeles,2009,7,12
2009-07-13,100,Moderate,Ozone,19,Los Angeles,California,34.1141,-118.4068,12531334.0,3267.0,America/Los_Angeles,2009,7,13
2009-07-14,71,Moderate,Ozone,19,Los Angeles,California,34.1141,-118.4068,12531334.0,3267.0,America/Los_Angeles,2009,7,14
2009-07-15,97,Moderate,Ozone,20,Los Angeles,California,34.1141,-118.4068,12531334.0,3267.0,America/Los_Angeles,2009,7,15
2009-07-16,80,Moderate,Ozone,19,Los Angeles,California,34.1141,-118.4068,12531334.0,3267.0,America/Los_Angeles,2009,7,16
2009-07-17,164,Unhealthy,Ozone,19,Los Angeles,California,34.1141,-118.4068,12531334.0,3267.0,America/Los_Angeles,2009,7,17
2009-07-18,218,Very Unhealthy,Ozone,20,Los Angeles,California,34.1141,-118.4068,12531334.0,3267.0,America/Los_Angeles,2009,7,18
2009-07-19,204,Very Unhealthy,Ozone,19,Los Angeles,California,34.1141,-118.4068,12531334.0,3267.0,America/Los_Angeles,2009,7,19
2009-07-20,143,Unhealthy for Sensitive Groups,Ozone,19,Los Angeles,California,34.1141,-118.4068,12531334.0,3267.0,America/Los_Angeles,2009,7,20
2009-07-21,154,Unhealthy,Ozone,20,Los Angeles,California,34.1141,-118.4068,12531334.0,3267.0,America/Los_Angeles,2009,7,21
2009-07-22,156,Unhealthy,Ozone,18,Los Angeles,California,34.1141,-118.4068,12531334.0,3267.0,America/Los_Angeles,2009,7,22
2009-07-23,119,Unhealthy for Sensitive Groups,Ozone,19,Los Angeles,California,34.1141,-118.4068,12531334.0,3267.0,America/Los_Angeles,2009,7,23
2009-07-24,159,Unhealthy,Ozone,20,Los Angeles,California,34.1141,-118.4068,12531334.0,3267.0,America/Los_Angeles,2009,7,24
2009-07-25,166,Unhealthy,Ozone,19,Los Angeles,California,34.1141,-118.4068,12531334.0,3267.0,America/Los_Angeles,2009,7,25
2009-07-26,143,Unhealthy for Sensitive Groups,Ozone,19,Los Angeles,California,34.1141,-118.4068,12531334.0,3267.0,America/Los_Angeles,2009,7,26
2009-07-27,154,Unhealthy,Ozone,20,Los Angeles,California,34.1141,-118.4068,12531334.0,3267.0,America/Los_Angeles,2009,7,27
2009-07-28,156,Unhealthy,Ozone,19,Los Angeles,California,34.1141,-118.4068,12531334.0,3267.0,America/Los_Angeles,2009,7,28
2009-07-29,140,Unhealthy for Sensitive Groups,Ozone,18,Los Angeles,California,34.1141,-118.4068,12531334.0,3267.0,America/Los_Angeles,2009,7,29
2009-07-30,143,Unhealthy for Sensitive Groups,Ozone,20,Los Angeles,California,34.1141,-118.4068,12531334.0,3267.0,America/Los_Angeles,2009,7,30
2009-07-31,140,Unhealthy for Sensitive Groups,Ozone,19,Los Angeles,California,34.1141,-118.4068,12531334.0,3267.0,America/Los_Angeles,2009,7,31
2009-08-01,164,Unhealthy,Ozone,19,Los Angeles,California,34.1141,-118.4068,12531334.0,3267.0,America/Los_Angeles,2009,8,1
2009-08-02,151,Unhealthy,Ozone,20,Los Angeles,California,34.1141,-118.4068,12531334.0,3267.0,America/Los_Angeles,2009,8,2
2009-08-03,54,Moderate,Ozone,19,Los Angeles,California,34.1141,-118.4068,12531334.0,3267.0,America/Los_Angeles,2009,8,3
2009-08-04,73,Moderate,NO2,19,Los Angeles,California,34.1141,-118.4068,12531334.0,3267.0,America/Los_Angeles,2009,8,4
2009-08-05,59,Moderate,PM2.5,20,Los Angeles,California,34.1141,-118.4068,12531334.0,3267.0,America/Los_Angeles,2009,8,5
2009-08-06,44,Good,Ozone,19,Los Angeles,California,34.1141,-118.4068,12531334.0,3267.0,America/Los_Angeles,2009,8,6
2009-08-07,49,Good,PM2.5,19,Los Angeles,California,34.1141,-118.4068,12531334.0,3267.0,America/Los_Angeles,2009,8,7
2009-08-08,122,Unhealthy for Sensitive Groups,Ozone,20,Los Angeles,California,34.1141,-118.4068,12531334.0,3267.0,America/Los_Angeles,2009,8,8
2009-08-09,159,Unhealthy,Ozone,19,Los Angeles,California,34.1141,-118.4068,12531334.0,3267.0,America/Los_Angeles,2009,8,9
2009-08-10,147,Unhealthy for Sensitive Groups,Ozone,19,Los Angeles,California,34.1141,-118.4068,12531334.0,3267.0,America/Los_Angeles,2009,8,10
2009-08-11,177,Unhealthy,Ozone,20,Los Angeles,California,34.1141,-118.4068,12531334.0,3267.0,America/Los_Angeles,2009,8,11
2009-08-12,172,Unhealthy,Ozone,19,Los Angeles,California,34.1141,-118.4068,12531334.0,3267.0,America/Los_Angeles,2009,8,12
2009-08-13,106,Unhealthy for Sensitive Groups,PM2.5,19,Los Angeles,California,34.1141,-118.4068,12531334.0,3267.0,America/Los_Angeles,2009,8,13
2009-08-14,151,Unhealthy,Ozone,20,Los Angeles,California,34.1141,-118.4068,12531334.0,3267.0,America/Los_Angeles,2009,8,14
2009-08-15,147,Unhealthy for Sensitive Groups,Ozone,19,Los Angeles,California,34.1141,-118.4068,12531334.0,3267.0,America/Los_Angeles,2009,8,15
2009-08-16,172,Unhealthy,Ozone,19,Los Angeles,California,34.1141,-118.4068,12531334.0,3267.0,America/Los_Angeles,2009,8,16
2009-08-17,192,Unhealthy,Ozone,20,Los Angeles,California,34.1141,-118.4068,12531334.0,3267.0,America/Los_Angeles,2009,8,17
2009-08-18,150,Unhealthy for Sensitive Groups,Ozone,19,Los Angeles,California,34.1141,-118.4068,12531334.0,3267.0,America/Los_Angeles,2009,8,18
2009-08-19,150,Unhealthy for Sensitive Groups,Ozone,19,Los Angeles,California,34.1141,-118.4068,12531334.0,3267.0,America/Los_Angeles,2009,8,19
2009-08-20,126,Unhealthy for Sensitive Groups,Ozone,20,Los Angeles,California,34.1141,-118.4068,12531334.0,3267.0,America/Los_Angeles,2009,8,20
2009-08-21,80,Moderate,Ozone,19,Los Angeles,California,34.1141,-118.4068,12531334.0,3267.0,America/Los_Angeles,2009,8,21
2009-08-22,133,Unhealthy for Sensitive Groups,Ozone,19,Los Angeles,California,34.1141,-118.4068,12531334.0,3267.0,America/Los_Angeles,2009,8,22
2009-08-23,112,Unhealthy for Sensitive Groups,Ozone,20,Los Angeles,California,34.1141,-118.4068,12531334.0,3267.0,America/Los_Angeles,2009,8,23
2009-08-24,84,Moderate,Ozone,19,Los Angeles,California,34.1141,-118.4068,12531334.0,3267.0,America/Los_Angeles,2009,8,24
2009-08-25,90,Moderate,Ozone,19,Los Angeles,California,34.1141,-118.4068,12531334.0,3267.0,America/Los_Angeles,2009,8,25
2009-08-26,174,Unhealthy,Ozone,19,Los Angeles,California,34.1141,-118.4068,12531334.0,3267.0,America/Los_Angeles,2009,8,26
2009-08-27,159,Unhealthy,Ozone,19,Los Angeles,California,34.1141,-118.4068,12531334.0,3267.0,America/Los_Angeles,2009,8,27
2009-08-28,177,Unhealthy,Ozone,19,Los Angeles,California,34.1141,-118.4068,12531334.0,3267.0,America/Los_Angeles,2009,8,28
2009-08-29,197,Unhealthy,Ozone,19,Los Angeles,California,34.1141,-118.4068,12531334.0,3267.0,America/Los_Angeles,2009,8,29
2009-08-30,214,Very Unhealthy,Ozone,19,Los Angeles,California,34.1141,-118.4068,12531334.0,3267.0,America/Los_Angeles,2009,8,30
2009-08-31,203,Very Unhealthy,Ozone,19,Los Angeles,California,34.1141,-118.4068,12531334.0,3267.0,America/Los_Angeles,2009,8,31
2009-09-01,86,Moderate,PM2.5,19,Los Angeles,California,34.1141,-118.4068,12531334.0,3267.0,America/Los_Angeles,2009,9,1
2009-09-02,169,Unhealthy,Ozone,19,Los Angeles,California,34.1141,-118.4068,12531334.0,3267.0,America/Los_Angeles,2009,9,2
2009-09-03,192,Unhealthy,Ozone,19,Los Angeles,California,34.1141,-118.4068,12531334.0,3267.0,America/Los_Angeles,2009,9,3
2009-09-04,154,Unhealthy,Ozone,19,Los Angeles,California,34.1141,-118.4068,12531334.0,3267.0,America/Los_Angeles,2009,9,4
2009-09-05,140,Unhealthy for Sensitive Groups,Ozone,19,Los Angeles,California,34.1141,-118.4068,12531334.0,3267.0,America/Los_Angeles,2009,9,5
2009-09-06,150,Unhealthy for Sensitive Groups,Ozone,19,Los Angeles,California,34.1141,-118.4068,12531334.0,3267.0,America/Los_Angeles,2009,9,6
2009-09-07,129,Unhealthy for Sensitive Groups,Ozone,19,Los Angeles,California,34.1141,-118.4068,12531334.0,3267.0,America/Los_Angeles,2009,9,7
2009-09-08,105,Unhealthy for Sensitive Groups,Ozone,19,Los Angeles,California,34.1141,-118.4068,12531334.0,3267.0,America/Los_Angeles,2009,9,8
2009-09-09,108,Unhealthy for Sensitive Groups,Ozone,19,Los Angeles,California,34.1141,-118.4068,12531334.0,3267.0,America/Los_Angeles,2009,9,9
2009-09-10,100,Moderate,Ozone,19,Los Angeles,California,34.1141,-118.4068,12531334.0,3267.0,America/Los_Angeles,2009,9,10
2009-09-11,74,Moderate,Ozone,19,Los Angeles,California,34.1141,-118.4068,12531334.0,3267.0,America/Los_Angeles,2009,9,11
2009-09-12,105,Unhealthy for Sensitive Groups,Ozone,19,Los Angeles,California,34.1141,-118.4068,12531334.0,3267.0,America/Los_Angeles,2009,9,12
2009-09-13,68,Moderate,PM2.5,19,Los Angeles,California,34.1141,-118.4068,12531334.0,3267.0,America/Los_Angeles,2009,9,13
2009-09-14,52,Moderate,PM2.5,19,Los Angeles,California,34.1141,-118.4068,12531334.0,3267.0,America/Los_Angeles,2009,9,14
2009-09-15,52,Moderate,PM2.5,19,Los Angeles,California,34.1141,-118.4068,12531334.0,3267.0,America/Los_Angeles,2009,9,15
2009-09-16,129,Unhealthy for Sensitive Groups,Ozone,20,Los Angeles,California,34.1141,-118.4068,12531334.0,3267.0,America/Los_Angeles,2009,9,16
2009-09-17,154,Unhealthy,Ozone,19,Los Angeles,California,34.1141,-118.4068,12531334.0,3267.0,America/Los_Angeles,2009,9,17
2009-09-18,164,Unhealthy,Ozone,19,Los Angeles,California,34.1141,-118.4068,12531334.0,3267.0,America/Los_Angeles,2009,9,18
2009-09-19,156,Unhealthy,Ozone,20,Los Angeles,California,34.1141,-118.4068,12531334.0,3267.0,America/Los_Angeles,2009,9,19
2009-09-20,151,Unhealthy,Ozone,19,Los Angeles,California,34.1141,-118.4068,12531334.0,3267.0,America/Los_Angeles,2009,9,20
2009-09-21,93,Moderate,Ozone,19,Los Angeles,California,34.1141,-118.4068,12531334.0,3267.0,America/Los_Angeles,2009,9,21
2009-09-22,79,Moderate,NO2,20,Los Angeles,California,34.1141,-118.4068,12531334.0,3267.0,America/Los_Angeles,2009,9,22
2009-09-23,96,Moderate,NO2,19,Los Angeles,California,34.1141,-118.4068,12531334.0,3267.0,America/Los_Angeles,2009,9,23
2009-09-24,84,Moderate,NO2,19,Los Angeles,California,34.1141,-118.4068,12531334.0,3267.0,America/Los_Angeles,2009,9,24
2009-09-25,166,Unhealthy,Ozone,20,Los Angeles,California,34.1141,-118.4068,12531334.0,3267.0,America/Los_Angeles,2009,9,25
2009-09-26,164,Unhealthy,Ozone,19,Los Angeles,California,34.1141,-118.4068,12531334.0,3267.0,America/Los_Angeles,2009,9,26
2009-09-27,200,Unhealthy,Ozone,19,Los Angeles,California,34.1141,-118.4068,12531334.0,3267.0,America/Los_Angeles,2009,9,27
2009-09-28,126,Unhealthy for Sensitive Groups,PM2.5,20,Los Angeles,California,34.1141,-118.4068,12531334.0,3267.0,America/Los_Angeles,2009,9,28
2009-09-29,88,Moderate,PM2.5,19,Los Angeles,California,34.1141,-118.4068,12531334.0,3267.0,America/Los_Angeles,2009,9,29
2009-09-30,61,Moderate,Ozone,19,Los Angeles,California,34.1141,-118.4068,12531334.0,3267.0,America/Los_Angeles,2009,9,30
2009-10-01,68,Moderate,NO2,20,Los Angeles,California,34.1141,-118.4068,12531334.0,3267.0,America/Los_Angeles,2009,10,1
2009-10-02,87,Moderate,Ozone,19,Los Angeles,California,34.1141,-118.4068,12531334.0,3267.0,America/Los_Angeles,2009,10,2
2009-10-03,119,Unhealthy for Sensitive Groups,Ozone,19,Los Angeles,California,34.1141,-118.4068,12531334.0,3267.0,America/Los_Angeles,2009,10,3
2009-10-04,51,Moderate,PM2.5,20,Los Angeles,California,34.1141,-118.4068,12531334.0,3267.0,America/Los_Angeles,2009,10,4
2009-10-05,53,Moderate,PM2.5,19,Los Angeles,California,34.1141,-118.4068,12531334.0,3267.0,America/Los_Angeles,2009,10,5
2009-10-06,59,Moderate,PM2.5,19,Los Angeles,California,34.1141,-118.4068,12531334.0,3267.0,America/Los_Angeles,2009,10,6
2009-10-07,61,Moderate,NO2,19,Los Angeles,California,34.1141,-118.4068,12531334.0,3267.0,America/Los_Angeles,2009,10,7
2009-10-08,72,Moderate,PM2.5,19,Los Angeles,California,34.1141,-118.4068,12531334.0,3267.0,America/Los_Angeles,2009,10,8
2009-10-09,84,Moderate,PM2.5,19,Los Angeles,California,34.1141,-118.4068,12531334.0,3267.0,America/Los_Angeles,2009,10,9
2009-10-10,97,Moderate,Ozone,19,Los Angeles,California,34.1141,-118.4068,12531334.0,3267.0,America/Los_Angeles,2009,10,10
2009-10-11,67,Moderate,Ozone,19,Los Angeles,California,34.1141,-118.4068,12531334.0,3267.0,America/Los_Angeles,2009,10,11
2009-10-12,55,Moderate,PM2.5,19,Los Angeles,California,34.1141,-118.4068,12531334.0,3267.0,America/Los_Angeles,2009,10,12
2009-10-13,37,Good,PM2.5,20,Los Angeles,California,34.1141,-118.4068,12531334.0,3267.0,America/Los_Angeles,2009,10,13
2009-10-14,40,Good,PM2.5,19,Los Angeles,California,34.1141,-118.4068,12531334.0,3267.0,America/Los_Angeles,2009,10,14
2009-10-15,83,Moderate,PM2.5,18,Los Angeles,California,34.1141,-118.4068,12531334.0,3267.0,America/Los_Angeles,2009,10,15
2009-10-16,90,Moderate,PM2.5,19,Los Angeles,California,34.1141,-118.4068,12531334.0,3267.0,America/Los_Angeles,2009,10,16
2009-10-17,105,Unhealthy for Sensitive Groups,Ozone,18,Los Angeles,California,34.1141,-118.4068,12531334.0,3267.0,America/Los_Angeles,2009,10,17
2009-10-18,119,Unhealthy for Sensitive Groups,Ozone,18,Los Angeles,California,34.1141,-118.4068,12531334.0,3267.0,America/Los_Angeles,2009,10,18
2009-10-19,73,Moderate,PM2.5,19,Los Angeles,California,34.1141,-118.4068,12531334.0,3267.0,America/Los_Angeles,2009,10,19
2009-10-20,48,Good,PM2.5,18,Los Angeles,California,34.1141,-118.4068,12531334.0,3267.0,America/Los_Angeles,2009,10,20
2009-10-21,57,Moderate,NO2,18,Los Angeles,California,34.1141,-118.4068,12531334.0,3267.0,America/Los_Angeles,2009,10,21
2009-10-22,68,Moderate,NO2,19,Los Angeles,California,34.1141,-118.4068,12531334.0,3267.0,America/Los_Angeles,2009,10,22
2009-10-23,89,Moderate,NO2,19,Los Angeles,California,34.1141,-118.4068,12531334.0,3267.0,America/Los_Angeles,2009,10,23
2009-10-24,97,Moderate,Ozone,19,Los Angeles,California,34.1141,-118.4068,12531334.0,3267.0,America/Los_Angeles,2009,10,24
2009-10-25,136,Unhealthy for Sensitive Groups,Ozone,20,Los Angeles,California,34.1141,-118.4068,12531334.0,3267.0,America/Los_Angeles,2009,10,25
2009-10-26,57,Moderate,NO2,19,Los Angeles,California,34.1141,-118.4068,12531334.0,3267.0,America/Los_Angeles,2009,10,26
2009-10-27,123,Unhealthy for Sensitive Groups,PM10,19,Los Angeles,California,34.1141,-118.4068,12531334.0,3267.0,America/Los_Angeles,2009,10,27
2009-10-28,67,Moderate,PM10,20,Los Angeles,California,34.1141,-118.4068,12531334.0,3267.0,America/Los_Angeles,2009,10,28
2009-10-29,56,Moderate,PM10,19,Los Angeles,California,34.1141,-118.4068,12531334.0,3267.0,America/Los_Angeles,2009,10,29
2009-10-30,64,Moderate,PM2.5,19,Los Angeles,California,34.1141,-118.4068,12531334.0,3267.0,America/Los_Angeles,2009,10,30
2009-10-31,69,Moderate,PM2.5,20,Los Angeles,California,34.1141,-118.4068,12531334.0,3267.0,America/Los_Angeles,2009,10,31
2009-11-01,64,Moderate,PM2.5,19,Los Angeles,California,34.1141,-118.4068,12531334.0,3267.0,America/Los_Angeles,2009,11,1
2009-11-02,103,Unhealthy for Sensitive Groups,NO2,19,Los Angeles,California,34.1141,-118.4068,12531334.0,3267.0,America/Los_Angeles,2009,11,2
2009-11-03,104,Unhealthy for Sensitive Groups,NO2,20,Los Angeles,California,34.1141,-118.4068,12531334.0,3267.0,America/Los_Angeles,2009,11,3
2009-11-04,89,Moderate,PM2.5,19,Los Angeles,California,34.1141,-118.4068,12531334.0,3267.0,America/Los_Angeles,2009,11,4
2009-11-05,101,Unhealthy for Sensitive Groups,PM2.5,19,Los Angeles,California,34.1141,-118.4068,12531334.0,3267.0,America/Los_Angeles,2009,11,5
2009-11-06,83,Moderate,PM2.5,19,Los Angeles,California,34.1141,-118.4068,12531334.0,3267.0,America/Los_Angeles,2009,11,6
2009-11-07,99,Moderate,PM2.5,19,Los Angeles,California,34.1141,-118.4068,12531334.0,3267.0,America/Los_Angeles,2009,11,7
2009-11-08,145,Unhealthy for Sensitive Groups,PM2.5,19,Los Angeles,California,34.1141,-118.4068,12531334.0,3267.0,America/Los_Angeles,2009,11,8
2009-11-09,106,Unhealthy for Sensitive Groups,PM2.5,20,Los Angeles,California,34.1141,-118.4068,12531334.0,3267.0,America/Los_Angeles,2009,11,9
2009-11-10,72,Moderate,NO2,19,Los Angeles,California,34.1141,-118.4068,12531334.0,3267.0,America/Los_Angeles,2009,11,10
2009-11-11,74,Moderate,PM2.5,19,Los Angeles,California,34.1141,-118.4068,12531334.0,3267.0,America/Los_Angeles,2009,11,11
2009-11-12,77,Moderate,PM2.5,20,Los Angeles,California,34.1141,-118.4068,12531334.0,3267.0,America/Los_Angeles,2009,11,12
2009-11-13,66,Moderate,PM2.5,19,Los Angeles,California,34.1141,-118.4068,12531334.0,3267.0,America/Los_Angeles,2009,11,13
2009-11-14,60,Moderate,PM2.5,19,Los Angeles,California,34.1141,-118.4068,12531334.0,3267.0,America/Los_Angeles,2009,11,14
2009-11-15,67,Moderate,PM2.5,20,Los Angeles,California,34.1141,-118.4068,12531334.0,3267.0,America/Los_Angeles,2009,11,15
2009-11-16,57,Moderate,NO2,19,Los Angeles,California,34.1141,-118.4068,12531334.0,3267.0,America/Los_Angeles,2009,11,16
2009-11-17,70,Moderate,NO2,19,Los Angeles,California,34.1141,-118.4068,12531334.0,3267.0,America/Los_Angeles,2009,11,17
2009-11-18,73,Moderate,PM2.5,20,Los Angeles,California,34.1141,-118.4068,12531334.0,3267.0,America/Los_Angeles,2009,11,18
2009-11-19,88,Moderate,PM2.5,19,Los Angeles,California,34.1141,-118.4068,12531334.0,3267.0,America/Los_Angeles,2009,11,19
2009-11-20,79,Moderate,PM2.5,19,Los Angeles,California,34.1141,-118.4068,12531334.0,3267.0,America/Los_Angeles,2009,11,20
2009-11-21,82,Moderate,PM2.5,20,Los Angeles,California,34.1141,-118.4068,12531334.0,3267.0,America/Los_Angeles,2009,11,21
2009-11-22,85,Moderate,PM2.5,19,Los Angeles,California,34.1141,-118.4068,12531334.0,3267.0,America/Los_Angeles,2009,11,22
2009-11-23,86,Moderate,PM2.5,19,Los Angeles,California,34.1141,-118.4068,12531334.0,3267.0,America/Los_Angeles,2009,11,23
2009-11-24,74,Moderate,NO2,20,Los Angeles,California,34.1141,-118.4068,12531334.0,3267.0,America/Los_Angeles,2009,11,24
2009-11-25,76,Moderate,PM10,19,Los Angeles,California,34.1141,-118.4068,12531334.0,3267.0,America/Los_Angeles,2009,11,25
2009-11-26,55,Moderate,PM2.5,19,Los Angeles,California,34.1141,-118.4068,12531334.0,3267.0,America/Los_Angeles,2009,11,26
2009-11-27,70,Moderate,PM2.5,20,Los Angeles,California,34.1141,-118.4068,12531334.0,3267.0,America/Los_Angeles,2009,11,27
2009-11-28,36,Good,Ozone,19,Los Angeles,California,34.1141,-118.4068,12531334.0,3267.0,America/Los_Angeles,2009,11,28
2009-11-29,54,Moderate,PM10,19,Los Angeles,California,34.1141,-118.4068,12531334.0,3267.0,America/Los_Angeles,2009,11,29
2009-11-30,57,Moderate,PM2.5,20,Los Angeles,California,34.1141,-118.4068,12531334.0,3267.0,America/Los_Angeles,2009,11,30
2009-12-01,58,Moderate,PM2.5,19,Los Angeles,California,34.1141,-118.4068,12531334.0,3267.0,America/Los_Angeles,2009,12,1
2009-12-02,65,Moderate,PM2.5,19,Los Angeles,California,34.1141,-118.4068,12531334.0,3267.0,America/Los_Angeles,2009,12,2
2009-12-03,98,Moderate,PM2.5,20,Los Angeles,California,34.1141,-118.4068,12531334.0,3267.0,America/Los_Angeles,2009,12,3
2009-12-04,101,Unhealthy for Sensitive Groups,PM2.5,19,Los Angeles,California,34.1141,-118.4068,12531334.0,3267.0,America/Los_Angeles,2009,12,4
2009-12-05,76,Moderate,PM2.5,19,Los Angeles,California,34.1141,-118.4068,12531334.0,3267.0,America/Los_Angeles,2009,12,5
2009-12-06,59,Moderate,PM2.5,20,Los Angeles,California,34.1141,-118.4068,12531334.0,3267.0,America/Los_Angeles,2009,12,6
2009-12-07,41,Good,PM2.5,19,Los Angeles,California,34.1141,-118.4068,12531334.0,3267.0,America/Los_Angeles,2009,12,7
2009-12-08,51,Moderate,PM2.5,19,Los Angeles,California,34.1141,-118.4068,12531334.0,3267.0,America/Los_Angeles,2009,12,8
2009-12-09,76,Moderate,PM2.5,20,Los Angeles,California,34.1141,-118.4068,12531334.0,3267.0,America/Los_Angeles,2009,12,9
2009-12-10,93,Moderate,PM2.5,19,Los Angeles,California,34.1141,-118.4068,12531334.0,3267.0,America/Los_Angeles,2009,12,10
2009-12-11,99,Moderate,PM2.5,19,Los Angeles,California,34.1141,-118.4068,12531334.0,3267.0,America/Los_Angeles,2009,12,11
2009-12-12,42,Good,Ozone,20,Los Angeles,California,34.1141,-118.4068,12531334.0,3267.0,America/Los_Angeles,2009,12,12
2009-12-13,43,Good,Ozone,19,Los Angeles,California,34.1141,-118.4068,12531334.0,3267.0,America/Los_Angeles,2009,12,13
2009-12-14,62,Moderate,PM2.5,19,Los Angeles,California,34.1141,-118.4068,12531334.0,3267.0,America/Los_Angeles,2009,12,14
2009-12-15,68,Moderate,NO2,19,Los Angeles,California,34.1141,-118.4068,12531334.0,3267.0,America/Los_Angeles,2009,12,15
2009-12-16,64,Moderate,PM2.5,19,Los Angeles,California,34.1141,-118.4068,12531334.0,3267.0,America/Los_Angeles,2009,12,16
2009-12-17,81,Moderate,PM2.5,19,Los Angeles,California,34.1141,-118.4068,12531334.0,3267.0,America/Los_Angeles,2009,12,17
2009-12-18,81,Moderate,PM2.5,19,Los Angeles,California,34.1141,-118.4068,12531334.0,3267.0,America/Los_Angeles,2009,12,18
2009-12-19,53,Moderate,PM2.5,18,Los Angeles,California,34.1141,-118.4068,12531334.0,3267.0,America/Los_Angeles,2009,12,19
2009-12-20,59,Moderate,PM2.5,18,Los Angeles,California,34.1141,-118.4068,12531334.0,3267.0,America/Los_Angeles,2009,12,20
2009-12-21,91,Moderate,PM2.5,19,Los Angeles,California,34.1141,-118.4068,12531334.0,3267.0,America/Los_Angeles,2009,12,21
2009-12-22,56,Moderate,PM2.5,18,Los Angeles,California,34.1141,-118.4068,12531334.0,3267.0,America/Los_Angeles,2009,12,22
2009-12-23,49,Good,PM10,19,Los Angeles,California,34.1141,-118.4068,12531334.0,3267.0,America/Los_Angeles,2009,12,23
2009-12-24,106,Unhealthy for Sensitive Groups,PM2.5,20,Los Angeles,California,34.1141,-118.4068,12531334.0,3267.0,America/Los_Angeles,2009,12,24
2009-12-25,128,Unhealthy for Sensitive Groups,PM2.5,18,Los Angeles,California,34.1141,-118.4068,12531334.0,3267.0,America/Los_Angeles,2009,12,25
2009-12-26,116,Unhealthy for Sensitive Groups,PM2.5,18,Los Angeles,California,34.1141,-118.4068,12531334.0,3267.0,America/Los_Angeles,2009,12,26
2009-12-27,111,Unhealthy for Sensitive Groups,PM2.5,19,Los Angeles,California,34.1141,-118.4068,12531334.0,3267.0,America/Los_Angeles,2009,12,27
2009-12-28,59,Moderate,PM2.5,18,Los Angeles,California,34.1141,-118.4068,12531334.0,3267.0,America/Los_Angeles,2009,12,28
2009-12-29,65,Moderate,PM2.5,18,Los Angeles,California,34.1141,-118.4068,12531334.0,3267.0,America/Los_Angeles,2009,12,29
2009-12-30,70,Moderate,PM2.5,19,Los Angeles,California,34.1141,-118.4068,12531334.0,3267.0,America/Los_Angeles,2009,12,30
2009-12-31,74,Moderate,PM2.5,18,Los Angeles,California,34.1141,-118.4068,12531334.0,3267.0,America/Los_Angeles,2009,12,31
2010-01-01,82,Moderate,PM2.5,19,Los Angeles,California,34.1141,-118.4068,12531334.0,3267.0,America/Los_Angeles,2010,1,1
2010-01-02,82,Moderate,PM2.5,20,Los Angeles,California,34.1141,-118.4068,12531334.0,3267.0,America/Los_Angeles,2010,1,2
2010-01-03,56,Moderate,PM2.5,19,Los Angeles,California,34.1141,-118.4068,12531334.0,3267.0,America/Los_Angeles,2010,1,3
2010-01-04,56,Moderate,NO2,19,Los Angeles,California,34.1141,-118.4068,12531334.0,3267.0,America/Los_Angeles,2010,1,4
2010-01-05,64,Moderate,PM2.5,21,Los Angeles,California,34.1141,-118.4068,12531334.0,3267.0,America/Los_Angeles,2010,1,5
2010-01-06,73,Moderate,PM2.5,19,Los Angeles,California,34.1141,-118.4068,12531334.0,3267.0,America/Los_Angeles,2010,1,6
2010-01-07,98,Moderate,PM2.5,20,Los Angeles,California,34.1141,-118.4068,12531334.0,3267.0,America/Los_Angeles,2010,1,7
2010-01-08,90,Moderate,PM2.5,21,Los Angeles,California,34.1141,-118.4068,12531334.0,3267.0,America/Los_Angeles,2010,1,8
2010-01-09,58,Moderate,NO2,20,Los Angeles,California,34.1141,-118.4068,12531334.0,3267.0,America/Los_Angeles,2010,1,9
2010-01-10,70,Moderate,PM2.5,20,Los Angeles,California,34.1141,-118.4068,12531334.0,3267.0,America/Los_Angeles,2010,1,10
2010-01-11,79,Moderate,PM2.5,21,Los Angeles,California,34.1141,-118.4068,12531334.0,3267.0,America/Los_Angeles,2010,1,11
2010-01-12,85,Moderate,PM2.5,20,Los Angeles,California,34.1141,-118.4068,12531334.0,3267.0,America/Los_Angeles,2010,1,12
2010-01-13,74,Moderate,PM2.5,20,Los Angeles,California,34.1141,-118.4068,12531334.0,3267.0,America/Los_Angeles,2010,1,13
2010-01-14,65,Moderate,NO2,21,Los Angeles,California,34.1141,-118.4068,12531334.0,3267.0,America/Los_Angeles,2010,1,14
2010-01-15,56,Moderate,NO2,20,Los Angeles,California,34.1141,-118.4068,12531334.0,3267.0,America/Los_Angeles,2010,1,15
2010-01-16,64,Moderate,PM2.5,20,Los Angeles,California,34.1141,-118.4068,12531334.0,3267.0,America/Los_Angeles,2010,1,16
2010-01-17,67,Moderate,PM2.5,21,Los Angeles,California,34.1141,-118.4068,12531334.0,3267.0,America/Los_Angeles,2010,1,17
2010-01-18,86,Moderate,PM2.5,20,Los Angeles,California,34.1141,-118.4068,12531334.0,3267.0,America/Los_Angeles,2010,1,18
2010-01-19,56,Moderate,PM2.5,20,Los Angeles,California,34.1141,-118.4068,12531334.0,3267.0,America/Los_Angeles,2010,1,19
2010-01-20,58,Moderate,PM2.5,21,Los Angeles,California,34.1141,-118.4068,12531334.0,3267.0,America/Los_Angeles,2010,1,20
2010-01-21,41,Good,Ozone,19,Los Angeles,California,34.1141,-118.4068,12531334.0,3267.0,America/Los_Angeles,2010,1,21
2010-01-22,46,Good,NO2,19,Los Angeles,California,34.1141,-118.4068,12531334.0,3267.0,America/Los_Angeles,2010,1,22
2010-01-23,72,Moderate,PM2.5,20,Los Angeles,California,34.1141,-118.4068,12531334.0,3267.0,America/Los_Angeles,2010,1,23
2010-01-24,71,Moderate,PM2.5,19,Los Angeles,California,34.1141,-118.4068,12531334.0,3267.0,America/Los_Angeles,2010,1,24
2010-01-25,71,Moderate,PM2.5,20,Los Angeles,California,34.1141,-118.4068,12531334.0,3267.0,America/Los_Angeles,2010,1,25
2010-01-26,80,Moderate,PM2.5,21,Los Angeles,California,34.1141,-118.4068,12531334.0,3267.0,America/Los_Angeles,2010,1,26
2010-01-27,62,Moderate,PM2.5,20,Los Angeles,California,34.1141,-118.4068,12531334.0,3267.0,America/Los_Angeles,2010,1,27
2010-01-28,58,Moderate,PM2.5,20,Los Angeles,California,34.1141,-118.4068,12531334.0,3267.0,America/Los_Angeles,2010,1,28
2010-01-29,71,Moderate,PM2.5,21,Los Angeles,California,34.1141,-118.4068,12531334.0,3267.0,America/Los_Angeles,2010,1,29
2010-01-30,87,Moderate,PM2.5,20,Los Angeles,California,34.1141,-118.4068,12531334.0,3267.0,America/Los_Angeles,2010,1,30
2010-01-31,89,Moderate,PM2.5,20,Los Angeles,California,34.1141,-118.4068,12531334.0,3267.0,America/Los_Angeles,2010,1,31
2010-02-01,93,Moderate,PM2.5,21,Los Angeles,California,34.1141,-118.4068,12531334.0,3267.0,America/Los_Angeles,2010,2,1
2010-02-02,114,Unhealthy for Sensitive Groups,PM2.5,20,Los Angeles,California,34.1141,-118.4068,12531334.0,3267.0,America/Los_Angeles,2010,2,2
2010-02-03,83,Moderate,PM2.5,20,Los Angeles,California,34.1141,-118.4068,12531334.0,3267.0,America/Los_Angeles,2010,2,3
2010-02-04,65,Moderate,PM2.5,21,Los Angeles,California,34.1141,-118.4068,12531334.0,3267.0,America/Los_Angeles,2010,2,4
2010-02-05,52,Moderate,PM2.5,20,Los Angeles,California,34.1141,-118.4068,12531334.0,3267.0,America/Los_Angeles,2010,2,5
2010-02-06,39,Good,Ozone,20,Los Angeles,California,34.1141,-118.4068,12531334.0,3267.0,America/Los_Angeles,2010,2,6
2010-02-07,51,Moderate,PM2.5,21,Los Angeles,California,34.1141,-118.4068,12531334.0,3267.0,America/Los_Angeles,2010,2,7
2010-02-08,51,Moderate,PM2.5,20,Los Angeles,California,34.1141,-118.4068,12531334.0,3267.0,America/Los_Angeles,2010,2,8
2010-02-09,55,Moderate,PM2.5,20,Los Angeles,California,34.1141,-118.4068,12531334.0,3267.0,America/Los_Angeles,2010,2,9
2010-02-10,55,Moderate,PM2.5,21,Los Angeles,California,34.1141,-118.4068,12531334.0,3267.0,America/Los_Angeles,2010,2,10
2010-02-11,62,Moderate,PM2.5,20,Los Angeles,California,34.1141,-118.4068,12531334.0,3267.0,America/Los_Angeles,2010,2,11
2010-02-12,80,Moderate,PM2.5,20,Los Angeles,California,34.1141,-118.4068,12531334.0,3267.0,America/Los_Angeles,2010,2,12
2010-02-13,97,Moderate,NO2,21,Los Angeles,California,34.1141,-118.4068,12531334.0,3267.0,America/Los_Angeles,2010,2,13
2010-02-14,65,Moderate,PM2.5,20,Los Angeles,California,34.1141,-118.4068,12531334.0,3267.0,America/Los_Angeles,2010,2,14
2010-02-15,64,Moderate,NO2,20,Los Angeles,California,34.1141,-118.4068,12531334.0,3267.0,America/Los_Angeles,2010,2,15
2010-02-16,68,Moderate,NO2,21,Los Angeles,California,34.1141,-118.4068,12531334.0,3267.0,America/Los_Angeles,2010,2,16
2010-02-17,71,Moderate,PM2.5,20,Los Angeles,California,34.1141,-118.4068,12531334.0,3267.0,America/Los_Angeles,2010,2,17
2010-02-18,123,Unhealthy for Sensitive Groups,PM2.5,20,Los Angeles,California,34.1141,-118.4068,12531334.0,3267.0,America/Los_Angeles,2010,2,18
2010-02-19,69,Moderate,PM2.5,21,Los Angeles,California,34.1141,-118.4068,12531334.0,3267.0,America/Los_Angeles,2010,2,19
2010-02-20,40,Good,Ozone,20,Los Angeles,California,34.1141,-118.4068,12531334.0,3267.0,America/Los_Angeles,2010,2,20
2010-02-21,40,Good,Ozone,20,Los Angeles,California,34.1141,-118.4068,12531334.0,3267.0,America/Los_Angeles,2010,2,21
2010-02-22,49,Good,NO2,21,Los Angeles,California,34.1141,-118.4068,12531334.0,3267.0,America/Los_Angeles,2010,2,22
2010-02-23,60,Moderate,NO2,20,Los Angeles,California,34.1141,-118.4068,12531334.0,3267.0,America/Los_Angeles,2010,2,23
2010-02-24,60,Moderate,PM2.5,20,Los Angeles,California,34.1141,-118.4068,12531334.0,3267.0,America/Los_Angeles,2010,2,24
2010-02-25,63,Moderate,PM2.5,21,Los Angeles,California,34.1141,-118.4068,12531334.0,3267.0,America/Los_Angeles,2010,2,25
2010-02-26,64,Moderate,PM2.5,20,Los Angeles,California,34.1141,-118.4068,12531334.0,3267.0,America/Los_Angeles,2010,2,26
2010-02-27,43,Good,PM2.5,20,Los Angeles,California,34.1141,-118.4068,12531334.0,3267.0,America/Los_Angeles,2010,2,27
2010-02-28,43,Good,Ozone,21,Los Angeles,California,34.1141,-118.4068,12531334.0,3267.0,America/Los_Angeles,2010,2,28
2010-03-01,62,Moderate,PM2.5,20,Los Angeles,California,34.1141,-118.4068,12531334.0,3267.0,America/Los_Angeles,2010,3,1
2010-03-02,43,Good,PM2.5,20,Los Angeles,California,34.1141,-118.4068,12531334.0,3267.0,America/Los_Angeles,2010,3,2
2010-03-03,43,Good,Ozone,21,Los Angeles,California,34.1141,-118.4068,12531334.0,3267.0,America/Los_Angeles,2010,3,3
2010-03-04,71,Moderate,NO2,19,Los Angeles,California,34.1141,-118.4068,12531334.0,3267.0,America/Los_Angeles,2010,3,4
2010-03-05,51,Moderate,NO2,19,Los Angeles,California,34.1141,-118.4068,12531334.0,3267.0,America/Los_Angeles,2010,3,5
2010-03-06,43,Good,Ozone,20,Los Angeles,California,34.1141,-118.4068,12531334.0,3267.0,America/Los_Angeles,2010,3,6
2010-03-07,44,Good,Ozone,20,Los Angeles,California,34.1141,-118.4068,12531334.0,3267.0,America/Los_Angeles,2010,3,7
2010-03-08,56,Moderate,PM2.5,20,Los Angeles,California,34.1141,-118.4068,12531334.0,3267.0,America/Los_Angeles,2010,3,8
2010-03-09,59,Moderate,PM2.5,21,Los Angeles,California,34.1141,-118.4068,12531334.0,3267.0,America/Los_Angeles,2010,3,9
2010-03-10,55,Moderate,NO2,20,Los Angeles,California,34.1141,-118.4068,12531334.0,3267.0,America/Los_Angeles,2010,3,10
2010-03-11,52,Moderate,NO2,20,Los Angeles,California,34.1141,-118.4068,12531334.0,3267.0,America/Los_Angeles,2010,3,11
2010-03-12,56,Moderate,NO2,21,Los Angeles,California,34.1141,-118.4068,12531334.0,3267.0,America/Los_Angeles,2010,3,12
2010-03-13,61,Moderate,PM2.5,20,Los Angeles,California,34.1141,-118.4068,12531334.0,3267.0,America/Los_Angeles,2010,3,13
2010-03-14,54,Moderate,PM2.5,20,Los Angeles,California,34.1141,-118.4068,12531334.0,3267.0,America/Los_Angeles,2010,3,14
2010-03-15,65,Moderate,NO2,21,Los Angeles,California,34.1141,-118.4068,12531334.0,3267.0,America/Los_Angeles,2010,3,15
2010-03-16,67,Moderate,Ozone,20,Los Angeles,California,34.1141,-118.4068,12531334.0,3267.0,America/Los_Angeles,2010,3,16
2010-03-17,67,Moderate,Ozone,20,Los Angeles,California,34.1141,-118.4068,12531334.0,3267.0,America/Los_Angeles,2010,3,17
2010-03-18,74,Moderate,Ozone,21,Los Angeles,California,34.1141,-118.4068,12531334.0,3267.0,America/Los_Angeles,2010,3,18
2010-03-19,78,Moderate,PM2.5,20,Los Angeles,California,34.1141,-118.4068,12531334.0,3267.0,America/Los_Angeles,2010,3,19
2010-03-20,84,Moderate,Ozone,20,Los Angeles,California,34.1141,-118.4068,12531334.0,3267.0,America/Los_Angeles,2010,3,20
2010-03-21,97,Moderate,Ozone,21,Los Angeles,California,34.1141,-118.4068,12531334.0,3267.0,America/Los_Angeles,2010,3,21
2010-03-22,74,Moderate,PM2.5,20,Los Angeles,California,34.1141,-118.4068,12531334.0,3267.0,America/Los_Angeles,2010,3,22
2010-03-23,67,Moderate,PM2.5,20,Los Angeles,California,34.1141,-118.4068,12531334.0,3267.0,America/Los_Angeles,2010,3,23
2010-03-24,77,Moderate,PM2.5,21,Los Angeles,California,34.1141,-118.4068,12531334.0,3267.0,America/Los_Angeles,2010,3,24
2010-03-25,71,Moderate,PM2.5,20,Los Angeles,California,34.1141,-118.4068,12531334.0,3267.0,America/Los_Angeles,2010,3,25
2010-03-26,57,Moderate,PM2.5,20,Los Angeles,California,34.1141,-118.4068,12531334.0,3267.0,America/Los_Angeles,2010,3,26
2010-03-27,61,Moderate,PM10,21,Los Angeles,California,34.1141,-118.4068,12531334.0,3267.0,America/Los_Angeles,2010,3,27
2010-03-28,84,Moderate,Ozone,20,Los Angeles,California,34.1141,-118.4068,12531334.0,3267.0,America/Los_Angeles,2010,3,28
2010-03-29,84,Moderate,Ozone,20,Los Angeles,California,34.1141,-118.4068,12531334.0,3267.0,America/Los_Angeles,2010,3,29
2010-03-30,55,Moderate,PM2.5,21,Los Angeles,California,34.1141,-118.4068,12531334.0,3267.0,America/Los_Angeles,2010,3,30
2010-03-31,46,Good,Ozone,20,Los Angeles,California,34.1141,-118.4068,12531334.0,3267.0,America/Los_Angeles,2010,3,31
2010-04-01,48,Good,Ozone,20,Los Angeles,California,34.1141,-118.4068,12531334.0,3267.0,America/Los_Angeles,2010,4,1
2010-04-02,123,Unhealthy for Sensitive Groups,PM2.5,21,Los Angeles,California,34.1141,-118.4068,12531334.0,3267.0,America/Los_Angeles,2010,4,2
2010-04-03,58,Moderate,Ozone,20,Los Angeles,California,34.1141,-118.4068,12531334.0,3267.0,America/Los_Angeles,2010,4,3
2010-04-04,61,Moderate,Ozone,20,Los Angeles,California,34.1141,-118.4068,12531334.0,3267.0,America/Los_Angeles,2010,4,4
2010-04-05,46,Good,Ozone,21,Los Angeles,California,34.1141,-118.4068,12531334.0,3267.0,America/Los_Angeles,2010,4,5
2010-04-06,53,Moderate,NO2,20,Los Angeles,California,34.1141,-118.4068,12531334.0,3267.0,America/Los_Angeles,2010,4,6
2010-04-07,57,Moderate,NO2,20,Los Angeles,California,34.1141,-118.4068,12531334.0,3267.0,America/Los_Angeles,2010,4,7
2010-04-08,77,Moderate,Ozone,21,Los Angeles,California,34.1141,-118.4068,12531334.0,3267.0,America/Los_Angeles,2010,4,8
2010-04-09,69,Moderate,PM2.5,20,Los Angeles,California,34.1141,-118.4068,12531334.0,3267.0,America/Los_Angeles,2010,4,9
2010-04-10,74,Moderate,Ozone,20,Los Angeles,California,34.1141,-118.4068,12531334.0,3267.0,America/Los_Angeles,2010,4,10
2010-04-11,65,Moderate,PM2.5,21,Los Angeles,California,34.1141,-118.4068,12531334.0,3267.0,America/Los_Angeles,2010,4,11
2010-04-12,57,Moderate,PM2.5,20,Los Angeles,California,34.1141,-118.4068,12531334.0,3267.0,America/Los_Angeles,2010,4,12
2010-04-13,62,Moderate,PM2.5,20,Los Angeles,California,34.1141,-118.4068,12531334.0,3267.0,America/Los_Angeles,2010,4,13
2010-04-14,74,Moderate,Ozone,21,Los Angeles,California,34.1141,-118.4068,12531334.0,3267.0,America/Los_Angeles,2010,4,14
2010-04-15,97,Moderate,Ozone,20,Los Angeles,California,34.1141,-118.4068,12531334.0,3267.0,America/Los_Angeles,2010,4,15
2010-04-16,93,Moderate,Ozone,20,Los Angeles,California,34.1141,-118.4068,12531334.0,3267.0,America/Los_Angeles,2010,4,16
2010-04-17,108,Unhealthy for Sensitive Groups,Ozone,21,Los Angeles,California,34.1141,-118.4068,12531334.0,3267.0,America/Los_Angeles,2010,4,17
2010-04-18,143,Unhealthy for Sensitive Groups,Ozone,20,Los Angeles,California,34.1141,-118.4068,12531334.0,3267.0,America/Los_Angeles,2010,4,18
2010-04-19,71,Moderate,Ozone,20,Los Angeles,California,34.1141,-118.4068,12531334.0,3267.0,America/Los_Angeles,2010,4,19
2010-04-20,48,Good,PM2.5,21,Los Angeles,California,34.1141,-118.4068,12531334.0,3267.0,America/Los_Angeles,2010,4,20
2010-04-21,44,Good,Ozone,20,Los Angeles,California,34.1141,-118.4068,12531334.0,3267.0,America/Los_Angeles,2010,4,21
2010-04-22,43,Good,Ozone,20,Los Angeles,California,34.1141,-118.4068,12531334.0,3267.0,America/Los_Angeles,2010,4,22
2010-04-23,68,Moderate,PM2.5,21,Los Angeles,California,34.1141,-118.4068,12531334.0,3267.0,America/Los_Angeles,2010,4,23
2010-04-24,67,Moderate,PM2.5,19,Los Angeles,California,34.1141,-118.4068,12531334.0,3267.0,America/Los_Angeles,2010,4,24
2010-04-25,126,Unhealthy for Sensitive Groups,Ozone,20,Los Angeles,California,34.1141,-118.4068,12531334.0,3267.0,America/Los_Angeles,2010,4,25
2010-04-26,115,Unhealthy for Sensitive Groups,Ozone,21,Los Angeles,California,34.1141,-118.4068,12531334.0,3267.0,America/Los_Angeles,2010,4,26
2010-04-27,99,Moderate,PM2.5,20,Los Angeles,California,34.1141,-118.4068,12531334.0,3267.0,America/Los_Angeles,2010,4,27
2010-04-28,47,Good,Ozone,20,Los Angeles,California,34.1141,-118.4068,12531334.0,3267.0,America/Los_Angeles,2010,4,28
2010-04-29,47,Good,Ozone,21,Los Angeles,California,34.1141,-118.4068,12531334.0,3267.0,America/Los_Angeles,2010,4,29
2010-04-30,56,Moderate,NO2,20,Los Angeles,California,34.1141,-118.4068,12531334.0,3267.0,America/Los_Angeles,2010,4,30
2010-05-01,54,Moderate,Ozone,20,Los Angeles,California,34.1141,-118.4068,12531334.0,3267.0,America/Los_Angeles,2010,5,1
2010-05-02,93,Moderate,Ozone,21,Los Angeles,California,34.1141,-118.4068,12531334.0,3267.0,America/Los_Angeles,2010,5,2
2010-05-03,115,Unhealthy for Sensitive Groups,Ozone,20,Los Angeles,California,34.1141,-118.4068,12531334.0,3267.0,America/Los_Angeles,2010,5,3
2010-05-04,84,Moderate,Ozone,20,Los Angeles,California,34.1141,-118.4068,12531334.0,3267.0,America/Los_Angeles,2010,5,4
2010-05-05,80,Moderate,Ozone,21,Los Angeles,California,34.1141,-118.4068,12531334.0,3267.0,America/Los_Angeles,2010,5,5
2010-05-06,87,Moderate,Ozone,20,Los Angeles,California,34.1141,-118.4068,12531334.0,3267.0,America/Los_Angeles,2010,5,6
2010-05-07,133,Unhealthy for Sensitive Groups,Ozone,20,Los Angeles,California,34.1141,-118.4068,12531334.0,3267.0,America/Los_Angeles,2010,5,7
2010-05-08,119,Unhealthy for Sensitive Groups,Ozone,21,Los Angeles,California,34.1141,-118.4068,12531334.0,3267.0,America/Los_Angeles,2010,5,8
2010-05-09,50,Good,Ozone,20,Los Angeles,California,34.1141,-118.4068,12531334.0,3267.0,America/Los_Angeles,2010,5,9
2010-05-10,51,Moderate,Ozone,20,Los Angeles,California,34.1141,-118.4068,12531334.0,3267.0,America/Los_Angeles,2010,5,10
2010-05-11,53,Moderate,NO2,21,Los Angeles,California,34.1141,-118.4068,12531334.0,3267.0,America/Los_Angeles,2010,5,11
2010-05-12,55,Moderate,NO2,20,Los Angeles,California,34.1141,-118.4068,12531334.0,3267.0,America/Los_Angeles,2010,5,12
2010-05-13,87,Moderate,Ozone,20,Los Angeles,California,34.1141,-118.4068,12531334.0,3267.0,America/Los_Angeles,2010,5,13
2010-05-14,101,Unhealthy for Sensitive Groups,Ozone,21,Los Angeles,California,34.1141,-118.4068,12531334.0,3267.0,America/Los_Angeles,2010,5,14
2010-05-15,122,Unhealthy for Sensitive Groups,Ozone,20,Los Angeles,California,34.1141,-118.4068,12531334.0,3267.0,America/Los_Angeles,2010,5,15
2010-05-16,119,Unhealthy for Sensitive Groups,Ozone,20,Los Angeles,California,34.1141,-118.4068,12531334.0,3267.0,America/Los_Angeles,2010,5,16
2010-05-17,59,Moderate,PM2.5,21,Los Angeles,California,34.1141,-118.4068,12531334.0,3267.0,America/Los_Angeles,2010,5,17
2010-05-18,51,Moderate,PM2.5,20,Los Angeles,California,34.1141,-118.4068,12531334.0,3267.0,America/Los_Angeles,2010,5,18
2010-05-19,65,Moderate,PM2.5,20,Los Angeles,California,34.1141,-118.4068,12531334.0,3267.0,America/Los_Angeles,2010,5,19
2010-05-20,77,Moderate,Ozone,21,Los Angeles,California,34.1141,-118.4068,12531334.0,3267.0,America/Los_Angeles,2010,5,20
2010-05-21,84,Moderate,Ozone,20,Los Angeles,California,34.1141,-118.4068,12531334.0,3267.0,America/Los_Angeles,2010,5,21
2010-05-22,54,Moderate,PM2.5,20,Los Angeles,California,34.1141,-118.4068,12531334.0,3267.0,America/Los_Angeles,2010,5,22
2010-05-23,44,Good,Ozone,21,Los Angeles,California,34.1141,-118.4068,12531334.0,3267.0,America/Los_Angeles,2010,5,23
2010-05-24,49,Good,Ozone,20,Los Angeles,California,34.1141,-118.4068,12531334.0,3267.0,America/Los_Angeles,2010,5,24
2010-05-25,71,Moderate,Ozone,20,Los Angeles,California,34.1141,-118.4068,12531334.0,3267.0,America/Los_Angeles,2010,5,25
2010-05-26,58,Moderate,Ozone,20,Los Angeles,California,34.1141,-118.4068,12531334.0,3267.0,America/Los_Angeles,2010,5,26
2010-05-27,53,Moderate,PM2.5,20,Los Angeles,California,34.1141,-118.4068,12531334.0,3267.0,America/Los_Angeles,2010,5,27
2010-05-28,49,Good,Ozone,20,Los Angeles,California,34.1141,-118.4068,12531334.0,3267.0,America/Los_Angeles,2010,5,28
2010-05-29,101,Unhealthy for Sensitive Groups,Ozone,21,Los Angeles,California,34.1141,-118.4068,12531334.0,3267.0,America/Los_Angeles,2010,5,29
2010-05-30,140,Unhealthy for Sensitive Groups,Ozone,20,Los Angeles,California,34.1141,-118.4068,12531334.0,3267.0,America/Los_Angeles,2010,5,30
2010-05-31,122,Unhealthy for Sensitive Groups,Ozone,20,Los Angeles,California,34.1141,-118.4068,12531334.0,3267.0,America/Los_Angeles,2010,5,31
2010-06-01,97,Moderate,Ozone,21,Los Angeles,California,34.1141,-118.4068,12531334.0,3267.0,America/Los_Angeles,2010,6,1
2010-06-02,81,Moderate,PM2.5,20,Los Angeles,California,34.1141,-118.4068,12531334.0,3267.0,America/Los_Angeles,2010,6,2
2010-06-03,143,Unhealthy for Sensitive Groups,Ozone,20,Los Angeles,California,34.1141,-118.4068,12531334.0,3267.0,America/Los_Angeles,2010,6,3
2010-06-04,140,Unhealthy for Sensitive Groups,Ozone,21,Los Angeles,California,34.1141,-118.4068,12531334.0,3267.0,America/Los_Angeles,2010,6,4
2010-06-05,200,Unhealthy,Ozone,20,Los Angeles,California,34.1141,-118.4068,12531334.0,3267.0,America/Los_Angeles,2010,6,5
2010-06-06,164,Unhealthy,Ozone,19,Los Angeles,California,34.1141,-118.4068,12531334.0,3267.0,America/Los_Angeles,2010,6,6
2010-06-07,112,Unhealthy for Sensitive Groups,Ozone,20,Los Angeles,California,34.1141,-118.4068,12531334.0,3267.0,America/Los_Angeles,2010,6,7
2010-06-08,122,Unhealthy for Sensitive Groups,Ozone,19,Los Angeles,California,34.1141,-118.4068,12531334.0,3267.0,America/Los_Angeles,2010,6,8
2010-06-09,93,Moderate,Ozone,20,Los Angeles,California,34.1141,-118.4068,12531334.0,3267.0,America/Los_Angeles,2010,6,9
2010-06-10,71,Moderate,Ozone,21,Los Angeles,California,34.1141,-118.4068,12531334.0,3267.0,America/Los_Angeles,2010,6,10
2010-06-11,61,Moderate,PM2.5,20,Los Angeles,California,34.1141,-118.4068,12531334.0,3267.0,America/Los_Angeles,2010,6,11
2010-06-12,71,Moderate,Ozone,20,Los Angeles,California,34.1141,-118.4068,12531334.0,3267.0,America/Los_Angeles,2010,6,12
2010-06-13,101,Unhealthy for Sensitive Groups,Ozone,21,Los Angeles,California,34.1141,-118.4068,12531334.0,3267.0,America/Los_Angeles,2010,6,13
2010-06-14,126,Unhealthy for Sensitive Groups,Ozone,20,Los Angeles,California,34.1141,-118.4068,12531334.0,3267.0,America/Los_Angeles,2010,6,14
2010-06-15,108,Unhealthy for Sensitive Groups,Ozone,20,Los Angeles,California,34.1141,-118.4068,12531334.0,3267.0,America/Los_Angeles,2010,6,15
2010-06-16,75,Moderate,PM2.5,21,Los Angeles,California,34.1141,-118.4068,12531334.0,3267.0,America/Los_Angeles,2010,6,16
2010-06-17,147,Unhealthy for Sensitive Groups,Ozone,20,Los Angeles,California,34.1141,-118.4068,12531334.0,3267.0,America/Los_Angeles,2010,6,17
2010-06-18,119,Unhealthy for Sensitive Groups,Ozone,20,Los Angeles,California,34.1141,-118.4068,12531334.0,3267.0,America/Los_Angeles,2010,6,18
2010-06-19,112,Unhealthy for Sensitive Groups,Ozone,21,Los Angeles,California,34.1141,-118.4068,12531334.0,3267.0,America/Los_Angeles,2010,6,19
2010-06-20,115,Unhealthy for Sensitive Groups,Ozone,20,Los Angeles,California,34.1141,-118.4068,12531334.0,3267.0,America/Los_Angeles,2010,6,20
2010-06-21,93,Moderate,Ozone,20,Los Angeles,California,34.1141,-118.4068,12531334.0,3267.0,America/Los_Angeles,2010,6,21
2010-06-22,143,Unhealthy for Sensitive Groups,Ozone,21,Los Angeles,California,34.1141,-118.4068,12531334.0,3267.0,America/Los_Angeles,2010,6,22
2010-06-23,177,Unhealthy,Ozone,20,Los Angeles,California,34.1141,-118.4068,12531334.0,3267.0,America/Los_Angeles,2010,6,23
2010-06-24,174,Unhealthy,Ozone,20,Los Angeles,California,34.1141,-118.4068,12531334.0,3267.0,America/Los_Angeles,2010,6,24
2010-06-25,112,Unhealthy for Sensitive Groups,Ozone,21,Los Angeles,California,34.1141,-118.4068,12531334.0,3267.0,America/Los_Angeles,2010,6,25
2010-06-26,100,Moderate,Ozone,20,Los Angeles,California,34.1141,-118.4068,12531334.0,3267.0,America/Los_Angeles,2010,6,26
2010-06-27,133,Unhealthy for Sensitive Groups,Ozone,20,Los Angeles,California,34.1141,-118.4068,12531334.0,3267.0,America/Los_Angeles,2010,6,27
2010-06-28,133,Unhealthy for Sensitive Groups,Ozone,21,Los Angeles,California,34.1141,-118.4068,12531334.0,3267.0,America/Los_Angeles,2010,6,28
2010-06-29,147,Unhealthy for Sensitive Groups,Ozone,20,Los Angeles,California,34.1141,-118.4068,12531334.0,3267.0,America/Los_Angeles,2010,6,29
2010-06-30,133,Unhealthy for Sensitive Groups,Ozone,20,Los Angeles,California,34.1141,-118.4068,12531334.0,3267.0,America/Los_Angeles,2010,6,30
2010-07-01,150,Unhealthy for Sensitive Groups,Ozone,21,Los Angeles,California,34.1141,-118.4068,12531334.0,3267.0,America/Los_Angeles,2010,7,1
2010-07-02,147,Unhealthy for Sensitive Groups,Ozone,20,Los Angeles,California,34.1141,-118.4068,12531334.0,3267.0,America/Los_Angeles,2010,7,2
2010-07-03,126,Unhealthy for Sensitive Groups,Ozone,20,Los Angeles,California,34.1141,-118.4068,12531334.0,3267.0,America/Los_Angeles,2010,7,3
2010-07-04,119,Unhealthy for Sensitive Groups,Ozone,21,Los Angeles,California,34.1141,-118.4068,12531334.0,3267.0,America/Los_Angeles,2010,7,4
2010-07-05,152,Unhealthy,PM2.5,20,Los Angeles,California,34.1141,-118.4068,12531334.0,3267.0,America/Los_Angeles,2010,7,5
2010-07-06,115,Unhealthy for Sensitive Groups,Ozone,20,Los Angeles,California,34.1141,-118.4068,12531334.0,3267.0,America/Los_Angeles,2010,7,6
2010-07-07,115,Unhealthy for Sensitive Groups,Ozone,21,Los Angeles,California,34.1141,-118.4068,12531334.0,3267.0,America/Los_Angeles,2010,7,7
2010-07-08,101,Unhealthy for Sensitive Groups,Ozone,19,Los Angeles,California,34.1141,-118.4068,12531334.0,3267.0,America/Los_Angeles,2010,7,8
2010-07-09,115,Unhealthy for Sensitive Groups,Ozone,20,Los Angeles,California,34.1141,-118.4068,12531334.0,3267.0,America/Los_Angeles,2010,7,9
2010-07-10,169,Unhealthy,Ozone,21,Los Angeles,California,34.1141,-118.4068,12531334.0,3267.0,America/Los_Angeles,2010,7,10
2010-07-11,140,Unhealthy for Sensitive Groups,Ozone,20,Los Angeles,California,34.1141,-118.4068,12531334.0,3267.0,America/Los_Angeles,2010,7,11
2010-07-12,77,Moderate,Ozone,20,Los Angeles,California,34.1141,-118.4068,12531334.0,3267.0,America/Los_Angeles,2010,7,12
2010-07-13,62,Moderate,PM2.5,21,Los Angeles,California,34.1141,-118.4068,12531334.0,3267.0,America/Los_Angeles,2010,7,13
2010-07-14,119,Unhealthy for Sensitive Groups,Ozone,19,Los Angeles,California,34.1141,-118.4068,12531334.0,3267.0,America/Los_Angeles,2010,7,14
2010-07-15,154,Unhealthy,Ozone,20,Los Angeles,California,34.1141,-118.4068,12531334.0,3267.0,America/Los_Angeles,2010,7,15
2010-07-16,161,Unhealthy,Ozone,21,Los Angeles,California,34.1141,-118.4068,12531334.0,3267.0,America/Los_Angeles,2010,7,16
2010-07-17,164,Unhealthy,Ozone,20,Los Angeles,California,34.1141,-118.4068,12531334.0,3267.0,America/Los_Angeles,2010,7,17
2010-07-18,154,Unhealthy,Ozone,20,Los Angeles,California,34.1141,-118.4068,12531334.0,3267.0,America/Los_Angeles,2010,7,18
2010-07-19,129,Unhealthy for Sensitive Groups,Ozone,21,Los Angeles,California,34.1141,-118.4068,12531334.0,3267.0,America/Los_Angeles,2010,7,19
2010-07-20,101,Unhealthy for Sensitive Groups,Ozone,20,Los Angeles,California,34.1141,-118.4068,12531334.0,3267.0,America/Los_Angeles,2010,7,20
2010-07-21,112,Unhealthy for Sensitive Groups,Ozone,20,Los Angeles,California,34.1141,-118.4068,12531334.0,3267.0,America/Los_Angeles,2010,7,21
2010-07-22,100,Moderate,Ozone,21,Los Angeles,California,34.1141,-118.4068,12531334.0,3267.0,America/Los_Angeles,2010,7,22
2010-07-23,90,Moderate,Ozone,20,Los Angeles,California,34.1141,-118.4068,12531334.0,3267.0,America/Los_Angeles,2010,7,23
2010-07-24,143,Unhealthy for Sensitive Groups,Ozone,20,Los Angeles,California,34.1141,-118.4068,12531334.0,3267.0,America/Los_Angeles,2010,7,24
2010-07-25,119,Unhealthy for Sensitive Groups,Ozone,21,Los Angeles,California,34.1141,-118.4068,12531334.0,3267.0,America/Los_Angeles,2010,7,25
2010-07-26,93,Moderate,Ozone,20,Los Angeles,California,34.1141,-118.4068,12531334.0,3267.0,America/Los_Angeles,2010,7,26
2010-07-27,76,Moderate,PM2.5,20,Los Angeles,California,34.1141,-118.4068,12531334.0,3267.0,America/Los_Angeles,2010,7,27
2010-07-28,90,Moderate,Ozone,21,Los Angeles,California,34.1141,-118.4068,12531334.0,3267.0,America/Los_Angeles,2010,7,28
2010-07-29,122,Unhealthy for Sensitive Groups,Ozone,19,Los Angeles,California,34.1141,-118.4068,12531334.0,3267.0,America/Los_Angeles,2010,7,29
2010-07-30,150,Unhealthy for Sensitive Groups,Ozone,20,Los Angeles,California,34.1141,-118.4068,12531334.0,3267.0,America/Los_Angeles,2010,7,30
2010-07-31,122,Unhealthy for Sensitive Groups,Ozone,21,Los Angeles,California,34.1141,-118.4068,12531334.0,3267.0,America/Los_Angeles,2010,7,31
2010-08-01,136,Unhealthy for Sensitive Groups,Ozone,20,Los Angeles,California,34.1141,-118.4068,12531334.0,3267.0,America/Los_Angeles,2010,8,1
2010-08-02,133,Unhealthy for Sensitive Groups,Ozone,20,Los Angeles,California,34.1141,-118.4068,12531334.0,3267.0,America/Los_Angeles,2010,8,2
2010-08-03,154,Unhealthy,Ozone,21,Los Angeles,California,34.1141,-118.4068,12531334.0,3267.0,America/Los_Angeles,2010,8,3
2010-08-04,147,Unhealthy for Sensitive Groups,Ozone,20,Los Angeles,California,34.1141,-118.4068,12531334.0,3267.0,America/Los_Angeles,2010,8,4
2010-08-05,147,Unhealthy for Sensitive Groups,Ozone,20,Los Angeles,California,34.1141,-118.4068,12531334.0,3267.0,America/Los_Angeles,2010,8,5
2010-08-06,133,Unhealthy for Sensitive Groups,Ozone,21,Los Angeles,California,34.1141,-118.4068,12531334.0,3267.0,America/Los_Angeles,2010,8,6
2010-08-07,126,Unhealthy for Sensitive Groups,Ozone,20,Los Angeles,California,34.1141,-118.4068,12531334.0,3267.0,America/Los_Angeles,2010,8,7
2010-08-08,101,Unhealthy for Sensitive Groups,Ozone,20,Los Angeles,California,34.1141,-118.4068,12531334.0,3267.0,America/Los_Angeles,2010,8,8
2010-08-09,136,Unhealthy for Sensitive Groups,Ozone,21,Los Angeles,California,34.1141,-118.4068,12531334.0,3267.0,America/Los_Angeles,2010,8,9
2010-08-10,129,Unhealthy for Sensitive Groups,Ozone,20,Los Angeles,California,34.1141,-118.4068,12531334.0,3267.0,America/Los_Angeles,2010,8,10
2010-08-11,100,Moderate,Ozone,20,Los Angeles,California,34.1141,-118.4068,12531334.0,3267.0,America/Los_Angeles,2010,8,11
2010-08-12,126,Unhealthy for Sensitive Groups,Ozone,21,Los Angeles,California,34.1141,-118.4068,12531334.0,3267.0,America/Los_Angeles,2010,8,12
2010-08-13,93,Moderate,Ozone,20,Los Angeles,California,34.1141,-118.4068,12531334.0,3267.0,America/Los_Angeles,2010,8,13
2010-08-14,122,Unhealthy for Sensitive Groups,Ozone,20,Los Angeles,California,34.1141,-118.4068,12531334.0,3267.0,America/Los_Angeles,2010,8,14
2010-08-15,140,Unhealthy for Sensitive Groups,Ozone,21,Los Angeles,California,34.1141,-118.4068,12531334.0,3267.0,America/Los_Angeles,2010,8,15
2010-08-16,147,Unhealthy for Sensitive Groups,Ozone,20,Los Angeles,California,34.1141,-118.4068,12531334.0,3267.0,America/Los_Angeles,2010,8,16
2010-08-17,133,Unhealthy for Sensitive Groups,Ozone,20,Los Angeles,California,34.1141,-118.4068,12531334.0,3267.0,America/Los_Angeles,2010,8,17
2010-08-18,101,Unhealthy for Sensitive Groups,Ozone,21,Los Angeles,California,34.1141,-118.4068,12531334.0,3267.0,America/Los_Angeles,2010,8,18
2010-08-19,105,Unhealthy for Sensitive Groups,Ozone,20,Los Angeles,California,34.1141,-118.4068,12531334.0,3267.0,America/Los_Angeles,2010,8,19
2010-08-20,100,Moderate,Ozone,20,Los Angeles,California,34.1141,-118.4068,12531334.0,3267.0,America/Los_Angeles,2010,8,20
2010-08-21,101,Unhealthy for Sensitive Groups,Ozone,21,Los Angeles,California,34.1141,-118.4068,12531334.0,3267.0,America/Los_Angeles,2010,8,21
2010-08-22,100,Moderate,Ozone,20,Los Angeles,California,34.1141,-118.4068,12531334.0,3267.0,America/Los_Angeles,2010,8,22
2010-08-23,112,Unhealthy for Sensitive Groups,Ozone,20,Los Angeles,California,34.1141,-118.4068,12531334.0,3267.0,America/Los_Angeles,2010,8,23
2010-08-24,150,Unhealthy for Sensitive Groups,Ozone,20,Los Angeles,California,34.1141,-118.4068,12531334.0,3267.0,America/Los_Angeles,2010,8,24
2010-08-25,159,Unhealthy,Ozone,20,Los Angeles,California,34.1141,-118.4068,12531334.0,3267.0,America/Los_Angeles,2010,8,25
2010-08-26,119,Unhealthy for Sensitive Groups,Ozone,20,Los Angeles,California,34.1141,-118.4068,12531334.0,3267.0,America/Los_Angeles,2010,8,26
2010-08-27,97,Moderate,Ozone,21,Los Angeles,California,34.1141,-118.4068,12531334.0,3267.0,America/Los_Angeles,2010,8,27
2010-08-28,100,Moderate,Ozone,20,Los Angeles,California,34.1141,-118.4068,12531334.0,3267.0,America/Los_Angeles,2010,8,28
2010-08-29,79,Moderate,PM2.5,20,Los Angeles,California,34.1141,-118.4068,12531334.0,3267.0,America/Los_Angeles,2010,8,29
2010-08-30,87,Moderate,Ozone,21,Los Angeles,California,34.1141,-118.4068,12531334.0,3267.0,America/Los_Angeles,2010,8,30
2010-08-31,112,Unhealthy for Sensitive Groups,Ozone,20,Los Angeles,California,34.1141,-118.4068,12531334.0,3267.0,America/Los_Angeles,2010,8,31
2010-09-01,147,Unhealthy for Sensitive Groups,Ozone,20,Los Angeles,California,34.1141,-118.4068,12531334.0,3267.0,America/Los_Angeles,2010,9,1
2010-09-02,147,Unhealthy for Sensitive Groups,Ozone,20,Los Angeles,California,34.1141,-118.4068,12531334.0,3267.0,America/Los_Angeles,2010,9,2
2010-09-03,136,Unhealthy for Sensitive Groups,Ozone,20,Los Angeles,California,34.1141,-118.4068,12531334.0,3267.0,America/Los_Angeles,2010,9,3
2010-09-04,185,Unhealthy,Ozone,20,Los Angeles,California,34.1141,-118.4068,12531334.0,3267.0,America/Los_Angeles,2010,9,4
2010-09-05,147,Unhealthy for Sensitive Groups,Ozone,21,Los Angeles,California,34.1141,-118.4068,12531334.0,3267.0,America/Los_Angeles,2010,9,5
2010-09-06,126,Unhealthy for Sensitive Groups,Ozone,20,Los Angeles,California,34.1141,-118.4068,12531334.0,3267.0,America/Los_Angeles,2010,9,6
2010-09-07,93,Moderate,Ozone,20,Los Angeles,California,34.1141,-118.4068,12531334.0,3267.0,America/Los_Angeles,2010,9,7
2010-09-08,69,Moderate,PM2.5,20,Los Angeles,California,34.1141,-118.4068,12531334.0,3267.0,America/Los_Angeles,2010,9,8
2010-09-09,64,Moderate,PM2.5,20,Los Angeles,California,34.1141,-118.4068,12531334.0,3267.0,America/Los_Angeles,2010,9,9
2010-09-10,90,Moderate,Ozone,20,Los Angeles,California,34.1141,-118.4068,12531334.0,3267.0,America/Los_Angeles,2010,9,10
2010-09-11,126,Unhealthy for Sensitive Groups,Ozone,21,Los Angeles,California,34.1141,-118.4068,12531334.0,3267.0,America/Los_Angeles,2010,9,11
2010-09-12,112,Unhealthy for Sensitive Groups,Ozone,20,Los Angeles,California,34.1141,-118.4068,12531334.0,3267.0,America/Los_Angeles,2010,9,12
2010-09-13,64,Moderate,PM2.5,20,Los Angeles,California,34.1141,-118.4068,12531334.0,3267.0,America/Los_Angeles,2010,9,13
2010-09-14,62,Moderate,PM2.5,21,Los Angeles,California,34.1141,-118.4068,12531334.0,3267.0,America/Los_Angeles,2010,9,14
2010-09-15,84,Moderate,Ozone,20,Los Angeles,California,34.1141,-118.4068,12531334.0,3267.0,America/Los_Angeles,2010,9,15
2010-09-16,133,Unhealthy for Sensitive Groups,Ozone,20,Los Angeles,California,34.1141,-118.4068,12531334.0,3267.0,America/Los_Angeles,2010,9,16
2010-09-17,105,Unhealthy for Sensitive Groups,Ozone,21,Los Angeles,California,34.1141,-118.4068,12531334.0,3267.0,America/Los_Angeles,2010,9,17
2010-09-18,129,Unhealthy for Sensitive Groups,Ozone,20,Los Angeles,California,34.1141,-118.4068,12531334.0,3267.0,America/Los_Angeles,2010,9,18
2010-09-19,105,Unhealthy for Sensitive Groups,Ozone,20,Los Angeles,California,34.1141,-118.4068,12531334.0,3267.0,America/Los_Angeles,2010,9,19
2010-09-20,93,Moderate,Ozone,21,Los Angeles,California,34.1141,-118.4068,12531334.0,3267.0,America/Los_Angeles,2010,9,20
2010-09-21,113,Unhealthy for Sensitive Groups,PM2.5,20,Los Angeles,California,34.1141,-118.4068,12531334.0,3267.0,America/Los_Angeles,2010,9,21
2010-09-22,74,Moderate,PM2.5,20,Los Angeles,California,34.1141,-118.4068,12531334.0,3267.0,America/Los_Angeles,2010,9,22
2010-09-23,74,Moderate,Ozone,21,Los Angeles,California,34.1141,-118.4068,12531334.0,3267.0,America/Los_Angeles,2010,9,23
2010-09-24,112,Unhealthy for Sensitive Groups,Ozone,20,Los Angeles,California,34.1141,-118.4068,12531334.0,3267.0,America/Los_Angeles,2010,9,24
2010-09-25,151,Unhealthy,Ozone,19,Los Angeles,California,34.1141,-118.4068,12531334.0,3267.0,America/Los_Angeles,2010,9,25
2010-09-26,177,Unhealthy,Ozone,21,Los Angeles,California,34.1141,-118.4068,12531334.0,3267.0,America/Los_Angeles,2010,9,26
2010-09-27,119,Unhealthy for Sensitive Groups,PM2.5,19,Los Angeles,California,34.1141,-118.4068,12531334.0,3267.0,America/Los_Angeles,2010,9,27
2010-09-28,101,Unhealthy for Sensitive Groups,Ozone,19,Los Angeles,California,34.1141,-118.4068,12531334.0,3267.0,America/Los_Angeles,2010,9,28
2010-09-29,147,Unhealthy for Sensitive Groups,Ozone,21,Los Angeles,California,34.1141,-118.4068,12531334.0,3267.0,America/Los_Angeles,2010,9,29
2010-09-30,115,Unhealthy for Sensitive Groups,Ozone,20,Los Angeles,California,34.1141,-118.4068,12531334.0,3267.0,America/Los_Angeles,2010,9,30
2010-10-01,100,Moderate,Ozone,20,Los Angeles,California,34.1141,-118.4068,12531334.0,3267.0,America/Los_Angeles,2010,10,1
2010-10-02,87,Moderate,Ozone,21,Los Angeles,California,34.1141,-118.4068,12531334.0,3267.0,America/Los_Angeles,2010,10,2
2010-10-03,87,Moderate,Ozone,20,Los Angeles,California,34.1141,-118.4068,12531334.0,3267.0,America/Los_Angeles,2010,10,3
2010-10-04,57,Moderate,PM2.5,20,Los Angeles,California,34.1141,-118.4068,12531334.0,3267.0,America/Los_Angeles,2010,10,4
2010-10-05,55,Moderate,PM2.5,21,Los Angeles,California,34.1141,-118.4068,12531334.0,3267.0,America/Los_Angeles,2010,10,5
2010-10-06,60,Moderate,PM2.5,20,Los Angeles,California,34.1141,-118.4068,12531334.0,3267.0,America/Los_Angeles,2010,10,6
2010-10-07,67,Moderate,PM2.5,20,Los Angeles,California,34.1141,-118.4068,12531334.0,3267.0,America/Los_Angeles,2010,10,7
2010-10-08,64,Moderate,PM2.5,21,Los Angeles,California,34.1141,-118.4068,12531334.0,3267.0,America/Los_Angeles,2010,10,8
2010-10-09,84,Moderate,Ozone,20,Los Angeles,California,34.1141,-118.4068,12531334.0,3267.0,America/Los_Angeles,2010,10,9
2010-10-10,105,Unhealthy for Sensitive Groups,Ozone,20,Los Angeles,California,34.1141,-118.4068,12531334.0,3267.0,America/Los_Angeles,2010,10,10
2010-10-11,80,Moderate,PM2.5,21,Los Angeles,California,34.1141,-118.4068,12531334.0,3267.0,America/Los_Angeles,2010,10,11
2010-10-12,111,Unhealthy for Sensitive Groups,PM2.5,20,Los Angeles,California,34.1141,-118.4068,12531334.0,3267.0,America/Los_Angeles,2010,10,12
2010-10-13,96,Moderate,PM2.5,20,Los Angeles,California,34.1141,-118.4068,12531334.0,3267.0,America/Los_Angeles,2010,10,13
2010-10-14,138,Unhealthy for Sensitive Groups,PM2.5,21,Los Angeles,California,34.1141,-118.4068,12531334.0,3267.0,America/Los_Angeles,2010,10,14
2010-10-15,137,Unhealthy for Sensitive Groups,PM2.5,20,Los Angeles,California,34.1141,-118.4068,12531334.0,3267.0,America/Los_Angeles,2010,10,15
2010-10-16,128,Unhealthy for Sensitive Groups,PM2.5,20,Los Angeles,California,34.1141,-118.4068,12531334.0,3267.0,America/Los_Angeles,2010,10,16
2010-10-17,61,Moderate,PM2.5,21,Los Angeles,California,34.1141,-118.4068,12531334.0,3267.0,America/Los_Angeles,2010,10,17
2010-10-18,66,Moderate,PM2.5,20,Los Angeles,California,34.1141,-118.4068,12531334.0,3267.0,America/Los_Angeles,2010,10,18
2010-10-19,68,Moderate,PM2.5,20,Los Angeles,California,34.1141,-118.4068,12531334.0,3267.0,America/Los_Angeles,2010,10,19
2010-10-20,62,Moderate,PM2.5,21,Los Angeles,California,34.1141,-118.4068,12531334.0,3267.0,America/Los_Angeles,2010,10,20
2010-10-21,60,Moderate,PM2.5,20,Los Angeles,California,34.1141,-118.4068,12531334.0,3267.0,America/Los_Angeles,2010,10,21
2010-10-22,58,Moderate,PM2.5,20,Los Angeles,California,34.1141,-118.4068,12531334.0,3267.0,America/Los_Angeles,2010,10,22
2010-10-23,66,Moderate,PM2.5,21,Los Angeles,California,34.1141,-118.4068,12531334.0,3267.0,America/Los_Angeles,2010,10,23
2010-10-24,65,Moderate,PM2.5,20,Los Angeles,California,34.1141,-118.4068,12531334.0,3267.0,America/Los_Angeles,2010,10,24
2010-10-25,55,Moderate,PM2.5,20,Los Angeles,California,34.1141,-118.4068,12531334.0,3267.0,America/Los_Angeles,2010,10,25
2010-10-26,55,Moderate,PM2.5,21,Los Angeles,California,34.1141,-118.4068,12531334.0,3267.0,America/Los_Angeles,2010,10,26
2010-10-27,55,Moderate,NO2,20,Los Angeles,California,34.1141,-118.4068,12531334.0,3267.0,America/Los_Angeles,2010,10,27
2010-10-28,58,Moderate,NO2,19,Los Angeles,California,34.1141,-118.4068,12531334.0,3267.0,America/Los_Angeles,2010,10,28
2010-10-29,67,Moderate,NO2,21,Los Angeles,California,34.1141,-118.4068,12531334.0,3267.0,America/Los_Angeles,2010,10,29
2010-10-30,58,Moderate,PM2.5,20,Los Angeles,California,34.1141,-118.4068,12531334.0,3267.0,America/Los_Angeles,2010,10,30
2010-10-31,65,Moderate,PM2.5,20,Los Angeles,California,34.1141,-118.4068,12531334.0,3267.0,America/Los_Angeles,2010,10,31
2010-11-01,68,Moderate,NO2,21,Los Angeles,California,34.1141,-118.4068,12531334.0,3267.0,America/Los_Angeles,2010,11,1
2010-11-02,80,Moderate,NO2,20,Los Angeles,California,34.1141,-118.4068,12531334.0,3267.0,America/Los_Angeles,2010,11,2
2010-11-03,71,Moderate,NO2,20,Los Angeles,California,34.1141,-118.4068,12531334.0,3267.0,America/Los_Angeles,2010,11,3
2010-11-04,70,Moderate,NO2,21,Los Angeles,California,34.1141,-118.4068,12531334.0,3267.0,America/Los_Angeles,2010,11,4
2010-11-05,68,Moderate,NO2,20,Los Angeles,California,34.1141,-118.4068,12531334.0,3267.0,America/Los_Angeles,2010,11,5
2010-11-06,64,Moderate,PM2.5,20,Los Angeles,California,34.1141,-118.4068,12531334.0,3267.0,America/Los_Angeles,2010,11,6
2010-11-07,60,Moderate,PM2.5,21,Los Angeles,California,34.1141,-118.4068,12531334.0,3267.0,America/Los_Angeles,2010,11,7
2010-11-08,49,Good,PM2.5,20,Los Angeles,California,34.1141,-118.4068,12531334.0,3267.0,America/Los_Angeles,2010,11,8
2010-11-09,53,Moderate,PM2.5,20,Los Angeles,California,34.1141,-118.4068,12531334.0,3267.0,America/Los_Angeles,2010,11,9
2010-11-10,54,Moderate,PM2.5,21,Los Angeles,California,34.1141,-118.4068,12531334.0,3267.0,America/Los_Angeles,2010,11,10
2010-11-11,54,Moderate,NO2,20,Los Angeles,California,34.1141,-118.4068,12531334.0,3267.0,America/Los_Angeles,2010,11,11
2010-11-12,58,Moderate,NO2,20,Los Angeles,California,34.1141,-118.4068,12531334.0,3267.0,America/Los_Angeles,2010,11,12
2010-11-13,66,Moderate,PM2.5,21,Los Angeles,California,34.1141,-118.4068,12531334.0,3267.0,America/Los_Angeles,2010,11,13
2010-11-14,54,Moderate,NO2,20,Los Angeles,California,34.1141,-118.4068,12531334.0,3267.0,America/Los_Angeles,2010,11,14
2010-11-15,62,Moderate,PM2.5,20,Los Angeles,California,34.1141,-118.4068,12531334.0,3267.0,America/Los_Angeles,2010,11,15
2010-11-16,91,Moderate,PM2.5,21,Los Angeles,California,34.1141,-118.4068,12531334.0,3267.0,America/Los_Angeles,2010,11,16
2010-11-17,133,Unhealthy for Sensitive Groups,PM2.5,20,Los Angeles,California,34.1141,-118.4068,12531334.0,3267.0,America/Los_Angeles,2010,11,17
2010-11-18,116,Unhealthy for Sensitive Groups,PM2.5,20,Los Angeles,California,34.1141,-118.4068,12531334.0,3267.0,America/Los_Angeles,2010,11,18
2010-11-19,86,Moderate,PM2.5,21,Los Angeles,California,34.1141,-118.4068,12531334.0,3267.0,America/Los_Angeles,2010,11,19
2010-11-20,46,Good,PM2.5,20,Los Angeles,California,34.1141,-118.4068,12531334.0,3267.0,America/Los_Angeles,2010,11,20
2010-11-21,65,Moderate,PM2.5,20,Los Angeles,California,34.1141,-118.4068,12531334.0,3267.0,America/Los_Angeles,2010,11,21
2010-11-22,67,Moderate,PM2.5,21,Los Angeles,California,34.1141,-118.4068,12531334.0,3267.0,America/Los_Angeles,2010,11,22
2010-11-23,60,Moderate,PM2.5,20,Los Angeles,California,34.1141,-118.4068,12531334.0,3267.0,America/Los_Angeles,2010,11,23
2010-11-24,51,Moderate,PM2.5,19,Los Angeles,California,34.1141,-118.4068,12531334.0,3267.0,America/Los_Angeles,2010,11,24
2010-11-25,83,Moderate,PM2.5,20,Los Angeles,California,34.1141,-118.4068,12531334.0,3267.0,America/Los_Angeles,2010,11,25
2010-11-26,64,Moderate,PM2.5,19,Los Angeles,California,34.1141,-118.4068,12531334.0,3267.0,America/Los_Angeles,2010,11,26
2010-11-27,68,Moderate,PM2.5,19,Los Angeles,California,34.1141,-118.4068,12531334.0,3267.0,America/Los_Angeles,2010,11,27
2010-11-28,40,Good,Ozone,20,Los Angeles,California,34.1141,-118.4068,12531334.0,3267.0,America/Los_Angeles,2010,11,28
2010-11-29,54,Moderate,NO2,19,Los Angeles,California,34.1141,-118.4068,12531334.0,3267.0,America/Los_Angeles,2010,11,29
2010-11-30,58,Moderate,PM2.5,19,Los Angeles,California,34.1141,-118.4068,12531334.0,3267.0,America/Los_Angeles,2010,11,30
2010-12-01,55,Moderate,PM2.5,19,Los Angeles,California,34.1141,-118.4068,12531334.0,3267.0,America/Los_Angeles,2010,12,1
2010-12-02,75,Moderate,PM2.5,20,Los Angeles,California,34.1141,-118.4068,12531334.0,3267.0,America/Los_Angeles,2010,12,2
2010-12-03,109,Unhealthy for Sensitive Groups,PM2.5,19,Los Angeles,California,34.1141,-118.4068,12531334.0,3267.0,America/Los_Angeles,2010,12,3
2010-12-04,125,Unhealthy for Sensitive Groups,PM2.5,20,Los Angeles,California,34.1141,-118.4068,12531334.0,3267.0,America/Los_Angeles,2010,12,4
2010-12-05,112,Unhealthy for Sensitive Groups,PM2.5,19,Los Angeles,California,34.1141,-118.4068,12531334.0,3267.0,America/Los_Angeles,2010,12,5
2010-12-06,68,Moderate,PM2.5,19,Los Angeles,California,34.1141,-118.4068,12531334.0,3267.0,America/Los_Angeles,2010,12,6
2010-12-07,82,Moderate,PM2.5,21,Los Angeles,California,34.1141,-118.4068,12531334.0,3267.0,America/Los_Angeles,2010,12,7
2010-12-08,78,Moderate,PM2.5,19,Los Angeles,California,34.1141,-118.4068,12531334.0,3267.0,America/Los_Angeles,2010,12,8
2010-12-09,94,Moderate,PM2.5,19,Los Angeles,California,34.1141,-118.4068,12531334.0,3267.0,America/Los_Angeles,2010,12,9
2010-12-10,100,Moderate,PM2.5,20,Los Angeles,California,34.1141,-118.4068,12531334.0,3267.0,America/Los_Angeles,2010,12,10
2010-12-11,73,Moderate,PM2.5,19,Los Angeles,California,34.1141,-118.4068,12531334.0,3267.0,America/Los_Angeles,2010,12,11
2010-12-12,55,Moderate,NO2,19,Los Angeles,California,34.1141,-118.4068,12531334.0,3267.0,America/Los_Angeles,2010,12,12
2010-12-13,67,Moderate,NO2,20,Los Angeles,California,34.1141,-118.4068,12531334.0,3267.0,America/Los_Angeles,2010,12,13
2010-12-14,99,Moderate,PM2.5,20,Los Angeles,California,34.1141,-118.4068,12531334.0,3267.0,America/Los_Angeles,2010,12,14
2010-12-15,76,Moderate,PM2.5,20,Los Angeles,California,34.1141,-118.4068,12531334.0,3267.0,America/Los_Angeles,2010,12,15
2010-12-16,55,Moderate,PM2.5,21,Los Angeles,California,34.1141,-118.4068,12531334.0,3267.0,America/Los_Angeles,2010,12,16
2010-12-17,55,Moderate,PM2.5,20,Los Angeles,California,34.1141,-118.4068,12531334.0,3267.0,America/Los_Angeles,2010,12,17
2010-12-18,52,Moderate,PM2.5,20,Los Angeles,California,34.1141,-118.4068,12531334.0,3267.0,America/Los_Angeles,2010,12,18
2010-12-19,41,Good,PM2.5,21,Los Angeles,California,34.1141,-118.4068,12531334.0,3267.0,America/Los_Angeles,2010,12,19
2010-12-20,45,Good,PM2.5,20,Los Angeles,California,34.1141,-118.4068,12531334.0,3267.0,America/Los_Angeles,2010,12,20
2010-12-21,53,Moderate,PM2.5,20,Los Angeles,California,34.1141,-118.4068,12531334.0,3267.0,America/Los_Angeles,2010,12,21
2010-12-22,42,Good,NO2,20,Los Angeles,California,34.1141,-118.4068,12531334.0,3267.0,America/Los_Angeles,2010,12,22
2010-12-23,71,Moderate,PM2.5,19,Los Angeles,California,34.1141,-118.4068,12531334.0,3267.0,America/Los_Angeles,2010,12,23
2010-12-24,80,Moderate,PM2.5,19,Los Angeles,California,34.1141,-118.4068,12531334.0,3267.0,America/Los_Angeles,2010,12,24
2010-12-25,111,Unhealthy for Sensitive Groups,PM2.5,20,Los Angeles,California,34.1141,-118.4068,12531334.0,3267.0,America/Los_Angeles,2010,12,25
2010-12-26,45,Good,PM2.5,19,Los Angeles,California,34.1141,-118.4068,12531334.0,3267.0,America/Los_Angeles,2010,12,26
2010-12-27,61,Moderate,PM2.5,19,Los Angeles,California,34.1141,-118.4068,12531334.0,3267.0,America/Los_Angeles,2010,12,27
2010-12-28,60,Moderate,PM2.5,20,Los Angeles,California,34.1141,-118.4068,12531334.0,3267.0,America/Los_Angeles,2010,12,28
2010-12-29,53,Moderate,PM2.5,19,Los Angeles,California,34.1141,-118.4068,12531334.0,3267.0,America/Los_Angeles,2010,12,29
2010-12-30,47,Good,PM2.5,19,Los Angeles,California,34.1141,-118.4068,12531334.0,3267.0,America/Los_Angeles,2010,12,30
2010-12-31,98,Moderate,PM2.5,20,Los Angeles,California,34.1141,-118.4068,12531334.0,3267.0,America/Los_Angeles,2010,12,31
2011-01-01,99,Moderate,PM2.5,20,Los Angeles,California,34.1141,-118.4068,12531334.0,3267.0,America/Los_Angeles,2011,1,1
2011-01-02,64,Moderate,PM2.5,20,Los Angeles,California,34.1141,-118.4068,12531334.0,3267.0,America/Los_Angeles,2011,1,2
2011-01-03,44,Good,PM2.5,21,Los Angeles,California,34.1141,-118.4068,12531334.0,3267.0,America/Los_Angeles,2011,1,3
2011-01-04,52,Moderate,NO2,20,Los Angeles,California,34.1141,-118.4068,12531334.0,3267.0,America/Los_Angeles,2011,1,4
2011-01-05,58,Moderate,PM2.5,20,Los Angeles,California,34.1141,-118.4068,12531334.0,3267.0,America/Los_Angeles,2011,1,5
2011-01-06,60,Moderate,NO2,21,Los Angeles,California,34.1141,-118.4068,12531334.0,3267.0,America/Los_Angeles,2011,1,6
2011-01-07,81,Moderate,PM2.5,20,Los Angeles,California,34.1141,-118.4068,12531334.0,3267.0,America/Los_Angeles,2011,1,7
2011-01-08,93,Moderate,PM2.5,20,Los Angeles,California,34.1141,-118.4068,12531334.0,3267.0,America/Los_Angeles,2011,1,8
2011-01-09,101,Unhealthy for Sensitive Groups,NO2,21,Los Angeles,California,34.1141,-118.4068,12531334.0,3267.0,America/Los_Angeles,2011,1,9
2011-01-10,83,Moderate,PM2.5,20,Los Angeles,California,34.1141,-118.4068,12531334.0,3267.0,America/Los_Angeles,2011,1,10
2011-01-11,48,Good,NO2,20,Los Angeles,California,34.1141,-118.4068,12531334.0,3267.0,America/Los_Angeles,2011,1,11
2011-01-12,56,Moderate,PM2.5,21,Los Angeles,California,34.1141,-118.4068,12531334.0,3267.0,America/Los_Angeles,2011,1,12
2011-01-13,62,Moderate,PM2.5,19,Los Angeles,California,34.1141,-118.4068,12531334.0,3267.0,America/Los_Angeles,2011,1,13
2011-01-14,68,Moderate,NO2,19,Los Angeles,California,34.1141,-118.4068,12531334.0,3267.0,America/Los_Angeles,2011,1,14
2011-01-15,83,Moderate,PM2.5,21,Los Angeles,California,34.1141,-118.4068,12531334.0,3267.0,America/Los_Angeles,2011,1,15
2011-01-16,74,Moderate,PM2.5,19,Los Angeles,California,34.1141,-118.4068,12531334.0,3267.0,America/Los_Angeles,2011,1,16
2011-01-17,97,Moderate,NO2,19,Los Angeles,California,34.1141,-118.4068,12531334.0,3267.0,America/Los_Angeles,2011,1,17
2011-01-18,94,Moderate,PM2.5,20,Los Angeles,California,34.1141,-118.4068,12531334.0,3267.0,America/Los_Angeles,2011,1,18
2011-01-19,118,Unhealthy for Sensitive Groups,PM2.5,19,Los Angeles,California,34.1141,-118.4068,12531334.0,3267.0,America/Los_Angeles,2011,1,19
2011-01-20,80,Moderate,PM2.5,20,Los Angeles,California,34.1141,-118.4068,12531334.0,3267.0,America/Los_Angeles,2011,1,20
2011-01-21,63,Moderate,NO2,21,Los Angeles,California,34.1141,-118.4068,12531334.0,3267.0,America/Los_Angeles,2011,1,21
2011-01-22,82,Moderate,PM2.5,20,Los Angeles,California,34.1141,-118.4068,12531334.0,3267.0,America/Los_Angeles,2011,1,22
2011-01-23,71,Moderate,PM2.5,20,Los Angeles,California,34.1141,-118.4068,12531334.0,3267.0,America/Los_Angeles,2011,1,23
2011-01-24,64,Moderate,PM2.5,20,Los Angeles,California,34.1141,-118.4068,12531334.0,3267.0,America/Los_Angeles,2011,1,24
2011-01-25,88,Moderate,NO2,19,Los Angeles,California,34.1141,-118.4068,12531334.0,3267.0,America/Los_Angeles,2011,1,25
2011-01-26,69,Moderate,NO2,20,Los Angeles,California,34.1141,-118.4068,12531334.0,3267.0,America/Los_Angeles,2011,1,26
2011-01-27,71,Moderate,NO2,21,Los Angeles,California,34.1141,-118.4068,12531334.0,3267.0,America/Los_Angeles,2011,1,27
2011-01-28,60,Moderate,PM2.5,20,Los Angeles,California,34.1141,-118.4068,12531334.0,3267.0,America/Los_Angeles,2011,1,28
2011-01-29,75,Moderate,PM2.5,20,Los Angeles,California,34.1141,-118.4068,12531334.0,3267.0,America/Los_Angeles,2011,1,29
2011-01-30,55,Moderate,PM2.5,21,Los Angeles,California,34.1141,-118.4068,12531334.0,3267.0,America/Los_Angeles,2011,1,30
2011-01-31,53,Moderate,PM2.5,20,Los Angeles,California,34.1141,-118.4068,12531334.0,3267.0,America/Los_Angeles,2011,1,31
2011-02-01,66,Moderate,PM2.5,20,Los Angeles,California,34.1141,-118.4068,12531334.0,3267.0,America/Los_Angeles,2011,2,1
2011-02-02,60,Moderate,PM2.5,21,Los Angeles,California,34.1141,-118.4068,12531334.0,3267.0,America/Los_Angeles,2011,2,2
2011-02-03,56,Moderate,NO2,20,Los Angeles,California,34.1141,-118.4068,12531334.0,3267.0,America/Los_Angeles,2011,2,3
2011-02-04,69,Moderate,PM2.5,20,Los Angeles,California,34.1141,-118.4068,12531334.0,3267.0,America/Los_Angeles,2011,2,4
2011-02-05,98,Moderate,PM2.5,21,Los Angeles,California,34.1141,-118.4068,12531334.0,3267.0,America/Los_Angeles,2011,2,5
2011-02-06,100,Moderate,PM2.5,20,Los Angeles,California,34.1141,-118.4068,12531334.0,3267.0,America/Los_Angeles,2011,2,6
2011-02-07,70,Moderate,PM2.5,20,Los Angeles,California,34.1141,-118.4068,12531334.0,3267.0,America/Los_Angeles,2011,2,7
2011-02-08,75,Moderate,PM2.5,21,Los Angeles,California,34.1141,-118.4068,12531334.0,3267.0,America/Los_Angeles,2011,2,8
2011-02-09,57,Moderate,PM2.5,20,Los Angeles,California,34.1141,-118.4068,12531334.0,3267.0,America/Los_Angeles,2011,2,9
2011-02-10,63,Moderate,NO2,20,Los Angeles,California,34.1141,-118.4068,12531334.0,3267.0,America/Los_Angeles,2011,2,10
2011-02-11,63,Moderate,NO2,21,Los Angeles,California,34.1141,-118.4068,12531334.0,3267.0,America/Los_Angeles,2011,2,11
2011-02-12,55,Moderate,PM2.5,20,Los Angeles,California,34.1141,-118.4068,12531334.0,3267.0,America/Los_Angeles,2011,2,12
2011-02-13,62,Moderate,PM2.5,20,Los Angeles,California,34.1141,-118.4068,12531334.0,3267.0,America/Los_Angeles,2011,2,13
2011-02-14,77,Moderate,PM2.5,21,Los Angeles,California,34.1141,-118.4068,12531334.0,3267.0,America/Los_Angeles,2011,2,14
2011-02-15,65,Moderate,PM2.5,20,Los Angeles,California,34.1141,-118.4068,12531334.0,3267.0,America/Los_Angeles,2011,2,15
2011-02-16,44,Good,Ozone,20,Los Angeles,California,34.1141,-118.4068,12531334.0,3267.0,America/Los_Angeles,2011,2,16
2011-02-17,54,Moderate,PM2.5,20,Los Angeles,California,34.1141,-118.4068,12531334.0,3267.0,America/Los_Angeles,2011,2,17
2011-02-18,55,Moderate,PM2.5,20,Los Angeles,California,34.1141,-118.4068,12531334.0,3267.0,America/Los_Angeles,2011,2,18
2011-02-19,45,Good,Ozone,20,Los Angeles,California,34.1141,-118.4068,12531334.0,3267.0,America/Los_Angeles,2011,2,19
2011-02-20,59,Moderate,PM2.5,21,Los Angeles,California,34.1141,-118.4068,12531334.0,3267.0,America/Los_Angeles,2011,2,20
2011-02-21,67,Moderate,PM2.5,20,Los Angeles,California,34.1141,-118.4068,12531334.0,3267.0,America/Los_Angeles,2011,2,21
2011-02-22,67,Moderate,PM2.5,20,Los Angeles,California,34.1141,-118.4068,12531334.0,3267.0,America/Los_Angeles,2011,2,22
2011-02-23,65,Moderate,PM2.5,21,Los Angeles,California,34.1141,-118.4068,12531334.0,3267.0,America/Los_Angeles,2011,2,23
2011-02-24,62,Moderate,PM2.5,19,Los Angeles,California,34.1141,-118.4068,12531334.0,3267.0,America/Los_Angeles,2011,2,24
2011-02-25,54,Moderate,PM2.5,20,Los Angeles,California,34.1141,-118.4068,12531334.0,3267.0,America/Los_Angeles,2011,2,25
2011-02-26,52,Moderate,PM2.5,21,Los Angeles,California,34.1141,-118.4068,12531334.0,3267.0,America/Los_Angeles,2011,2,26
2011-02-27,53,Moderate,PM2.5,19,Los Angeles,California,34.1141,-118.4068,12531334.0,3267.0,America/Los_Angeles,2011,2,27
2011-02-28,62,Moderate,PM2.5,19,Los Angeles,California,34.1141,-118.4068,12531334.0,3267.0,America/Los_Angeles,2011,2,28
2011-03-01,62,Moderate,PM2.5,20,Los Angeles,California,34.1141,-118.4068,12531334.0,3267.0,America/Los_Angeles,2011,3,1
2011-03-02,62,Moderate,PM2.5,19,Los Angeles,California,34.1141,-118.4068,12531334.0,3267.0,America/Los_Angeles,2011,3,2
2011-03-03,64,Moderate,PM2.5,20,Los Angeles,California,34.1141,-118.4068,12531334.0,3267.0,America/Los_Angeles,2011,3,3
2011-03-04,80,Moderate,PM2.5,21,Los Angeles,California,34.1141,-118.4068,12531334.0,3267.0,America/Los_Angeles,2011,3,4
2011-03-05,53,Moderate,PM2.5,20,Los Angeles,California,34.1141,-118.4068,12531334.0,3267.0,America/Los_Angeles,2011,3,5
2011-03-06,53,Moderate,PM2.5,20,Los Angeles,California,34.1141,-118.4068,12531334.0,3267.0,America/Los_Angeles,2011,3,6
2011-03-07,77,Moderate,Ozone,21,Los Angeles,California,34.1141,-118.4068,12531334.0,3267.0,America/Los_Angeles,2011,3,7
2011-03-08,52,Moderate,PM2.5,20,Los Angeles,California,34.1141,-118.4068,12531334.0,3267.0,America/Los_Angeles,2011,3,8
2011-03-09,55,Moderate,NO2,20,Los Angeles,California,34.1141,-118.4068,12531334.0,3267.0,America/Los_Angeles,2011,3,9
2011-03-10,137,Unhealthy for Sensitive Groups,PM2.5,21,Los Angeles,California,34.1141,-118.4068,12531334.0,3267.0,America/Los_Angeles,2011,3,10
2011-03-11,63,Moderate,PM2.5,20,Los Angeles,California,34.1141,-118.4068,12531334.0,3267.0,America/Los_Angeles,2011,3,11
2011-03-12,69,Moderate,PM2.5,20,Los Angeles,California,34.1141,-118.4068,12531334.0,3267.0,America/Los_Angeles,2011,3,12
2011-03-13,75,Moderate,PM2.5,21,Los Angeles,California,34.1141,-118.4068,12531334.0,3267.0,America/Los_Angeles,2011,3,13
2011-03-14,67,Moderate,PM2.5,20,Los Angeles,California,34.1141,-118.4068,12531334.0,3267.0,America/Los_Angeles,2011,3,14
2011-03-15,58,Moderate,PM2.5,20,Los Angeles,California,34.1141,-118.4068,12531334.0,3267.0,America/Los_Angeles,2011,3,15
2011-03-16,64,Moderate,PM2.5,21,Los Angeles,California,34.1141,-118.4068,12531334.0,3267.0,America/Los_Angeles,2011,3,16
2011-03-17,63,Moderate,PM2.5,20,Los Angeles,California,34.1141,-118.4068,12531334.0,3267.0,America/Los_Angeles,2011,3,17
2011-03-18,60,Moderate,PM2.5,20,Los Angeles,California,34.1141,-118.4068,12531334.0,3267.0,America/Los_Angeles,2011,3,18
2011-03-19,58,Moderate,Ozone,21,Los Angeles,California,34.1141,-118.4068,12531334.0,3267.0,America/Los_Angeles,2011,3,19
2011-03-20,55,Moderate,PM2.5,20,Los Angeles,California,34.1141,-118.4068,12531334.0,3267.0,America/Los_Angeles,2011,3,20
2011-03-21,52,Moderate,NO2,20,Los Angeles,California,34.1141,-118.4068,12531334.0,3267.0,America/Los_Angeles,2011,3,21
2011-03-22,55,Moderate,PM2.5,21,Los Angeles,California,34.1141,-118.4068,12531334.0,3267.0,America/Los_Angeles,2011,3,22
2011-03-23,60,Moderate,PM2.5,20,Los Angeles,California,34.1141,-118.4068,12531334.0,3267.0,America/Los_Angeles,2011,3,23
2011-03-24,60,Moderate,PM2.5,20,Los Angeles,California,34.1141,-118.4068,12531334.0,3267.0,America/Los_Angeles,2011,3,24
2011-03-25,51,Moderate,Ozone,21,Los Angeles,California,34.1141,-118.4068,12531334.0,3267.0,America/Los_Angeles,2011,3,25
2011-03-26,61,Moderate,NO2,20,Los Angeles,California,34.1141,-118.4068,12531334.0,3267.0,America/Los_Angeles,2011,3,26
2011-03-27,49,Good,Ozone,20,Los Angeles,California,34.1141,-118.4068,12531334.0,3267.0,America/Los_Angeles,2011,3,27
2011-03-28,56,Moderate,PM2.5,21,Los Angeles,California,34.1141,-118.4068,12531334.0,3267.0,America/Los_Angeles,2011,3,28
2011-03-29,63,Moderate,PM2.5,20,Los Angeles,California,34.1141,-118.4068,12531334.0,3267.0,America/Los_Angeles,2011,3,29
2011-03-30,62,Moderate,PM2.5,20,Los Angeles,California,34.1141,-118.4068,12531334.0,3267.0,America/Los_Angeles,2011,3,30
2011-03-31,66,Moderate,NO2,21,Los Angeles,California,34.1141,-118.4068,12531334.0,3267.0,America/Los_Angeles,2011,3,31
2011-04-01,101,Unhealthy for Sensitive Groups,Ozone,20,Los Angeles,California,34.1141,-118.4068,12531334.0,3267.0,America/Los_Angeles,2011,4,1
2011-04-02,76,Moderate,PM2.5,20,Los Angeles,California,34.1141,-118.4068,12531334.0,3267.0,America/Los_Angeles,2011,4,2
2011-04-03,56,Moderate,PM2.5,21,Los Angeles,California,34.1141,-118.4068,12531334.0,3267.0,America/Los_Angeles,2011,4,3
2011-04-04,64,Moderate,Ozone,20,Los Angeles,California,34.1141,-118.4068,12531334.0,3267.0,America/Los_Angeles,2011,4,4
2011-04-05,80,Moderate,Ozone,20,Los Angeles,California,34.1141,-118.4068,12531334.0,3267.0,America/Los_Angeles,2011,4,5
2011-04-06,84,Moderate,PM2.5,21,Los Angeles,California,34.1141,-118.4068,12531334.0,3267.0,America/Los_Angeles,2011,4,6
2011-04-07,60,Moderate,PM2.5,20,Los Angeles,California,34.1141,-118.4068,12531334.0,3267.0,America/Los_Angeles,2011,4,7
2011-04-08,50,Good,Ozone,20,Los Angeles,California,34.1141,-118.4068,12531334.0,3267.0,America/Los_Angeles,2011,4,8
2011-04-09,61,Moderate,Ozone,21,Los Angeles,California,34.1141,-118.4068,12531334.0,3267.0,America/Los_Angeles,2011,4,9
2011-04-10,74,Moderate,Ozone,20,Los Angeles,California,34.1141,-118.4068,12531334.0,3267.0,America/Los_Angeles,2011,4,10
2011-04-11,74,Moderate,Ozone,19,Los Angeles,California,34.1141,-118.4068,12531334.0,3267.0,America/Los_Angeles,2011,4,11
2011-04-12,77,Moderate,Ozone,20,Los Angeles,California,34.1141,-118.4068,12531334.0,3267.0,America/Los_Angeles,2011,4,12
2011-04-13,60,Moderate,PM2.5,20,Los Angeles,California,34.1141,-118.4068,12531334.0,3267.0,America/Los_Angeles,2011,4,13
2011-04-14,97,Moderate,Ozone,20,Los Angeles,California,34.1141,-118.4068,12531334.0,3267.0,America/Los_Angeles,2011,4,14
2011-04-15,90,Moderate,Ozone,21,Los Angeles,California,34.1141,-118.4068,12531334.0,3267.0,America/Los_Angeles,2011,4,15
2011-04-16,143,Unhealthy for Sensitive Groups,Ozone,20,Los Angeles,California,34.1141,-118.4068,12531334.0,3267.0,America/Los_Angeles,2011,4,16
2011-04-17,77,Moderate,Ozone,20,Los Angeles,California,34.1141,-118.4068,12531334.0,3267.0,America/Los_Angeles,2011,4,17
2011-04-18,67,Moderate,PM2.5,21,Los Angeles,California,34.1141,-118.4068,12531334.0,3267.0,America/Los_Angeles,2011,4,18
2011-04-19,67,Moderate,PM2.5,20,Los Angeles,California,34.1141,-118.4068,12531334.0,3267.0,America/Los_Angeles,2011,4,19
2011-04-20,62,Moderate,PM2.5,20,Los Angeles,California,34.1141,-118.4068,12531334.0,3267.0,America/Los_Angeles,2011,4,20
2011-04-21,55,Moderate,PM2.5,21,Los Angeles,California,34.1141,-118.4068,12531334.0,3267.0,America/Los_Angeles,2011,4,21
2011-04-22,61,Moderate,Ozone,20,Los Angeles,California,34.1141,-118.4068,12531334.0,3267.0,America/Los_Angeles,2011,4,22
2011-04-23,61,Moderate,PM2.5,20,Los Angeles,California,34.1141,-118.4068,12531334.0,3267.0,America/Los_Angeles,2011,4,23
2011-04-24,45,Good,PM2.5,21,Los Angeles,California,34.1141,-118.4068,12531334.0,3267.0,America/Los_Angeles,2011,4,24
2011-04-25,51,Moderate,PM2.5,20,Los Angeles,California,34.1141,-118.4068,12531334.0,3267.0,America/Los_Angeles,2011,4,25
2011-04-26,71,Moderate,Ozone,20,Los Angeles,California,34.1141,-118.4068,12531334.0,3267.0,America/Los_Angeles,2011,4,26
2011-04-27,87,Moderate,Ozone,21,Los Angeles,California,34.1141,-118.4068,12531334.0,3267.0,America/Los_Angeles,2011,4,27
2011-04-28,64,Moderate,Ozone,20,Los Angeles,California,34.1141,-118.4068,12531334.0,3267.0,America/Los_Angeles,2011,4,28
2011-04-29,80,Moderate,Ozone,20,Los Angeles,California,34.1141,-118.4068,12531334.0,3267.0,America/Los_Angeles,2011,4,29
2011-04-30,77,Moderate,Ozone,21,Los Angeles,California,34.1141,-118.4068,12531334.0,3267.0,America/Los_Angeles,2011,4,30
2011-05-01,71,Moderate,Ozone,20,Los Angeles,California,34.1141,-118.4068,12531334.0,3267.0,America/Los_Angeles,2011,5,1
2011-05-02,71,Moderate,Ozone,20,Los Angeles,California,34.1141,-118.4068,12531334.0,3267.0,America/Los_Angeles,2011,5,2
2011-05-03,105,Unhealthy for Sensitive Groups,Ozone,21,Los Angeles,California,34.1141,-118.4068,12531334.0,3267.0,America/Los_Angeles,2011,5,3
2011-05-04,164,Unhealthy,Ozone,20,Los Angeles,California,34.1141,-118.4068,12531334.0,3267.0,America/Los_Angeles,2011,5,4
2011-05-05,187,Unhealthy,Ozone,20,Los Angeles,California,34.1141,-118.4068,12531334.0,3267.0,America/Los_Angeles,2011,5,5
2011-05-06,161,Unhealthy,Ozone,21,Los Angeles,California,34.1141,-118.4068,12531334.0,3267.0,America/Los_Angeles,2011,5,6
2011-05-07,119,Unhealthy for Sensitive Groups,Ozone,20,Los Angeles,California,34.1141,-118.4068,12531334.0,3267.0,America/Los_Angeles,2011,5,7
2011-05-08,54,Moderate,Ozone,20,Los Angeles,California,34.1141,-118.4068,12531334.0,3267.0,America/Los_Angeles,2011,5,8
2011-05-09,64,Moderate,Ozone,21,Los Angeles,California,34.1141,-118.4068,12531334.0,3267.0,America/Los_Angeles,2011,5,9
2011-05-10,64,Moderate,Ozone,20,Los Angeles,California,34.1141,-118.4068,12531334.0,3267.0,America/Los_Angeles,2011,5,10
2011-05-11,87,Moderate,Ozone,20,Los Angeles,California,34.1141,-118.4068,12531334.0,3267.0,America/Los_Angeles,2011,5,11
2011-05-12,133,Unhealthy for Sensitive Groups,Ozone,21,Los Angeles,California,34.1141,-118.4068,12531334.0,3267.0,America/Los_Angeles,2011,5,12
2011-05-13,133,Unhealthy for Sensitive Groups,Ozone,20,Los Angeles,California,34.1141,-118.4068,12531334.0,3267.0,America/Los_Angeles,2011,5,13
2011-05-14,68,Moderate,PM2.5,20,Los Angeles,California,34.1141,-118.4068,12531334.0,3267.0,America/Los_Angeles,2011,5,14
2011-05-15,54,Moderate,Ozone,21,Los Angeles,California,34.1141,-118.4068,12531334.0,3267.0,America/Los_Angeles,2011,5,15
2011-05-16,48,Good,PM2.5,20,Los Angeles,California,34.1141,-118.4068,12531334.0,3267.0,America/Los_Angeles,2011,5,16
2011-05-17,67,Moderate,Ozone,20,Los Angeles,California,34.1141,-118.4068,12531334.0,3267.0,America/Los_Angeles,2011,5,17
2011-05-18,51,Moderate,PM2.5,21,Los Angeles,California,34.1141,-118.4068,12531334.0,3267.0,America/Los_Angeles,2011,5,18
2011-05-19,58,Moderate,PM2.5,20,Los Angeles,California,34.1141,-118.4068,12531334.0,3267.0,America/Los_Angeles,2011,5,19
2011-05-20,80,Moderate,Ozone,20,Los Angeles,California,34.1141,-118.4068,12531334.0,3267.0,America/Los_Angeles,2011,5,20
2011-05-21,129,Unhealthy for Sensitive Groups,Ozone,21,Los Angeles,California,34.1141,-118.4068,12531334.0,3267.0,America/Los_Angeles,2011,5,21
2011-05-22,77,Moderate,Ozone,19,Los Angeles,California,34.1141,-118.4068,12531334.0,3267.0,America/Los_Angeles,2011,5,22
2011-05-23,64,Moderate,PM2.5,19,Los Angeles,California,34.1141,-118.4068,12531334.0,3267.0,America/Los_Angeles,2011,5,23
2011-05-24,100,Moderate,Ozone,21,Los Angeles,California,34.1141,-118.4068,12531334.0,3267.0,America/Los_Angeles,2011,5,24
2011-05-25,100,Moderate,Ozone,20,Los Angeles,California,34.1141,-118.4068,12531334.0,3267.0,America/Los_Angeles,2011,5,25
2011-05-26,61,Moderate,Ozone,20,Los Angeles,California,34.1141,-118.4068,12531334.0,3267.0,America/Los_Angeles,2011,5,26
2011-05-27,77,Moderate,Ozone,21,Los Angeles,California,34.1141,-118.4068,12531334.0,3267.0,America/Los_Angeles,2011,5,27
2011-05-28,74,Moderate,Ozone,20,Los Angeles,California,34.1141,-118.4068,12531334.0,3267.0,America/Los_Angeles,2011,5,28
2011-05-29,48,Good,Ozone,20,Los Angeles,California,34.1141,-118.4068,12531334.0,3267.0,America/Los_Angeles,2011,5,29
2011-05-30,71,Moderate,Ozone,21,Los Angeles,California,34.1141,-118.4068,12531334.0,3267.0,America/Los_Angeles,2011,5,30
2011-05-31,112,Unhealthy for Sensitive Groups,Ozone,20,Los Angeles,California,34.1141,-118.4068,12531334.0,3267.0,America/Los_Angeles,2011,5,31
2011-06-01,58,Moderate,Ozone,20,Los Angeles,California,34.1141,-118.4068,12531334.0,3267.0,America/Los_Angeles,2011,6,1
2011-06-02,51,Moderate,Ozone,21,Los Angeles,California,34.1141,-118.4068,12531334.0,3267.0,America/Los_Angeles,2011,6,2
2011-06-03,84,Moderate,Ozone,20,Los Angeles,California,34.1141,-118.4068,12531334.0,3267.0,America/Los_Angeles,2011,6,3
2011-06-04,67,Moderate,Ozone,20,Los Angeles,California,34.1141,-118.4068,12531334.0,3267.0,America/Los_Angeles,2011,6,4
2011-06-05,55,Moderate,PM2.5,21,Los Angeles,California,34.1141,-118.4068,12531334.0,3267.0,America/Los_Angeles,2011,6,5
2011-06-06,47,Good,PM2.5,20,Los Angeles,California,34.1141,-118.4068,12531334.0,3267.0,America/Los_Angeles,2011,6,6
2011-06-07,58,Moderate,Ozone,20,Los Angeles,California,34.1141,-118.4068,12531334.0,3267.0,America/Los_Angeles,2011,6,7
2011-06-08,70,Moderate,PM2.5,21,Los Angeles,California,34.1141,-118.4068,12531334.0,3267.0,America/Los_Angeles,2011,6,8
2011-06-09,87,Moderate,Ozone,20,Los Angeles,California,34.1141,-118.4068,12531334.0,3267.0,America/Los_Angeles,2011,6,9
2011-06-10,90,Moderate,Ozone,20,Los Angeles,California,34.1141,-118.4068,12531334.0,3267.0,America/Los_Angeles,2011,6,10
2011-06-11,90,Moderate,Ozone,21,Los Angeles,California,34.1141,-118.4068,12531334.0,3267.0,America/Los_Angeles,2011,6,11
2011-06-12,80,Moderate,Ozone,20,Los Angeles,California,34.1141,-118.4068,12531334.0,3267.0,America/Los_Angeles,2011,6,12
2011-06-13,93,Moderate,Ozone,20,Los Angeles,California,34.1141,-118.4068,12531334.0,3267.0,America/Los_Angeles,2011,6,13
2011-06-14,154,Unhealthy,Ozone,21,Los Angeles,California,34.1141,-118.4068,12531334.0,3267.0,America/Los_Angeles,2011,6,14
2011-06-15,122,Unhealthy for Sensitive Groups,Ozone,20,Los Angeles,California,34.1141,-118.4068,12531334.0,3267.0,America/Los_Angeles,2011,6,15
2011-06-16,80,Moderate,Ozone,20,Los Angeles,California,34.1141,-118.4068,12531334.0,3267.0,America/Los_Angeles,2011,6,16
2011-06-17,84,Moderate,Ozone,21,Los Angeles,California,34.1141,-118.4068,12531334.0,3267.0,America/Los_Angeles,2011,6,17
2011-06-18,100,Moderate,Ozone,20,Los Angeles,California,34.1141,-118.4068,12531334.0,3267.0,America/Los_Angeles,2011,6,18
2011-06-19,80,Moderate,Ozone,20,Los Angeles,California,34.1141,-118.4068,12531334.0,3267.0,America/Los_Angeles,2011,6,19
2011-06-20,143,Unhealthy for Sensitive Groups,Ozone,21,Los Angeles,California,34.1141,-118.4068,12531334.0,3267.0,America/Los_Angeles,2011,6,20
2011-06-21,174,Unhealthy,Ozone,20,Los Angeles,California,34.1141,-118.4068,12531334.0,3267.0,America/Los_Angeles,2011,6,21
2011-06-22,147,Unhealthy for Sensitive Groups,Ozone,20,Los Angeles,California,34.1141,-118.4068,12531334.0,3267.0,America/Los_Angeles,2011,6,22
2011-06-23,115,Unhealthy for Sensitive Groups,Ozone,21,Los Angeles,California,34.1141,-118.4068,12531334.0,3267.0,America/Los_Angeles,2011,6,23
2011-06-24,96,Moderate,PM2.5,20,Los Angeles,California,34.1141,-118.4068,12531334.0,3267.0,America/Los_Angeles,2011,6,24
2011-06-25,151,Unhealthy,Ozone,20,Los Angeles,California,34.1141,-118.4068,12531334.0,3267.0,America/Los_Angeles,2011,6,25
2011-06-26,174,Unhealthy,Ozone,21,Los Angeles,California,34.1141,-118.4068,12531334.0,3267.0,America/Los_Angeles,2011,6,26
2011-06-27,140,Unhealthy for Sensitive Groups,Ozone,20,Los Angeles,California,34.1141,-118.4068,12531334.0,3267.0,America/Los_Angeles,2011,6,27
2011-06-28,93,Moderate,Ozone,20,Los Angeles,California,34.1141,-118.4068,12531334.0,3267.0,America/Los_Angeles,2011,6,28
2011-06-29,62,Moderate,PM2.5,21,Los Angeles,California,34.1141,-118.4068,12531334.0,3267.0,America/Los_Angeles,2011,6,29
2011-06-30,112,Unhealthy for Sensitive Groups,Ozone,20,Los Angeles,California,34.1141,-118.4068,12531334.0,3267.0,America/Los_Angeles,2011,6,30
2011-07-01,185,Unhealthy,Ozone,20,Los Angeles,California,34.1141,-118.4068,12531334.0,3267.0,America/Los_Angeles,2011,7,1
2011-07-02,218,Very Unhealthy,Ozone,21,Los Angeles,California,34.1141,-118.4068,12531334.0,3267.0,America/Los_Angeles,2011,7,2
2011-07-03,202,Very Unhealthy,Ozone,20,Los Angeles,California,34.1141,-118.4068,12531334.0,3267.0,America/Los_Angeles,2011,7,3
2011-07-04,169,Unhealthy,Ozone,20,Los Angeles,California,34.1141,-118.4068,12531334.0,3267.0,America/Los_Angeles,2011,7,4
2011-07-05,171,Unhealthy,PM2.5,20,Los Angeles,California,34.1141,-118.4068,12531334.0,3267.0,America/Los_Angeles,2011,7,5
2011-07-06,126,Unhealthy for Sensitive Groups,Ozone,20,Los Angeles,California,34.1141,-118.4068,12531334.0,3267.0,America/Los_Angeles,2011,7,6
2011-07-07,143,Unhealthy for Sensitive Groups,Ozone,20,Los Angeles,California,34.1141,-118.4068,12531334.0,3267.0,America/Los_Angeles,2011,7,7
2011-07-08,151,Unhealthy,Ozone,21,Los Angeles,California,34.1141,-118.4068,12531334.0,3267.0,America/Los_Angeles,2011,7,8
2011-07-09,122,Unhealthy for Sensitive Groups,Ozone,19,Los Angeles,California,34.1141,-118.4068,12531334.0,3267.0,America/Los_Angeles,2011,7,9
2011-07-10,129,Unhealthy for Sensitive Groups,Ozone,19,Los Angeles,California,34.1141,-118.4068,12531334.0,3267.0,America/Los_Angeles,2011,7,10
2011-07-11,112,Unhealthy for Sensitive Groups,Ozone,20,Los Angeles,California,34.1141,-118.4068,12531334.0,3267.0,America/Los_Angeles,2011,7,11
2011-07-12,105,Unhealthy for Sensitive Groups,Ozone,19,Los Angeles,California,34.1141,-118.4068,12531334.0,3267.0,America/Los_Angeles,2011,7,12
2011-07-13,100,Moderate,Ozone,20,Los Angeles,California,34.1141,-118.4068,12531334.0,3267.0,America/Los_Angeles,2011,7,13
2011-07-14,65,Moderate,PM2.5,20,Los Angeles,California,34.1141,-118.4068,12531334.0,3267.0,America/Los_Angeles,2011,7,14
2011-07-15,84,Moderate,Ozone,20,Los Angeles,California,34.1141,-118.4068,12531334.0,3267.0,America/Los_Angeles,2011,7,15
2011-07-16,93,Moderate,Ozone,20,Los Angeles,California,34.1141,-118.4068,12531334.0,3267.0,America/Los_Angeles,2011,7,16
2011-07-17,133,Unhealthy for Sensitive Groups,Ozone,21,Los Angeles,California,34.1141,-118.4068,12531334.0,3267.0,America/Los_Angeles,2011,7,17
2011-07-18,151,Unhealthy,Ozone,20,Los Angeles,California,34.1141,-118.4068,12531334.0,3267.0,America/Los_Angeles,2011,7,18
2011-07-19,136,Unhealthy for Sensitive Groups,Ozone,19,Los Angeles,California,34.1141,-118.4068,12531334.0,3267.0,America/Los_Angeles,2011,7,19
2011-07-20,115,Unhealthy for Sensitive Groups,Ozone,21,Los Angeles,California,34.1141,-118.4068,12531334.0,3267.0,America/Los_Angeles,2011,7,20
2011-07-21,154,Unhealthy,Ozone,20,Los Angeles,California,34.1141,-118.4068,12531334.0,3267.0,America/Los_Angeles,2011,7,21
2011-07-22,129,Unhealthy for Sensitive Groups,Ozone,20,Los Angeles,California,34.1141,-118.4068,12531334.0,3267.0,America/Los_Angeles,2011,7,22
2011-07-23,147,Unhealthy for Sensitive Groups,Ozone,21,Los Angeles,California,34.1141,-118.4068,12531334.0,3267.0,America/Los_Angeles,2011,7,23
2011-07-24,143,Unhealthy for Sensitive Groups,Ozone,20,Los Angeles,California,34.1141,-118.4068,12531334.0,3267.0,America/Los_Angeles,2011,7,24
2011-07-25,108,Unhealthy for Sensitive Groups,Ozone,20,Los Angeles,California,34.1141,-118.4068,12531334.0,3267.0,America/Los_Angeles,2011,7,25
2011-07-26,60,Moderate,PM2.5,21,Los Angeles,California,34.1141,-118.4068,12531334.0,3267.0,America/Los_Angeles,2011,7,26
2011-07-27,71,Moderate,PM2.5,20,Los Angeles,California,34.1141,-118.4068,12531334.0,3267.0,America/Los_Angeles,2011,7,27
2011-07-28,126,Unhealthy for Sensitive Groups,Ozone,20,Los Angeles,California,34.1141,-118.4068,12531334.0,3267.0,America/Los_Angeles,2011,7,28
2011-07-29,84,Moderate,Ozone,21,Los Angeles,California,34.1141,-118.4068,12531334.0,3267.0,America/Los_Angeles,2011,7,29
2011-07-30,126,Unhealthy for Sensitive Groups,Ozone,20,Los Angeles,California,34.1141,-118.4068,12531334.0,3267.0,America/Los_Angeles,2011,7,30
2011-07-31,74,Moderate,Ozone,20,Los Angeles,California,34.1141,-118.4068,12531334.0,3267.0,America/Los_Angeles,2011,7,31
2011-08-01,122,Unhealthy for Sensitive Groups,Ozone,21,Los Angeles,California,34.1141,-118.4068,12531334.0,3267.0,America/Los_Angeles,2011,8,1
2011-08-02,77,Moderate,Ozone,19,Los Angeles,California,34.1141,-118.4068,12531334.0,3267.0,America/Los_Angeles,2011,8,2
2011-08-03,115,Unhealthy for Sensitive Groups,Ozone,20,Los Angeles,California,34.1141,-118.4068,12531334.0,3267.0,America/Los_Angeles,2011,8,3
2011-08-04,115,Unhealthy for Sensitive Groups,Ozone,21,Los Angeles,California,34.1141,-118.4068,12531334.0,3267.0,America/Los_Angeles,2011,8,4
2011-08-05,100,Moderate,Ozone,20,Los Angeles,California,34.1141,-118.4068,12531334.0,3267.0,America/Los_Angeles,2011,8,5
2011-08-06,136,Unhealthy for Sensitive Groups,Ozone,20,Los Angeles,California,34.1141,-118.4068,12531334.0,3267.0,America/Los_Angeles,2011,8,6
2011-08-07,154,Unhealthy,Ozone,21,Los Angeles,California,34.1141,-118.4068,12531334.0,3267.0,America/Los_Angeles,2011,8,7
2011-08-08,150,Unhealthy for Sensitive Groups,Ozone,20,Los Angeles,California,34.1141,-118.4068,12531334.0,3267.0,America/Los_Angeles,2011,8,8
2011-08-09,159,Unhealthy,Ozone,20,Los Angeles,California,34.1141,-118.4068,12531334.0,3267.0,America/Los_Angeles,2011,8,9
2011-08-10,122,Unhealthy for Sensitive Groups,Ozone,21,Los Angeles,California,34.1141,-118.4068,12531334.0,3267.0,America/Los_Angeles,2011,8,10
2011-08-11,133,Unhealthy for Sensitive Groups,Ozone,20,Los Angeles,California,34.1141,-118.4068,12531334.0,3267.0,America/Los_Angeles,2011,8,11
2011-08-12,172,Unhealthy,Ozone,20,Los Angeles,California,34.1141,-118.4068,12531334.0,3267.0,America/Los_Angeles,2011,8,12
2011-08-13,187,Unhealthy,Ozone,21,Los Angeles,California,34.1141,-118.4068,12531334.0,3267.0,America/Los_Angeles,2011,8,13
2011-08-14,166,Unhealthy,Ozone,20,Los Angeles,California,34.1141,-118.4068,12531334.0,3267.0,America/Los_Angeles,2011,8,14
2011-08-15,190,Unhealthy,Ozone,20,Los Angeles,California,34.1141,-118.4068,12531334.0,3267.0,America/Los_Angeles,2011,8,15
2011-08-16,166,Unhealthy,Ozone,21,Los Angeles,California,34.1141,-118.4068,12531334.0,3267.0,America/Los_Angeles,2011,8,16
2011-08-17,195,Unhealthy,Ozone,20,Los Angeles,California,34.1141,-118.4068,12531334.0,3267.0,America/Los_Angeles,2011,8,17
2011-08-18,172,Unhealthy,Ozone,20,Los Angeles,California,34.1141,-118.4068,12531334.0,3267.0,America/Los_Angeles,2011,8,18
2011-08-19,169,Unhealthy,Ozone,21,Los Angeles,California,34.1141,-118.4068,12531334.0,3267.0,America/Los_Angeles,2011,8,19
2011-08-20,129,Unhealthy for Sensitive Groups,Ozone,20,Los Angeles,California,34.1141,-118.4068,12531334.0,3267.0,America/Los_Angeles,2011,8,20
2011-08-21,140,Unhealthy for Sensitive Groups,Ozone,20,Los Angeles,California,34.1141,-118.4068,12531334.0,3267.0,America/Los_Angeles,2011,8,21
2011-08-22,129,Unhealthy for Sensitive Groups,Ozone,21,Los Angeles,California,34.1141,-118.4068,12531334.0,3267.0,America/Los_Angeles,2011,8,22
2011-08-23,129,Unhealthy for Sensitive Groups,Ozone,20,Los Angeles,California,34.1141,-118.4068,12531334.0,3267.0,America/Los_Angeles,2011,8,23
2011-08-24,150,Unhealthy for Sensitive Groups,Ozone,20,Los Angeles,California,34.1141,-118.4068,12531334.0,3267.0,America/Los_Angeles,2011,8,24
2011-08-25,143,Unhealthy for Sensitive Groups,Ozone,21,Los Angeles,California,34.1141,-118.4068,12531334.0,3267.0,America/Los_Angeles,2011,8,25
2011-08-26,156,Unhealthy,Ozone,20,Los Angeles,California,34.1141,-118.4068,12531334.0,3267.0,America/Los_Angeles,2011,8,26
2011-08-27,172,Unhealthy,Ozone,20,Los Angeles,California,34.1141,-118.4068,12531334.0,3267.0,America/Los_Angeles,2011,8,27
2011-08-28,204,Very Unhealthy,Ozone,21,Los Angeles,California,34.1141,-118.4068,12531334.0,3267.0,America/Los_Angeles,2011,8,28
2011-08-29,179,Unhealthy,Ozone,20,Los Angeles,California,34.1141,-118.4068,12531334.0,3267.0,America/Los_Angeles,2011,8,29
2011-08-30,108,Unhealthy for Sensitive Groups,Ozone,20,Los Angeles,California,34.1141,-118.4068,12531334.0,3267.0,America/Los_Angeles,2011,8,30
2011-08-31,150,Unhealthy for Sensitive Groups,Ozone,21,Los Angeles,California,34.1141,-118.4068,12531334.0,3267.0,America/Los_Angeles,2011,8,31
2011-09-01,93,Moderate,Ozone,20,Los Angeles,California,34.1141,-118.4068,12531334.0,3267.0,America/Los_Angeles,2011,9,1
2011-09-02,129,Unhealthy for Sensitive Groups,Ozone,20,Los Angeles,California,34.1141,-118.4068,12531334.0,3267.0,America/Los_Angeles,2011,9,2
2011-09-03,161,Unhealthy,Ozone,21,Los Angeles,California,34.1141,-118.4068,12531334.0,3267.0,America/Los_Angeles,2011,9,3
2011-09-04,156,Unhealthy,Ozone,20,Los Angeles,California,34.1141,-118.4068,12531334.0,3267.0,America/Los_Angeles,2011,9,4
2011-09-05,150,Unhealthy for Sensitive Groups,Ozone,20,Los Angeles,California,34.1141,-118.4068,12531334.0,3267.0,America/Los_Angeles,2011,9,5
2011-09-06,129,Unhealthy for Sensitive Groups,Ozone,21,Los Angeles,California,34.1141,-118.4068,12531334.0,3267.0,America/Los_Angeles,2011,9,6
2011-09-07,156,Unhealthy,Ozone,20,Los Angeles,California,34.1141,-118.4068,12531334.0,3267.0,America/Los_Angeles,2011,9,7
2011-09-08,154,Unhealthy,Ozone,20,Los Angeles,California,34.1141,-118.4068,12531334.0,3267.0,America/Los_Angeles,2011,9,8
2011-09-09,129,Unhealthy for Sensitive Groups,Ozone,21,Los Angeles,California,34.1141,-118.4068,12531334.0,3267.0,America/Los_Angeles,2011,9,9
2011-09-10,76,Moderate,PM2.5,19,Los Angeles,California,34.1141,-118.4068,12531334.0,3267.0,America/Los_Angeles,2011,9,10
2011-09-11,101,Unhealthy for Sensitive Groups,Ozone,19,Los Angeles,California,34.1141,-118.4068,12531334.0,3267.0,America/Los_Angeles,2011,9,11
2011-09-12,112,Unhealthy for Sensitive Groups,Ozone,20,Los Angeles,California,34.1141,-118.4068,12531334.0,3267.0,America/Los_Angeles,2011,9,12
2011-09-13,68,Moderate,PM2.5,19,Los Angeles,California,34.1141,-118.4068,12531334.0,3267.0,America/Los_Angeles,2011,9,13
2011-09-14,140,Unhealthy for Sensitive Groups,Ozone,19,Los Angeles,California,34.1141,-118.4068,12531334.0,3267.0,America/Los_Angeles,2011,9,14
2011-09-15,143,Unhealthy for Sensitive Groups,Ozone,20,Los Angeles,California,34.1141,-118.4068,12531334.0,3267.0,America/Los_Angeles,2011,9,15
2011-09-16,101,Unhealthy for Sensitive Groups,PM2.5,19,Los Angeles,California,34.1141,-118.4068,12531334.0,3267.0,America/Los_Angeles,2011,9,16
2011-09-17,101,Unhealthy for Sensitive Groups,Ozone,19,Los Angeles,California,34.1141,-118.4068,12531334.0,3267.0,America/Los_Angeles,2011,9,17
2011-09-18,126,Unhealthy for Sensitive Groups,Ozone,20,Los Angeles,California,34.1141,-118.4068,12531334.0,3267.0,America/Los_Angeles,2011,9,18
2011-09-19,119,Unhealthy for Sensitive Groups,Ozone,19,Los Angeles,California,34.1141,-118.4068,12531334.0,3267.0,America/Los_Angeles,2011,9,19
2011-09-20,151,Unhealthy,Ozone,19,Los Angeles,California,34.1141,-118.4068,12531334.0,3267.0,America/Los_Angeles,2011,9,20
2011-09-21,159,Unhealthy,Ozone,21,Los Angeles,California,34.1141,-118.4068,12531334.0,3267.0,America/Los_Angeles,2011,9,21
2011-09-22,122,Unhealthy for Sensitive Groups,PM2.5,20,Los Angeles,California,34.1141,-118.4068,12531334.0,3267.0,America/Los_Angeles,2011,9,22
2011-09-23,103,Unhealthy for Sensitive Groups,PM2.5,20,Los Angeles,California,34.1141,-118.4068,12531334.0,3267.0,America/Los_Angeles,2011,9,23
2011-09-24,107,Unhealthy for Sensitive Groups,PM2.5,22,Los Angeles,California,34.1141,-118.4068,12531334.0,3267.0,America/Los_Angeles,2011,9,24
2011-09-25,92,Moderate,PM2.5,20,Los Angeles,California,34.1141,-118.4068,12531334.0,3267.0,America/Los_Angeles,2011,9,25
2011-09-26,99,Moderate,PM2.5,20,Los Angeles,California,34.1141,-118.4068,12531334.0,3267.0,America/Los_Angeles,2011,9,26
2011-09-27,110,Unhealthy for Sensitive Groups,PM2.5,22,Los Angeles,California,34.1141,-118.4068,12531334.0,3267.0,America/Los_Angeles,2011,9,27
2011-09-28,152,Unhealthy,PM2.5,20,Los Angeles,California,34.1141,-118.4068,12531334.0,3267.0,America/Los_Angeles,2011,9,28
2011-09-29,126,Unhealthy for Sensitive Groups,Ozone,20,Los Angeles,California,34.1141,-118.4068,12531334.0,3267.0,America/Los_Angeles,2011,9,29
2011-09-30,77,Moderate,PM2.5,22,Los Angeles,California,34.1141,-118.4068,12531334.0,3267.0,America/Los_Angeles,2011,9,30
2011-10-01,71,Moderate,PM2.5,20,Los Angeles,California,34.1141,-118.4068,12531334.0,3267.0,America/Los_Angeles,2011,10,1
2011-10-02,61,Moderate,PM2.5,20,Los Angeles,California,34.1141,-118.4068,12531334.0,3267.0,America/Los_Angeles,2011,10,2
2011-10-03,56,Moderate,PM2.5,22,Los Angeles,California,34.1141,-118.4068,12531334.0,3267.0,America/Los_Angeles,2011,10,3
2011-10-04,41,Good,Ozone,20,Los Angeles,California,34.1141,-118.4068,12531334.0,3267.0,America/Los_Angeles,2011,10,4
2011-10-05,40,Good,PM2.5,20,Los Angeles,California,34.1141,-118.4068,12531334.0,3267.0,America/Los_Angeles,2011,10,5
2011-10-06,55,Moderate,PM2.5,22,Los Angeles,California,34.1141,-118.4068,12531334.0,3267.0,America/Los_Angeles,2011,10,6
2011-10-07,52,Moderate,PM2.5,20,Los Angeles,California,34.1141,-118.4068,12531334.0,3267.0,America/Los_Angeles,2011,10,7
2011-10-08,58,Moderate,PM2.5,20,Los Angeles,California,34.1141,-118.4068,12531334.0,3267.0,America/Los_Angeles,2011,10,8
2011-10-09,74,Moderate,Ozone,22,Los Angeles,California,34.1141,-118.4068,12531334.0,3267.0,America/Los_Angeles,2011,10,9
2011-10-10,77,Moderate,Ozone,20,Los Angeles,California,34.1141,-118.4068,12531334.0,3267.0,America/Los_Angeles,2011,10,10
2011-10-11,87,Moderate,PM2.5,20,Los Angeles,California,34.1141,-118.4068,12531334.0,3267.0,America/Los_Angeles,2011,10,11
2011-10-12,71,Moderate,Ozone,22,Los Angeles,California,34.1141,-118.4068,12531334.0,3267.0,America/Los_Angeles,2011,10,12
2011-10-13,100,Moderate,Ozone,20,Los Angeles,California,34.1141,-118.4068,12531334.0,3267.0,America/Los_Angeles,2011,10,13
2011-10-14,119,Unhealthy for Sensitive Groups,Ozone,20,Los Angeles,California,34.1141,-118.4068,12531334.0,3267.0,America/Los_Angeles,2011,10,14
2011-10-15,122,Unhealthy for Sensitive Groups,Ozone,22,Los Angeles,California,34.1141,-118.4068,12531334.0,3267.0,America/Los_Angeles,2011,10,15
2011-10-16,105,Unhealthy for Sensitive Groups,Ozone,20,Los Angeles,California,34.1141,-118.4068,12531334.0,3267.0,America/Los_Angeles,2011,10,16
2011-10-17,95,Moderate,PM2.5,20,Los Angeles,California,34.1141,-118.4068,12531334.0,3267.0,America/Los_Angeles,2011,10,17
2011-10-18,122,Unhealthy for Sensitive Groups,PM2.5,22,Los Angeles,California,34.1141,-118.4068,12531334.0,3267.0,America/Los_Angeles,2011,10,18
2011-10-19,136,Unhealthy for Sensitive Groups,PM2.5,20,Los Angeles,California,34.1141,-118.4068,12531334.0,3267.0,America/Los_Angeles,2011,10,19
2011-10-20,135,Unhealthy for Sensitive Groups,PM2.5,20,Los Angeles,California,34.1141,-118.4068,12531334.0,3267.0,America/Los_Angeles,2011,10,20
2011-10-21,122,Unhealthy for Sensitive Groups,PM2.5,22,Los Angeles,California,34.1141,-118.4068,12531334.0,3267.0,America/Los_Angeles,2011,10,21
2011-10-22,117,Unhealthy for Sensitive Groups,PM2.5,20,Los Angeles,California,34.1141,-118.4068,12531334.0,3267.0,America/Los_Angeles,2011,10,22
2011-10-23,117,Unhealthy for Sensitive Groups,PM2.5,20,Los Angeles,California,34.1141,-118.4068,12531334.0,3267.0,America/Los_Angeles,2011,10,23
2011-10-24,155,Unhealthy,PM2.5,22,Los Angeles,California,34.1141,-118.4068,12531334.0,3267.0,America/Los_Angeles,2011,10,24
2011-10-25,83,Moderate,PM2.5,19,Los Angeles,California,34.1141,-118.4068,12531334.0,3267.0,America/Los_Angeles,2011,10,25
2011-10-26,64,Moderate,PM2.5,19,Los Angeles,California,34.1141,-118.4068,12531334.0,3267.0,America/Los_Angeles,2011,10,26
2011-10-27,70,Moderate,PM2.5,22,Los Angeles,California,34.1141,-118.4068,12531334.0,3267.0,America/Los_Angeles,2011,10,27
2011-10-28,71,Moderate,PM2.5,20,Los Angeles,California,34.1141,-118.4068,12531334.0,3267.0,America/Los_Angeles,2011,10,28
2011-10-29,86,Moderate,PM2.5,20,Los Angeles,California,34.1141,-118.4068,12531334.0,3267.0,America/Los_Angeles,2011,10,29
2011-10-30,104,Unhealthy for Sensitive Groups,PM2.5,22,Los Angeles,California,34.1141,-118.4068,12531334.0,3267.0,America/Los_Angeles,2011,10,30
2011-10-31,108,Unhealthy for Sensitive Groups,PM2.5,20,Los Angeles,California,34.1141,-118.4068,12531334.0,3267.0,America/Los_Angeles,2011,10,31
2011-11-01,158,Unhealthy,PM2.5,20,Los Angeles,California,34.1141,-118.4068,12531334.0,3267.0,America/Los_Angeles,2011,11,1
2011-11-02,81,Moderate,PM2.5,22,Los Angeles,California,34.1141,-118.4068,12531334.0,3267.0,America/Los_Angeles,2011,11,2
2011-11-03,60,Moderate,NO2,20,Los Angeles,California,34.1141,-118.4068,12531334.0,3267.0,America/Los_Angeles,2011,11,3
2011-11-04,43,Good,Ozone,20,Los Angeles,California,34.1141,-118.4068,12531334.0,3267.0,America/Los_Angeles,2011,11,4
2011-11-05,63,Moderate,PM2.5,22,Los Angeles,California,34.1141,-118.4068,12531334.0,3267.0,America/Los_Angeles,2011,11,5
2011-11-06,68,Moderate,PM2.5,20,Los Angeles,California,34.1141,-118.4068,12531334.0,3267.0,America/Los_Angeles,2011,11,6
2011-11-07,62,Moderate,PM2.5,20,Los Angeles,California,34.1141,-118.4068,12531334.0,3267.0,America/Los_Angeles,2011,11,7
2011-11-08,74,Moderate,PM2.5,22,Los Angeles,California,34.1141,-118.4068,12531334.0,3267.0,America/Los_Angeles,2011,11,8
2011-11-09,60,Moderate,PM2.5,20,Los Angeles,California,34.1141,-118.4068,12531334.0,3267.0,America/Los_Angeles,2011,11,9
2011-11-10,89,Moderate,NO2,20,Los Angeles,California,34.1141,-118.4068,12531334.0,3267.0,America/Los_Angeles,2011,11,10
2011-11-11,71,Moderate,PM2.5,22,Los Angeles,California,34.1141,-118.4068,12531334.0,3267.0,America/Los_Angeles,2011,11,11
2011-11-12,56,Moderate,PM2.5,20,Los Angeles,California,34.1141,-118.4068,12531334.0,3267.0,America/Los_Angeles,2011,11,12
2011-11-13,62,Moderate,PM2.5,20,Los Angeles,California,34.1141,-118.4068,12531334.0,3267.0,America/Los_Angeles,2011,11,13
2011-11-14,70,Moderate,PM2.5,22,Los Angeles,California,34.1141,-118.4068,12531334.0,3267.0,America/Los_Angeles,2011,11,14
2011-11-15,82,Moderate,PM2.5,20,Los Angeles,California,34.1141,-118.4068,12531334.0,3267.0,America/Los_Angeles,2011,11,15
2011-11-16,120,Unhealthy for Sensitive Groups,PM2.5,20,Los Angeles,California,34.1141,-118.4068,12531334.0,3267.0,America/Los_Angeles,2011,11,16
2011-11-17,129,Unhealthy for Sensitive Groups,PM2.5,22,Los Angeles,California,34.1141,-118.4068,12531334.0,3267.0,America/Los_Angeles,2011,11,17
2011-11-18,122,Unhealthy for Sensitive Groups,PM2.5,20,Los Angeles,California,34.1141,-118.4068,12531334.0,3267.0,America/Los_Angeles,2011,11,18
2011-11-19,59,Moderate,PM2.5,20,Los Angeles,California,34.1141,-118.4068,12531334.0,3267.0,America/Los_Angeles,2011,11,19
2011-11-20,67,Moderate,PM2.5,22,Los Angeles,California,34.1141,-118.4068,12531334.0,3267.0,America/Los_Angeles,2011,11,20
2011-11-21,64,Moderate,PM2.5,20,Los Angeles,California,34.1141,-118.4068,12531334.0,3267.0,America/Los_Angeles,2011,11,21
2011-11-22,77,Moderate,PM2.5,20,Los Angeles,California,34.1141,-118.4068,12531334.0,3267.0,America/Los_Angeles,2011,11,22
2011-11-23,86,Moderate,PM2.5,22,Los Angeles,California,34.1141,-118.4068,12531334.0,3267.0,America/Los_Angeles,2011,11,23
2011-11-24,82,Moderate,PM2.5,20,Los Angeles,California,34.1141,-118.4068,12531334.0,3267.0,America/Los_Angeles,2011,11,24
2011-11-25,85,Moderate,PM2.5,20,Los Angeles,California,34.1141,-118.4068,12531334.0,3267.0,America/Los_Angeles,2011,11,25
2011-11-26,80,Moderate,PM2.5,22,Los Angeles,California,34.1141,-118.4068,12531334.0,3267.0,America/Los_Angeles,2011,11,26
2011-11-27,53,Moderate,PM2.5,20,Los Angeles,California,34.1141,-118.4068,12531334.0,3267.0,America/Los_Angeles,2011,11,27
2011-11-28,62,Moderate,PM2.5,20,Los Angeles,California,34.1141,-118.4068,12531334.0,3267.0,America/Los_Angeles,2011,11,28
2011-11-29,92,Moderate,PM2.5,22,Los Angeles,California,34.1141,-118.4068,12531334.0,3267.0,America/Los_Angeles,2011,11,29
2011-11-30,88,Moderate,PM2.5,20,Los Angeles,California,34.1141,-118.4068,12531334.0,3267.0,America/Los_Angeles,2011,11,30
2011-12-01,71,Moderate,PM10,20,Los Angeles,California,34.1141,-118.4068,12531334.0,3267.0,America/Los_Angeles,2011,12,1
2011-12-02,68,Moderate,PM2.5,21,Los Angeles,California,34.1141,-118.4068,12531334.0,3267.0,America/Los_Angeles,2011,12,2
2011-12-03,59,Moderate,PM2.5,20,Los Angeles,California,34.1141,-118.4068,12531334.0,3267.0,America/Los_Angeles,2011,12,3
2011-12-04,74,Moderate,PM2.5,20,Los Angeles,California,34.1141,-118.4068,12531334.0,3267.0,America/Los_Angeles,2011,12,4
2011-12-05,68,Moderate,PM2.5,21,Los Angeles,California,34.1141,-118.4068,12531334.0,3267.0,America/Los_Angeles,2011,12,5
2011-12-06,67,Moderate,PM2.5,20,Los Angeles,California,34.1141,-118.4068,12531334.0,3267.0,America/Los_Angeles,2011,12,6
2011-12-07,61,Moderate,PM2.5,20,Los Angeles,California,34.1141,-118.4068,12531334.0,3267.0,America/Los_Angeles,2011,12,7
2011-12-08,83,Moderate,PM2.5,21,Los Angeles,California,34.1141,-118.4068,12531334.0,3267.0,America/Los_Angeles,2011,12,8
2011-12-09,99,Moderate,PM2.5,20,Los Angeles,California,34.1141,-118.4068,12531334.0,3267.0,America/Los_Angeles,2011,12,9
2011-12-10,91,Moderate,PM2.5,20,Los Angeles,California,34.1141,-118.4068,12531334.0,3267.0,America/Los_Angeles,2011,12,10
2011-12-11,91,Moderate,PM2.5,22,Los Angeles,California,34.1141,-118.4068,12531334.0,3267.0,America/Los_Angeles,2011,12,11
2011-12-12,68,Moderate,PM2.5,20,Los Angeles,California,34.1141,-118.4068,12531334.0,3267.0,America/Los_Angeles,2011,12,12
2011-12-13,56,Moderate,PM2.5,20,Los Angeles,California,34.1141,-118.4068,12531334.0,3267.0,America/Los_Angeles,2011,12,13
2011-12-14,80,Moderate,PM2.5,22,Los Angeles,California,34.1141,-118.4068,12531334.0,3267.0,America/Los_Angeles,2011,12,14
2011-12-15,92,Moderate,PM2.5,20,Los Angeles,California,34.1141,-118.4068,12531334.0,3267.0,America/Los_Angeles,2011,12,15
2011-12-16,73,Moderate,NO2,20,Los Angeles,California,34.1141,-118.4068,12531334.0,3267.0,America/Los_Angeles,2011,12,16
2011-12-17,62,Moderate,PM2.5,22,Los Angeles,California,34.1141,-118.4068,12531334.0,3267.0,America/Los_Angeles,2011,12,17
2011-12-18,73,Moderate,PM2.5,20,Los Angeles,California,34.1141,-118.4068,12531334.0,3267.0,America/Los_Angeles,2011,12,18
2011-12-19,77,Moderate,PM2.5,20,Los Angeles,California,34.1141,-118.4068,12531334.0,3267.0,America/Los_Angeles,2011,12,19
2011-12-20,80,Moderate,PM2.5,21,Los Angeles,California,34.1141,-118.4068,12531334.0,3267.0,America/Los_Angeles,2011,12,20
2011-12-21,81,Moderate,PM2.5,20,Los Angeles,California,34.1141,-118.4068,12531334.0,3267.0,America/Los_Angeles,2011,12,21
2011-12-22,64,Moderate,PM2.5,20,Los Angeles,California,34.1141,-118.4068,12531334.0,3267.0,America/Los_Angeles,2011,12,22
2011-12-23,69,Moderate,PM2.5,21,Los Angeles,California,34.1141,-118.4068,12531334.0,3267.0,America/Los_Angeles,2011,12,23
2011-12-24,105,Unhealthy for Sensitive Groups,PM2.5,20,Los Angeles,California,34.1141,-118.4068,12531334.0,3267.0,America/Los_Angeles,2011,12,24
2011-12-25,117,Unhealthy for Sensitive Groups,PM2.5,20,Los Angeles,California,34.1141,-118.4068,12531334.0,3267.0,America/Los_Angeles,2011,12,25
2011-12-26,100,Moderate,PM2.5,22,Los Angeles,California,34.1141,-118.4068,12531334.0,3267.0,America/Los_Angeles,2011,12,26
2011-12-27,100,Moderate,PM2.5,20,Los Angeles,California,34.1141,-118.4068,12531334.0,3267.0,America/Los_Angeles,2011,12,27
2011-12-28,91,Moderate,PM2.5,20,Los Angeles,California,34.1141,-118.4068,12531334.0,3267.0,America/Los_Angeles,2011,12,28
2011-12-29,106,Unhealthy for Sensitive Groups,PM2.5,22,Los Angeles,California,34.1141,-118.4068,12531334.0,3267.0,America/Los_Angeles,2011,12,29
2011-12-30,150,Unhealthy for Sensitive Groups,PM2.5,20,Los Angeles,California,34.1141,-118.4068,12531334.0,3267.0,America/Los_Angeles,2011,12,30
2011-12-31,155,Unhealthy,PM2.5,20,Los Angeles,California,34.1141,-118.4068,12531334.0,3267.0,America/Los_Angeles,2011,12,31
2012-01-01,137,Unhealthy for Sensitive Groups,PM2.5,22,Los Angeles,California,34.1141,-118.4068,12531334.0,3267.0,America/Los_Angeles,2012,1,1
2012-01-02,95,Moderate,PM2.5,20,Los Angeles,California,34.1141,-118.4068,12531334.0,3267.0,America/Los_Angeles,2012,1,2
2012-01-03,84,Moderate,PM2.5,20,Los Angeles,California,34.1141,-118.4068,12531334.0,3267.0,America/Los_Angeles,2012,1,3
2012-01-04,104,Unhealthy for Sensitive Groups,PM2.5,22,Los Angeles,California,34.1141,-118.4068,12531334.0,3267.0,America/Los_Angeles,2012,1,4
2012-01-05,63,Moderate,PM2.5,20,Los Angeles,California,34.1141,-118.4068,12531334.0,3267.0,America/Los_Angeles,2012,1,5
2012-01-06,84,Moderate,PM2.5,20,Los Angeles,California,34.1141,-118.4068,12531334.0,3267.0,America/Los_Angeles,2012,1,6
2012-01-07,114,Unhealthy for Sensitive Groups,PM2.5,22,Los Angeles,California,34.1141,-118.4068,12531334.0,3267.0,America/Los_Angeles,2012,1,7
2012-01-08,84,Moderate,PM2.5,20,Los Angeles,California,34.1141,-118.4068,12531334.0,3267.0,America/Los_Angeles,2012,1,8
2012-01-09,63,Moderate,PM2.5,20,Los Angeles,California,34.1141,-118.4068,12531334.0,3267.0,America/Los_Angeles,2012,1,9
2012-01-10,71,Moderate,PM2.5,22,Los Angeles,California,34.1141,-118.4068,12531334.0,3267.0,America/Los_Angeles,2012,1,10
2012-01-11,89,Moderate,PM2.5,20,Los Angeles,California,34.1141,-118.4068,12531334.0,3267.0,America/Los_Angeles,2012,1,11
2012-01-12,94,Moderate,PM2.5,20,Los Angeles,California,34.1141,-118.4068,12531334.0,3267.0,America/Los_Angeles,2012,1,12
2012-01-13,72,Moderate,NO2,22,Los Angeles,California,34.1141,-118.4068,12531334.0,3267.0,America/Los_Angeles,2012,1,13
2012-01-14,77,Moderate,PM2.5,20,Los Angeles,California,34.1141,-118.4068,12531334.0,3267.0,America/Los_Angeles,2012,1,14
2012-01-15,82,Moderate,PM2.5,20,Los Angeles,California,34.1141,-118.4068,12531334.0,3267.0,America/Los_Angeles,2012,1,15
2012-01-16,65,Moderate,PM2.5,22,Los Angeles,California,34.1141,-118.4068,12531334.0,3267.0,America/Los_Angeles,2012,1,16
2012-01-17,63,Moderate,PM2.5,20,Los Angeles,California,34.1141,-118.4068,12531334.0,3267.0,America/Los_Angeles,2012,1,17
2012-01-18,81,Moderate,PM2.5,20,Los Angeles,California,34.1141,-118.4068,12531334.0,3267.0,America/Los_Angeles,2012,1,18
2012-01-19,91,Moderate,PM2.5,22,Los Angeles,California,34.1141,-118.4068,12531334.0,3267.0,America/Los_Angeles,2012,1,19
2012-01-20,93,Moderate,PM2.5,19,Los Angeles,California,34.1141,-118.4068,12531334.0,3267.0,America/Los_Angeles,2012,1,20
2012-01-21,56,Moderate,PM2.5,20,Los Angeles,California,34.1141,-118.4068,12531334.0,3267.0,America/Los_Angeles,2012,1,21
2012-01-22,72,Moderate,PM2.5,22,Los Angeles,California,34.1141,-118.4068,12531334.0,3267.0,America/Los_Angeles,2012,1,22
2012-01-23,67,Moderate,PM2.5,20,Los Angeles,California,34.1141,-118.4068,12531334.0,3267.0,America/Los_Angeles,2012,1,23
2012-01-24,67,Moderate,PM2.5,20,Los Angeles,California,34.1141,-118.4068,12531334.0,3267.0,America/Los_Angeles,2012,1,24
2012-01-25,59,Moderate,PM2.5,21,Los Angeles,California,34.1141,-118.4068,12531334.0,3267.0,America/Los_Angeles,2012,1,25
2012-01-26,59,Moderate,PM2.5,20,Los Angeles,California,34.1141,-118.4068,12531334.0,3267.0,America/Los_Angeles,2012,1,26
2012-01-27,60,Moderate,PM2.5,20,Los Angeles,California,34.1141,-118.4068,12531334.0,3267.0,America/Los_Angeles,2012,1,27
2012-01-28,67,Moderate,PM2.5,22,Los Angeles,California,34.1141,-118.4068,12531334.0,3267.0,America/Los_Angeles,2012,1,28
2012-01-29,44,Good,NO2,20,Los Angeles,California,34.1141,-118.4068,12531334.0,3267.0,America/Los_Angeles,2012,1,29
2012-01-30,60,Moderate,PM2.5,20,Los Angeles,California,34.1141,-118.4068,12531334.0,3267.0,America/Los_Angeles,2012,1,30
2012-01-31,81,Moderate,PM2.5,22,Los Angeles,California,34.1141,-118.4068,12531334.0,3267.0,America/Los_Angeles,2012,1,31
2012-02-01,94,Moderate,PM2.5,20,Los Angeles,California,34.1141,-118.4068,12531334.0,3267.0,America/Los_Angeles,2012,2,1
2012-02-02,104,Unhealthy for Sensitive Groups,PM2.5,20,Los Angeles,California,34.1141,-118.4068,12531334.0,3267.0,America/Los_Angeles,2012,2,2
2012-02-03,66,Moderate,PM2.5,22,Los Angeles,California,34.1141,-118.4068,12531334.0,3267.0,America/Los_Angeles,2012,2,3
2012-02-04,46,Good,NO2,20,Los Angeles,California,34.1141,-118.4068,12531334.0,3267.0,America/Los_Angeles,2012,2,4
2012-02-05,51,Moderate,PM2.5,20,Los Angeles,California,34.1141,-118.4068,12531334.0,3267.0,America/Los_Angeles,2012,2,5
2012-02-06,59,Moderate,PM2.5,22,Los Angeles,California,34.1141,-118.4068,12531334.0,3267.0,America/Los_Angeles,2012,2,6
2012-02-07,59,Moderate,PM2.5,20,Los Angeles,California,34.1141,-118.4068,12531334.0,3267.0,America/Los_Angeles,2012,2,7
2012-02-08,59,Moderate,PM2.5,20,Los Angeles,California,34.1141,-118.4068,12531334.0,3267.0,America/Los_Angeles,2012,2,8
2012-02-09,53,Moderate,NO2,22,Los Angeles,California,34.1141,-118.4068,12531334.0,3267.0,America/Los_Angeles,2012,2,9
2012-02-10,62,Moderate,PM2.5,20,Los Angeles,California,34.1141,-118.4068,12531334.0,3267.0,America/Los_Angeles,2012,2,10
2012-02-11,63,Moderate,PM2.5,20,Los Angeles,California,34.1141,-118.4068,12531334.0,3267.0,America/Los_Angeles,2012,2,11
2012-02-12,58,Moderate,PM2.5,22,Los Angeles,California,34.1141,-118.4068,12531334.0,3267.0,America/Los_Angeles,2012,2,12
2012-02-13,48,Good,PM2.5,20,Los Angeles,California,34.1141,-118.4068,12531334.0,3267.0,America/Los_Angeles,2012,2,13
2012-02-14,55,Moderate,PM2.5,20,Los Angeles,California,34.1141,-118.4068,12531334.0,3267.0,America/Los_Angeles,2012,2,14
2012-02-15,53,Moderate,PM2.5,22,Los Angeles,California,34.1141,-118.4068,12531334.0,3267.0,America/Los_Angeles,2012,2,15
2012-02-16,57,Moderate,PM2.5,20,Los Angeles,California,34.1141,-118.4068,12531334.0,3267.0,America/Los_Angeles,2012,2,16
2012-02-17,51,Moderate,PM2.5,20,Los Angeles,California,34.1141,-118.4068,12531334.0,3267.0,America/Los_Angeles,2012,2,17
2012-02-18,63,Moderate,PM2.5,22,Los Angeles,California,34.1141,-118.4068,12531334.0,3267.0,America/Los_Angeles,2012,2,18
2012-02-19,67,Moderate,PM2.5,20,Los Angeles,California,34.1141,-118.4068,12531334.0,3267.0,America/Los_Angeles,2012,2,19
2012-02-20,68,Moderate,PM2.5,20,Los Angeles,California,34.1141,-118.4068,12531334.0,3267.0,America/Los_Angeles,2012,2,20
2012-02-21,65,Moderate,PM2.5,22,Los Angeles,California,34.1141,-118.4068,12531334.0,3267.0,America/Los_Angeles,2012,2,21
2012-02-22,63,Moderate,PM2.5,20,Los Angeles,California,34.1141,-118.4068,12531334.0,3267.0,America/Los_Angeles,2012,2,22
2012-02-23,68,Moderate,PM2.5,20,Los Angeles,California,34.1141,-118.4068,12531334.0,3267.0,America/Los_Angeles,2012,2,23
2012-02-24,120,Unhealthy for Sensitive Groups,PM2.5,22,Los Angeles,California,34.1141,-118.4068,12531334.0,3267.0,America/Los_Angeles,2012,2,24
2012-02-25,97,Moderate,PM2.5,20,Los Angeles,California,34.1141,-118.4068,12531334.0,3267.0,America/Los_Angeles,2012,2,25
2012-02-26,96,Moderate,PM2.5,20,Los Angeles,California,34.1141,-118.4068,12531334.0,3267.0,America/Los_Angeles,2012,2,26
2012-02-27,54,Moderate,PM2.5,22,Los Angeles,California,34.1141,-118.4068,12531334.0,3267.0,America/Los_Angeles,2012,2,27
2012-02-28,53,Moderate,PM2.5,20,Los Angeles,California,34.1141,-118.4068,12531334.0,3267.0,America/Los_Angeles,2012,2,28
2012-02-29,59,Moderate,PM2.5,20,Los Angeles,California,34.1141,-118.4068,12531334.0,3267.0,America/Los_Angeles,2012,2,29
2012-03-01,54,Moderate,PM2.5,22,Los Angeles,California,34.1141,-118.4068,12531334.0,3267.0,America/Los_Angeles,2012,3,1
2012-03-02,54,Moderate,PM2.5,20,Los Angeles,California,34.1141,-118.4068,12531334.0,3267.0,America/Los_Angeles,2012,3,2
2012-03-03,50,Good,NO2,20,Los Angeles,California,34.1141,-118.4068,12531334.0,3267.0,America/Los_Angeles,2012,3,3
2012-03-04,58,Moderate,NO2,22,Los Angeles,California,34.1141,-118.4068,12531334.0,3267.0,America/Los_Angeles,2012,3,4
2012-03-05,58,Moderate,PM2.5,20,Los Angeles,California,34.1141,-118.4068,12531334.0,3267.0,America/Los_Angeles,2012,3,5
2012-03-06,64,Moderate,PM2.5,20,Los Angeles,California,34.1141,-118.4068,12531334.0,3267.0,America/Los_Angeles,2012,3,6
2012-03-07,46,Good,Ozone,22,Los Angeles,California,34.1141,-118.4068,12531334.0,3267.0,America/Los_Angeles,2012,3,7
2012-03-08,57,Moderate,NO2,20,Los Angeles,California,34.1141,-118.4068,12531334.0,3267.0,America/Los_Angeles,2012,3,8
2012-03-09,63,Moderate,NO2,20,Los Angeles,California,34.1141,-118.4068,12531334.0,3267.0,America/Los_Angeles,2012,3,9
2012-03-10,74,Moderate,Ozone,22,Los Angeles,California,34.1141,-118.4068,12531334.0,3267.0,America/Los_Angeles,2012,3,10
2012-03-11,64,Moderate,Ozone,20,Los Angeles,California,34.1141,-118.4068,12531334.0,3267.0,America/Los_Angeles,2012,3,11
2012-03-12,65,Moderate,PM2.5,20,Los Angeles,California,34.1141,-118.4068,12531334.0,3267.0,America/Los_Angeles,2012,3,12
2012-03-13,71,Moderate,PM2.5,22,Los Angeles,California,34.1141,-118.4068,12531334.0,3267.0,America/Los_Angeles,2012,3,13
2012-03-14,66,Moderate,PM2.5,20,Los Angeles,California,34.1141,-118.4068,12531334.0,3267.0,America/Los_Angeles,2012,3,14
2012-03-15,70,Moderate,PM2.5,20,Los Angeles,California,34.1141,-118.4068,12531334.0,3267.0,America/Los_Angeles,2012,3,15
2012-03-16,74,Moderate,PM2.5,22,Los Angeles,California,34.1141,-118.4068,12531334.0,3267.0,America/Los_Angeles,2012,3,16
2012-03-17,44,Good,Ozone,20,Los Angeles,California,34.1141,-118.4068,12531334.0,3267.0,America/Los_Angeles,2012,3,17
2012-03-18,43,Good,Ozone,20,Los Angeles,California,34.1141,-118.4068,12531334.0,3267.0,America/Los_Angeles,2012,3,18
2012-03-19,49,Good,Ozone,22,Los Angeles,California,34.1141,-118.4068,12531334.0,3267.0,America/Los_Angeles,2012,3,19
2012-03-20,67,Moderate,PM2.5,20,Los Angeles,California,34.1141,-118.4068,12531334.0,3267.0,America/Los_Angeles,2012,3,20
2012-03-21,72,Moderate,PM2.5,20,Los Angeles,California,34.1141,-118.4068,12531334.0,3267.0,America/Los_Angeles,2012,3,21
2012-03-22,86,Moderate,PM2.5,22,Los Angeles,California,34.1141,-118.4068,12531334.0,3267.0,America/Los_Angeles,2012,3,22
2012-03-23,77,Moderate,PM2.5,20,Los Angeles,California,34.1141,-118.4068,12531334.0,3267.0,America/Los_Angeles,2012,3,23
2012-03-24,62,Moderate,PM2.5,20,Los Angeles,California,34.1141,-118.4068,12531334.0,3267.0,America/Los_Angeles,2012,3,24
2012-03-25,46,Good,Ozone,22,Los Angeles,California,34.1141,-118.4068,12531334.0,3267.0,America/Los_Angeles,2012,3,25
2012-03-26,49,Good,Ozone,20,Los Angeles,California,34.1141,-118.4068,12531334.0,3267.0,America/Los_Angeles,2012,3,26
2012-03-27,54,Moderate,PM2.5,20,Los Angeles,California,34.1141,-118.4068,12531334.0,3267.0,America/Los_Angeles,2012,3,27
2012-03-28,58,Moderate,PM10,22,Los Angeles,California,34.1141,-118.4068,12531334.0,3267.0,America/Los_Angeles,2012,3,28
2012-03-29,89,Moderate,PM2.5,20,Los Angeles,California,34.1141,-118.4068,12531334.0,3267.0,America/Los_Angeles,2012,3,29
2012-03-30,123,Unhealthy for Sensitive Groups,PM2.5,20,Los Angeles,California,34.1141,-118.4068,12531334.0,3267.0,America/Los_Angeles,2012,3,30
2012-03-31,70,Moderate,PM2.5,22,Los Angeles,California,34.1141,-118.4068,12531334.0,3267.0,America/Los_Angeles,2012,3,31
2012-04-01,66,Moderate,PM10,20,Los Angeles,California,34.1141,-118.4068,12531334.0,3267.0,America/Los_Angeles,2012,4,1
2012-04-02,50,Good,Ozone,19,Los Angeles,California,34.1141,-118.4068,12531334.0,3267.0,America/Los_Angeles,2012,4,2
2012-04-03,67,Moderate,Ozone,21,Los Angeles,California,34.1141,-118.4068,12531334.0,3267.0,America/Los_Angeles,2012,4,3
2012-04-04,63,Moderate,PM2.5,19,Los Angeles,California,34.1141,-118.4068,12531334.0,3267.0,America/Los_Angeles,2012,4,4
2012-04-05,62,Moderate,PM2.5,19,Los Angeles,California,34.1141,-118.4068,12531334.0,3267.0,America/Los_Angeles,2012,4,5
2012-04-06,61,Moderate,Ozone,21,Los Angeles,California,34.1141,-118.4068,12531334.0,3267.0,America/Los_Angeles,2012,4,6
2012-04-07,93,Moderate,Ozone,19,Los Angeles,California,34.1141,-118.4068,12531334.0,3267.0,America/Los_Angeles,2012,4,7
2012-04-08,133,Unhealthy for Sensitive Groups,Ozone,19,Los Angeles,California,34.1141,-118.4068,12531334.0,3267.0,America/Los_Angeles,2012,4,8
2012-04-09,90,Moderate,Ozone,21,Los Angeles,California,34.1141,-118.4068,12531334.0,3267.0,America/Los_Angeles,2012,4,9
2012-04-10,62,Moderate,PM2.5,19,Los Angeles,California,34.1141,-118.4068,12531334.0,3267.0,America/Los_Angeles,2012,4,10
2012-04-11,45,Good,Ozone,19,Los Angeles,California,34.1141,-118.4068,12531334.0,3267.0,America/Los_Angeles,2012,4,11
2012-04-12,46,Good,Ozone,21,Los Angeles,California,34.1141,-118.4068,12531334.0,3267.0,America/Los_Angeles,2012,4,12
2012-04-13,49,Good,Ozone,19,Los Angeles,California,34.1141,-118.4068,12531334.0,3267.0,America/Los_Angeles,2012,4,13
2012-04-14,47,Good,Ozone,19,Los Angeles,California,34.1141,-118.4068,12531334.0,3267.0,America/Los_Angeles,2012,4,14
2012-04-15,58,Moderate,Ozone,21,Los Angeles,California,34.1141,-118.4068,12531334.0,3267.0,America/Los_Angeles,2012,4,15
2012-04-16,90,Moderate,Ozone,19,Los Angeles,California,34.1141,-118.4068,12531334.0,3267.0,America/Los_Angeles,2012,4,16
2012-04-17,84,Moderate,Ozone,19,Los Angeles,California,34.1141,-118.4068,12531334.0,3267.0,America/Los_Angeles,2012,4,17
2012-04-18,77,Moderate,Ozone,21,Los Angeles,California,34.1141,-118.4068,12531334.0,3267.0,America/Los_Angeles,2012,4,18
2012-04-19,80,Moderate,PM2.5,19,Los Angeles,California,34.1141,-118.4068,12531334.0,3267.0,America/Los_Angeles,2012,4,19
2012-04-20,106,Unhealthy for Sensitive Groups,PM2.5,19,Los Angeles,California,34.1141,-118.4068,12531334.0,3267.0,America/Los_Angeles,2012,4,20
2012-04-21,179,Unhealthy,Ozone,21,Los Angeles,California,34.1141,-118.4068,12531334.0,3267.0,America/Los_Angeles,2012,4,21
2012-04-22,151,Unhealthy,Ozone,19,Los Angeles,California,34.1141,-118.4068,12531334.0,3267.0,America/Los_Angeles,2012,4,22
2012-04-23,74,Moderate,Ozone,19,Los Angeles,California,34.1141,-118.4068,12531334.0,3267.0,America/Los_Angeles,2012,4,23
2012-04-24,57,Moderate,PM2.5,21,Los Angeles,California,34.1141,-118.4068,12531334.0,3267.0,America/Los_Angeles,2012,4,24
2012-04-25,54,Moderate,PM2.5,19,Los Angeles,California,34.1141,-118.4068,12531334.0,3267.0,America/Los_Angeles,2012,4,25
2012-04-26,41,Good,Ozone,19,Los Angeles,California,34.1141,-118.4068,12531334.0,3267.0,America/Los_Angeles,2012,4,26
2012-04-27,58,Moderate,Ozone,21,Los Angeles,California,34.1141,-118.4068,12531334.0,3267.0,America/Los_Angeles,2012,4,27
2012-04-28,101,Unhealthy for Sensitive Groups,Ozone,19,Los Angeles,California,34.1141,-118.4068,12531334.0,3267.0,America/Los_Angeles,2012,4,28
2012-04-29,108,Unhealthy for Sensitive Groups,Ozone,19,Los Angeles,California,34.1141,-118.4068,12531334.0,3267.0,America/Los_Angeles,2012,4,29
2012-04-30,101,Unhealthy for Sensitive Groups,Ozone,21,Los Angeles,California,34.1141,-118.4068,12531334.0,3267.0,America/Los_Angeles,2012,4,30
2012-05-01,66,Moderate,PM2.5,19,Los Angeles,California,34.1141,-118.4068,12531334.0,3267.0,America/Los_Angeles,2012,5,1
2012-05-02,64,Moderate,Ozone,19,Los Angeles,California,34.1141,-118.4068,12531334.0,3267.0,America/Los_Angeles,2012,5,2
2012-05-03,71,Moderate,Ozone,21,Los Angeles,California,34.1141,-118.4068,12531334.0,3267.0,America/Los_Angeles,2012,5,3
2012-05-04,70,Moderate,PM2.5,19,Los Angeles,California,34.1141,-118.4068,12531334.0,3267.0,America/Los_Angeles,2012,5,4
2012-05-05,97,Moderate,Ozone,19,Los Angeles,California,34.1141,-118.4068,12531334.0,3267.0,America/Los_Angeles,2012,5,5
2012-05-06,101,Unhealthy for Sensitive Groups,Ozone,21,Los Angeles,California,34.1141,-118.4068,12531334.0,3267.0,America/Los_Angeles,2012,5,6
2012-05-07,90,Moderate,Ozone,19,Los Angeles,California,34.1141,-118.4068,12531334.0,3267.0,America/Los_Angeles,2012,5,7
2012-05-08,97,Moderate,Ozone,19,Los Angeles,California,34.1141,-118.4068,12531334.0,3267.0,America/Los_Angeles,2012,5,8
2012-05-09,119,Unhealthy for Sensitive Groups,Ozone,21,Los Angeles,California,34.1141,-118.4068,12531334.0,3267.0,America/Los_Angeles,2012,5,9
2012-05-10,151,Unhealthy,Ozone,19,Los Angeles,California,34.1141,-118.4068,12531334.0,3267.0,America/Los_Angeles,2012,5,10
2012-05-11,126,Unhealthy for Sensitive Groups,Ozone,19,Los Angeles,California,34.1141,-118.4068,12531334.0,3267.0,America/Los_Angeles,2012,5,11
2012-05-12,159,Unhealthy,Ozone,21,Los Angeles,California,34.1141,-118.4068,12531334.0,3267.0,America/Los_Angeles,2012,5,12
2012-05-13,140,Unhealthy for Sensitive Groups,Ozone,19,Los Angeles,California,34.1141,-118.4068,12531334.0,3267.0,America/Los_Angeles,2012,5,13
2012-05-14,112,Unhealthy for Sensitive Groups,Ozone,19,Los Angeles,California,34.1141,-118.4068,12531334.0,3267.0,America/Los_Angeles,2012,5,14
2012-05-15,84,Moderate,Ozone,21,Los Angeles,California,34.1141,-118.4068,12531334.0,3267.0,America/Los_Angeles,2012,5,15
2012-05-16,156,Unhealthy,Ozone,19,Los Angeles,California,34.1141,-118.4068,12531334.0,3267.0,America/Los_Angeles,2012,5,16
2012-05-17,154,Unhealthy,Ozone,19,Los Angeles,California,34.1141,-118.4068,12531334.0,3267.0,America/Los_Angeles,2012,5,17
2012-05-18,87,Moderate,Ozone,21,Los Angeles,California,34.1141,-118.4068,12531334.0,3267.0,America/Los_Angeles,2012,5,18
2012-05-19,150,Unhealthy for Sensitive Groups,Ozone,19,Los Angeles,California,34.1141,-118.4068,12531334.0,3267.0,America/Los_Angeles,2012,5,19
2012-05-20,187,Unhealthy,Ozone,19,Los Angeles,California,34.1141,-118.4068,12531334.0,3267.0,America/Los_Angeles,2012,5,20
2012-05-21,172,Unhealthy,Ozone,21,Los Angeles,California,34.1141,-118.4068,12531334.0,3267.0,America/Los_Angeles,2012,5,21
2012-05-22,126,Unhealthy for Sensitive Groups,Ozone,19,Los Angeles,California,34.1141,-118.4068,12531334.0,3267.0,America/Los_Angeles,2012,5,22
2012-05-23,93,Moderate,Ozone,19,Los Angeles,California,34.1141,-118.4068,12531334.0,3267.0,America/Los_Angeles,2012,5,23
2012-05-24,101,Unhealthy for Sensitive Groups,Ozone,21,Los Angeles,California,34.1141,-118.4068,12531334.0,3267.0,America/Los_Angeles,2012,5,24
2012-05-25,71,Moderate,Ozone,19,Los Angeles,California,34.1141,-118.4068,12531334.0,3267.0,America/Los_Angeles,2012,5,25
2012-05-26,48,Good,Ozone,19,Los Angeles,California,34.1141,-118.4068,12531334.0,3267.0,America/Los_Angeles,2012,5,26
2012-05-27,67,Moderate,Ozone,21,Los Angeles,California,34.1141,-118.4068,12531334.0,3267.0,America/Los_Angeles,2012,5,27
2012-05-28,122,Unhealthy for Sensitive Groups,Ozone,19,Los Angeles,California,34.1141,-118.4068,12531334.0,3267.0,America/Los_Angeles,2012,5,28
2012-05-29,119,Unhealthy for Sensitive Groups,Ozone,19,Los Angeles,California,34.1141,-118.4068,12531334.0,3267.0,America/Los_Angeles,2012,5,29
2012-05-30,100,Moderate,Ozone,21,Los Angeles,California,34.1141,-118.4068,12531334.0,3267.0,America/Los_Angeles,2012,5,30
2012-05-31,164,Unhealthy,Ozone,19,Los Angeles,California,34.1141,-118.4068,12531334.0,3267.0,America/Los_Angeles,2012,5,31
2012-06-01,156,Unhealthy,Ozone,19,Los Angeles,California,34.1141,-118.4068,12531334.0,3267.0,America/Los_Angeles,2012,6,1
2012-06-02,129,Unhealthy for Sensitive Groups,Ozone,21,Los Angeles,California,34.1141,-118.4068,12531334.0,3267.0,America/Los_Angeles,2012,6,2
2012-06-03,115,Unhealthy for Sensitive Groups,Ozone,19,Los Angeles,California,34.1141,-118.4068,12531334.0,3267.0,America/Los_Angeles,2012,6,3
2012-06-04,68,Moderate,PM2.5,19,Los Angeles,California,34.1141,-118.4068,12531334.0,3267.0,America/Los_Angeles,2012,6,4
2012-06-05,54,Moderate,Ozone,21,Los Angeles,California,34.1141,-118.4068,12531334.0,3267.0,America/Los_Angeles,2012,6,5
2012-06-06,77,Moderate,Ozone,19,Los Angeles,California,34.1141,-118.4068,12531334.0,3267.0,America/Los_Angeles,2012,6,6
2012-06-07,122,Unhealthy for Sensitive Groups,Ozone,19,Los Angeles,California,34.1141,-118.4068,12531334.0,3267.0,America/Los_Angeles,2012,6,7
2012-06-08,143,Unhealthy for Sensitive Groups,Ozone,21,Los Angeles,California,34.1141,-118.4068,12531334.0,3267.0,America/Los_Angeles,2012,6,8
2012-06-09,126,Unhealthy for Sensitive Groups,Ozone,19,Los Angeles,California,34.1141,-118.4068,12531334.0,3267.0,America/Los_Angeles,2012,6,9
2012-06-10,133,Unhealthy for Sensitive Groups,Ozone,19,Los Angeles,California,34.1141,-118.4068,12531334.0,3267.0,America/Los_Angeles,2012,6,10
2012-06-11,122,Unhealthy for Sensitive Groups,Ozone,21,Los Angeles,California,34.1141,-118.4068,12531334.0,3267.0,America/Los_Angeles,2012,6,11
2012-06-12,151,Unhealthy,Ozone,19,Los Angeles,California,34.1141,-118.4068,12531334.0,3267.0,America/Los_Angeles,2012,6,12
2012-06-13,154,Unhealthy,Ozone,19,Los Angeles,California,34.1141,-118.4068,12531334.0,3267.0,America/Los_Angeles,2012,6,13
2012-06-14,115,Unhealthy for Sensitive Groups,Ozone,21,Los Angeles,California,34.1141,-118.4068,12531334.0,3267.0,America/Los_Angeles,2012,6,14
2012-06-15,112,Unhealthy for Sensitive Groups,Ozone,19,Los Angeles,California,34.1141,-118.4068,12531334.0,3267.0,America/Los_Angeles,2012,6,15
2012-06-16,133,Unhealthy for Sensitive Groups,Ozone,19,Los Angeles,California,34.1141,-118.4068,12531334.0,3267.0,America/Los_Angeles,2012,6,16
2012-06-17,161,Unhealthy,Ozone,21,Los Angeles,California,34.1141,-118.4068,12531334.0,3267.0,America/Los_Angeles,2012,6,17
2012-06-18,99,Moderate,PM2.5,19,Los Angeles,California,34.1141,-118.4068,12531334.0,3267.0,America/Los_Angeles,2012,6,18
2012-06-19,108,Unhealthy for Sensitive Groups,Ozone,19,Los Angeles,California,34.1141,-118.4068,12531334.0,3267.0,America/Los_Angeles,2012,6,19
2012-06-20,143,Unhealthy for Sensitive Groups,Ozone,20,Los Angeles,California,34.1141,-118.4068,12531334.0,3267.0,America/Los_Angeles,2012,6,20
2012-06-21,147,Unhealthy for Sensitive Groups,Ozone,19,Los Angeles,California,34.1141,-118.4068,12531334.0,3267.0,America/Los_Angeles,2012,6,21
2012-06-22,93,Moderate,Ozone,19,Los Angeles,California,34.1141,-118.4068,12531334.0,3267.0,America/Los_Angeles,2012,6,22
2012-06-23,80,Moderate,Ozone,20,Los Angeles,California,34.1141,-118.4068,12531334.0,3267.0,America/Los_Angeles,2012,6,23
2012-06-24,87,Moderate,Ozone,19,Los Angeles,California,34.1141,-118.4068,12531334.0,3267.0,America/Los_Angeles,2012,6,24
2012-06-25,71,Moderate,Ozone,19,Los Angeles,California,34.1141,-118.4068,12531334.0,3267.0,America/Los_Angeles,2012,6,25
2012-06-26,100,Moderate,Ozone,21,Los Angeles,California,34.1141,-118.4068,12531334.0,3267.0,America/Los_Angeles,2012,6,26
2012-06-27,101,Unhealthy for Sensitive Groups,Ozone,19,Los Angeles,California,34.1141,-118.4068,12531334.0,3267.0,America/Los_Angeles,2012,6,27
2012-06-28,126,Unhealthy for Sensitive Groups,Ozone,19,Los Angeles,California,34.1141,-118.4068,12531334.0,3267.0,America/Los_Angeles,2012,6,28
2012-06-29,129,Unhealthy for Sensitive Groups,Ozone,21,Los Angeles,California,34.1141,-118.4068,12531334.0,3267.0,America/Los_Angeles,2012,6,29
2012-06-30,133,Unhealthy for Sensitive Groups,Ozone,19,Los Angeles,California,34.1141,-118.4068,12531334.0,3267.0,America/Los_Angeles,2012,6,30
2012-07-01,119,Unhealthy for Sensitive Groups,Ozone,19,Los Angeles,California,34.1141,-118.4068,12531334.0,3267.0,America/Los_Angeles,2012,7,1
2012-07-02,122,Unhealthy for Sensitive Groups,Ozone,21,Los Angeles,California,34.1141,-118.4068,12531334.0,3267.0,America/Los_Angeles,2012,7,2
2012-07-03,112,Unhealthy for Sensitive Groups,Ozone,19,Los Angeles,California,34.1141,-118.4068,12531334.0,3267.0,America/Los_Angeles,2012,7,3
2012-07-04,105,Unhealthy for Sensitive Groups,Ozone,19,Los Angeles,California,34.1141,-118.4068,12531334.0,3267.0,America/Los_Angeles,2012,7,4
2012-07-05,115,Unhealthy for Sensitive Groups,PM2.5,21,Los Angeles,California,34.1141,-118.4068,12531334.0,3267.0,America/Los_Angeles,2012,7,5
2012-07-06,105,Unhealthy for Sensitive Groups,Ozone,19,Los Angeles,California,34.1141,-118.4068,12531334.0,3267.0,America/Los_Angeles,2012,7,6
2012-07-07,140,Unhealthy for Sensitive Groups,Ozone,19,Los Angeles,California,34.1141,-118.4068,12531334.0,3267.0,America/Los_Angeles,2012,7,7
2012-07-08,133,Unhealthy for Sensitive Groups,Ozone,21,Los Angeles,California,34.1141,-118.4068,12531334.0,3267.0,America/Los_Angeles,2012,7,8
2012-07-09,200,Unhealthy,Ozone,19,Los Angeles,California,34.1141,-118.4068,12531334.0,3267.0,America/Los_Angeles,2012,7,9
2012-07-10,174,Unhealthy,Ozone,19,Los Angeles,California,34.1141,-118.4068,12531334.0,3267.0,America/Los_Angeles,2012,7,10
2012-07-11,207,Very Unhealthy,Ozone,21,Los Angeles,California,34.1141,-118.4068,12531334.0,3267.0,America/Los_Angeles,2012,7,11
2012-07-12,91,Moderate,PM2.5,19,Los Angeles,California,34.1141,-118.4068,12531334.0,3267.0,America/Los_Angeles,2012,7,12
2012-07-13,115,Unhealthy for Sensitive Groups,PM2.5,19,Los Angeles,California,34.1141,-118.4068,12531334.0,3267.0,America/Los_Angeles,2012,7,13
2012-07-14,140,Unhealthy for Sensitive Groups,Ozone,21,Los Angeles,California,34.1141,-118.4068,12531334.0,3267.0,America/Los_Angeles,2012,7,14
2012-07-15,101,Unhealthy for Sensitive Groups,Ozone,19,Los Angeles,California,34.1141,-118.4068,12531334.0,3267.0,America/Los_Angeles,2012,7,15
2012-07-16,77,Moderate,Ozone,19,Los Angeles,California,34.1141,-118.4068,12531334.0,3267.0,America/Los_Angeles,2012,7,16
2012-07-17,79,Moderate,PM2.5,21,Los Angeles,California,34.1141,-118.4068,12531334.0,3267.0,America/Los_Angeles,2012,7,17
2012-07-18,51,Moderate,Ozone,19,Los Angeles,California,34.1141,-118.4068,12531334.0,3267.0,America/Los_Angeles,2012,7,18
2012-07-19,105,Unhealthy for Sensitive Groups,Ozone,19,Los Angeles,California,34.1141,-118.4068,12531334.0,3267.0,America/Los_Angeles,2012,7,19
2012-07-20,97,Moderate,Ozone,21,Los Angeles,California,34.1141,-118.4068,12531334.0,3267.0,America/Los_Angeles,2012,7,20
2012-07-21,156,Unhealthy,Ozone,19,Los Angeles,California,34.1141,-118.4068,12531334.0,3267.0,America/Los_Angeles,2012,7,21
2012-07-22,151,Unhealthy,Ozone,19,Los Angeles,California,34.1141,-118.4068,12531334.0,3267.0,America/Los_Angeles,2012,7,22
2012-07-23,112,Unhealthy for Sensitive Groups,Ozone,21,Los Angeles,California,34.1141,-118.4068,12531334.0,3267.0,America/Los_Angeles,2012,7,23
2012-07-24,84,Moderate,Ozone,19,Los Angeles,California,34.1141,-118.4068,12531334.0,3267.0,America/Los_Angeles,2012,7,24
2012-07-25,108,Unhealthy for Sensitive Groups,Ozone,19,Los Angeles,California,34.1141,-118.4068,12531334.0,3267.0,America/Los_Angeles,2012,7,25
2012-07-26,101,Unhealthy for Sensitive Groups,Ozone,21,Los Angeles,California,34.1141,-118.4068,12531334.0,3267.0,America/Los_Angeles,2012,7,26
2012-07-27,101,Unhealthy for Sensitive Groups,Ozone,19,Los Angeles,California,34.1141,-118.4068,12531334.0,3267.0,America/Los_Angeles,2012,7,27
2012-07-28,147,Unhealthy for Sensitive Groups,Ozone,19,Los Angeles,California,34.1141,-118.4068,12531334.0,3267.0,America/Los_Angeles,2012,7,28
2012-07-29,169,Unhealthy,Ozone,20,Los Angeles,California,34.1141,-118.4068,12531334.0,3267.0,America/Los_Angeles,2012,7,29
2012-07-30,143,Unhealthy for Sensitive Groups,Ozone,18,Los Angeles,California,34.1141,-118.4068,12531334.0,3267.0,America/Los_Angeles,2012,7,30
2012-07-31,174,Unhealthy,Ozone,19,Los Angeles,California,34.1141,-118.4068,12531334.0,3267.0,America/Los_Angeles,2012,7,31
2012-08-01,156,Unhealthy,Ozone,21,Los Angeles,California,34.1141,-118.4068,12531334.0,3267.0,America/Los_Angeles,2012,8,1
2012-08-02,156,Unhealthy,Ozone,19,Los Angeles,California,34.1141,-118.4068,12531334.0,3267.0,America/Los_Angeles,2012,8,2
2012-08-03,129,Unhealthy for Sensitive Groups,Ozone,19,Los Angeles,California,34.1141,-118.4068,12531334.0,3267.0,America/Los_Angeles,2012,8,3
2012-08-04,150,Unhealthy for Sensitive Groups,Ozone,21,Los Angeles,California,34.1141,-118.4068,12531334.0,3267.0,America/Los_Angeles,2012,8,4
2012-08-05,169,Unhealthy,Ozone,19,Los Angeles,California,34.1141,-118.4068,12531334.0,3267.0,America/Los_Angeles,2012,8,5
2012-08-06,129,Unhealthy for Sensitive Groups,Ozone,18,Los Angeles,California,34.1141,-118.4068,12531334.0,3267.0,America/Los_Angeles,2012,8,6
2012-08-07,156,Unhealthy,Ozone,20,Los Angeles,California,34.1141,-118.4068,12531334.0,3267.0,America/Los_Angeles,2012,8,7
2012-08-08,174,Unhealthy,Ozone,19,Los Angeles,California,34.1141,-118.4068,12531334.0,3267.0,America/Los_Angeles,2012,8,8
2012-08-09,156,Unhealthy,Ozone,19,Los Angeles,California,34.1141,-118.4068,12531334.0,3267.0,America/Los_Angeles,2012,8,9
2012-08-10,192,Unhealthy,Ozone,21,Los Angeles,California,34.1141,-118.4068,12531334.0,3267.0,America/Los_Angeles,2012,8,10
2012-08-11,205,Very Unhealthy,Ozone,19,Los Angeles,California,34.1141,-118.4068,12531334.0,3267.0,America/Los_Angeles,2012,8,11
2012-08-12,187,Unhealthy,Ozone,19,Los Angeles,California,34.1141,-118.4068,12531334.0,3267.0,America/Los_Angeles,2012,8,12
2012-08-13,190,Unhealthy,Ozone,21,Los Angeles,California,34.1141,-118.4068,12531334.0,3267.0,America/Los_Angeles,2012,8,13
2012-08-14,136,Unhealthy for Sensitive Groups,Ozone,19,Los Angeles,California,34.1141,-118.4068,12531334.0,3267.0,America/Los_Angeles,2012,8,14
2012-08-15,122,Unhealthy for Sensitive Groups,Ozone,19,Los Angeles,California,34.1141,-118.4068,12531334.0,3267.0,America/Los_Angeles,2012,8,15
2012-08-16,126,Unhealthy for Sensitive Groups,Ozone,21,Los Angeles,California,34.1141,-118.4068,12531334.0,3267.0,America/Los_Angeles,2012,8,16
2012-08-17,129,Unhealthy for Sensitive Groups,Ozone,19,Los Angeles,California,34.1141,-118.4068,12531334.0,3267.0,America/Los_Angeles,2012,8,17
2012-08-18,133,Unhealthy for Sensitive Groups,Ozone,19,Los Angeles,California,34.1141,-118.4068,12531334.0,3267.0,America/Los_Angeles,2012,8,18
2012-08-19,136,Unhealthy for Sensitive Groups,Ozone,21,Los Angeles,California,34.1141,-118.4068,12531334.0,3267.0,America/Los_Angeles,2012,8,19
2012-08-20,115,Unhealthy for Sensitive Groups,Ozone,19,Los Angeles,California,34.1141,-118.4068,12531334.0,3267.0,America/Los_Angeles,2012,8,20
2012-08-21,90,Moderate,Ozone,19,Los Angeles,California,34.1141,-118.4068,12531334.0,3267.0,America/Los_Angeles,2012,8,21
2012-08-22,73,Moderate,PM2.5,21,Los Angeles,California,34.1141,-118.4068,12531334.0,3267.0,America/Los_Angeles,2012,8,22
2012-08-23,105,Unhealthy for Sensitive Groups,Ozone,19,Los Angeles,California,34.1141,-118.4068,12531334.0,3267.0,America/Los_Angeles,2012,8,23
2012-08-24,84,Moderate,Ozone,19,Los Angeles,California,34.1141,-118.4068,12531334.0,3267.0,America/Los_Angeles,2012,8,24
2012-08-25,101,Unhealthy for Sensitive Groups,Ozone,21,Los Angeles,California,34.1141,-118.4068,12531334.0,3267.0,America/Los_Angeles,2012,8,25
2012-08-26,100,Moderate,Ozone,19,Los Angeles,California,34.1141,-118.4068,12531334.0,3267.0,America/Los_Angeles,2012,8,26
2012-08-27,126,Unhealthy for Sensitive Groups,Ozone,19,Los Angeles,California,34.1141,-118.4068,12531334.0,3267.0,America/Los_Angeles,2012,8,27
2012-08-28,80,Moderate,Ozone,21,Los Angeles,California,34.1141,-118.4068,12531334.0,3267.0,America/Los_Angeles,2012,8,28
2012-08-29,159,Unhealthy,Ozone,19,Los Angeles,California,34.1141,-118.4068,12531334.0,3267.0,America/Los_Angeles,2012,8,29
2012-08-30,115,Unhealthy for Sensitive Groups,Ozone,19,Los Angeles,California,34.1141,-118.4068,12531334.0,3267.0,America/Los_Angeles,2012,8,30
2012-08-31,80,Moderate,Ozone,21,Los Angeles,California,34.1141,-118.4068,12531334.0,3267.0,America/Los_Angeles,2012,8,31
2012-09-01,90,Moderate,Ozone,20,Los Angeles,California,34.1141,-118.4068,12531334.0,3267.0,America/Los_Angeles,2012,9,1
2012-09-02,140,Unhealthy for Sensitive Groups,Ozone,20,Los Angeles,California,34.1141,-118.4068,12531334.0,3267.0,America/Los_Angeles,2012,9,2
2012-09-03,160,Unhealthy,PM2.5,22,Los Angeles,California,34.1141,-118.4068,12531334.0,3267.0,America/Los_Angeles,2012,9,3
2012-09-04,101,Unhealthy for Sensitive Groups,Ozone,20,Los Angeles,California,34.1141,-118.4068,12531334.0,3267.0,America/Los_Angeles,2012,9,4
2012-09-05,66,Moderate,PM2.5,20,Los Angeles,California,34.1141,-118.4068,12531334.0,3267.0,America/Los_Angeles,2012,9,5
2012-09-06,64,Moderate,PM2.5,22,Los Angeles,California,34.1141,-118.4068,12531334.0,3267.0,America/Los_Angeles,2012,9,6
2012-09-07,65,Moderate,PM2.5,20,Los Angeles,California,34.1141,-118.4068,12531334.0,3267.0,America/Los_Angeles,2012,9,7
2012-09-08,174,Unhealthy,Ozone,20,Los Angeles,California,34.1141,-118.4068,12531334.0,3267.0,America/Los_Angeles,2012,9,8
2012-09-09,154,Unhealthy,Ozone,22,Los Angeles,California,34.1141,-118.4068,12531334.0,3267.0,America/Los_Angeles,2012,9,9
2012-09-10,79,Moderate,PM2.5,20,Los Angeles,California,34.1141,-118.4068,12531334.0,3267.0,America/Los_Angeles,2012,9,10
2012-09-11,74,Moderate,PM2.5,20,Los Angeles,California,34.1141,-118.4068,12531334.0,3267.0,America/Los_Angeles,2012,9,11
2012-09-12,74,Moderate,Ozone,21,Los Angeles,California,34.1141,-118.4068,12531334.0,3267.0,America/Los_Angeles,2012,9,12
2012-09-13,93,Moderate,Ozone,20,Los Angeles,California,34.1141,-118.4068,12531334.0,3267.0,America/Los_Angeles,2012,9,13
2012-09-14,100,Moderate,Ozone,20,Los Angeles,California,34.1141,-118.4068,12531334.0,3267.0,America/Los_Angeles,2012,9,14
2012-09-15,133,Unhealthy for Sensitive Groups,Ozone,22,Los Angeles,California,34.1141,-118.4068,12531334.0,3267.0,America/Los_Angeles,2012,9,15
2012-09-16,147,Unhealthy for Sensitive Groups,Ozone,20,Los Angeles,California,34.1141,-118.4068,12531334.0,3267.0,America/Los_Angeles,2012,9,16
2012-09-17,93,Moderate,Ozone,20,Los Angeles,California,34.1141,-118.4068,12531334.0,3267.0,America/Los_Angeles,2012,9,17
2012-09-18,93,Moderate,Ozone,22,Los Angeles,California,34.1141,-118.4068,12531334.0,3267.0,America/Los_Angeles,2012,9,18
2012-09-19,87,Moderate,Ozone,20,Los Angeles,California,34.1141,-118.4068,12531334.0,3267.0,America/Los_Angeles,2012,9,19
2012-09-20,115,Unhealthy for Sensitive Groups,Ozone,20,Los Angeles,California,34.1141,-118.4068,12531334.0,3267.0,America/Los_Angeles,2012,9,20
2012-09-21,147,Unhealthy for Sensitive Groups,Ozone,22,Los Angeles,California,34.1141,-118.4068,12531334.0,3267.0,America/Los_Angeles,2012,9,21
2012-09-22,140,Unhealthy for Sensitive Groups,Ozone,20,Los Angeles,California,34.1141,-118.4068,12531334.0,3267.0,America/Los_Angeles,2012,9,22
2012-09-23,119,Unhealthy for Sensitive Groups,Ozone,20,Los Angeles,California,34.1141,-118.4068,12531334.0,3267.0,America/Los_Angeles,2012,9,23
2012-09-24,64,Moderate,PM2.5,22,Los Angeles,California,34.1141,-118.4068,12531334.0,3267.0,America/Los_Angeles,2012,9,24
2012-09-25,73,Moderate,PM2.5,20,Los Angeles,California,34.1141,-118.4068,12531334.0,3267.0,America/Los_Angeles,2012,9,25
2012-09-26,82,Moderate,PM2.5,20,Los Angeles,California,34.1141,-118.4068,12531334.0,3267.0,America/Los_Angeles,2012,9,26
2012-09-27,84,Moderate,PM2.5,22,Los Angeles,California,34.1141,-118.4068,12531334.0,3267.0,America/Los_Angeles,2012,9,27
2012-09-28,77,Moderate,PM2.5,20,Los Angeles,California,34.1141,-118.4068,12531334.0,3267.0,America/Los_Angeles,2012,9,28
2012-09-29,87,Moderate,Ozone,20,Los Angeles,California,34.1141,-118.4068,12531334.0,3267.0,America/Los_Angeles,2012,9,29
2012-09-30,154,Unhealthy,Ozone,22,Los Angeles,California,34.1141,-118.4068,12531334.0,3267.0,America/Los_Angeles,2012,9,30
2012-10-01,105,Unhealthy for Sensitive Groups,Ozone,20,Los Angeles,California,34.1141,-118.4068,12531334.0,3267.0,America/Los_Angeles,2012,10,1
2012-10-02,126,Unhealthy for Sensitive Groups,Ozone,20,Los Angeles,California,34.1141,-118.4068,12531334.0,3267.0,America/Los_Angeles,2012,10,2
2012-10-03,88,Moderate,PM2.5,22,Los Angeles,California,34.1141,-118.4068,12531334.0,3267.0,America/Los_Angeles,2012,10,3
2012-10-04,77,Moderate,Ozone,20,Los Angeles,California,34.1141,-118.4068,12531334.0,3267.0,America/Los_Angeles,2012,10,4
2012-10-05,89,Moderate,PM2.5,20,Los Angeles,California,34.1141,-118.4068,12531334.0,3267.0,America/Los_Angeles,2012,10,5
2012-10-06,79,Moderate,PM2.5,22,Los Angeles,California,34.1141,-118.4068,12531334.0,3267.0,America/Los_Angeles,2012,10,6
2012-10-07,90,Moderate,Ozone,20,Los Angeles,California,34.1141,-118.4068,12531334.0,3267.0,America/Los_Angeles,2012,10,7
2012-10-08,69,Moderate,PM2.5,20,Los Angeles,California,34.1141,-118.4068,12531334.0,3267.0,America/Los_Angeles,2012,10,8
2012-10-09,61,Moderate,PM2.5,22,Los Angeles,California,34.1141,-118.4068,12531334.0,3267.0,America/Los_Angeles,2012,10,9
2012-10-10,45,Good,PM2.5,20,Los Angeles,California,34.1141,-118.4068,12531334.0,3267.0,America/Los_Angeles,2012,10,10
2012-10-11,47,Good,PM2.5,20,Los Angeles,California,34.1141,-118.4068,12531334.0,3267.0,America/Los_Angeles,2012,10,11
2012-10-12,48,Good,PM2.5,22,Los Angeles,California,34.1141,-118.4068,12531334.0,3267.0,America/Los_Angeles,2012,10,12
2012-10-13,61,Moderate,PM2.5,20,Los Angeles,California,34.1141,-118.4068,12531334.0,3267.0,America/Los_Angeles,2012,10,13
2012-10-14,62,Moderate,PM2.5,20,Los Angeles,California,34.1141,-118.4068,12531334.0,3267.0,America/Los_Angeles,2012,10,14
2012-10-15,61,Moderate,PM2.5,21,Los Angeles,California,34.1141,-118.4068,12531334.0,3267.0,America/Los_Angeles,2012,10,15
2012-10-16,87,Moderate,Ozone,20,Los Angeles,California,34.1141,-118.4068,12531334.0,3267.0,America/Los_Angeles,2012,10,16
2012-10-17,133,Unhealthy for Sensitive Groups,Ozone,20,Los Angeles,California,34.1141,-118.4068,12531334.0,3267.0,America/Los_Angeles,2012,10,17
2012-10-18,71,Moderate,NO2,21,Los Angeles,California,34.1141,-118.4068,12531334.0,3267.0,America/Los_Angeles,2012,10,18
2012-10-19,87,Moderate,Ozone,20,Los Angeles,California,34.1141,-118.4068,12531334.0,3267.0,America/Los_Angeles,2012,10,19
2012-10-20,61,Moderate,PM2.5,20,Los Angeles,California,34.1141,-118.4068,12531334.0,3267.0,America/Los_Angeles,2012,10,20
2012-10-21,43,Good,Ozone,21,Los Angeles,California,34.1141,-118.4068,12531334.0,3267.0,America/Los_Angeles,2012,10,21
2012-10-22,51,Moderate,PM2.5,20,Los Angeles,California,34.1141,-118.4068,12531334.0,3267.0,America/Los_Angeles,2012,10,22
2012-10-23,47,Good,PM2.5,20,Los Angeles,California,34.1141,-118.4068,12531334.0,3267.0,America/Los_Angeles,2012,10,23
2012-10-24,44,Good,Ozone,21,Los Angeles,California,34.1141,-118.4068,12531334.0,3267.0,America/Los_Angeles,2012,10,24
2012-10-25,55,Moderate,NO2,20,Los Angeles,California,34.1141,-118.4068,12531334.0,3267.0,America/Los_Angeles,2012,10,25
2012-10-26,62,Moderate,NO2,20,Los Angeles,California,34.1141,-118.4068,12531334.0,3267.0,America/Los_Angeles,2012,10,26
2012-10-27,60,Moderate,NO2,21,Los Angeles,California,34.1141,-118.4068,12531334.0,3267.0,America/Los_Angeles,2012,10,27
2012-10-28,84,Moderate,Ozone,20,Los Angeles,California,34.1141,-118.4068,12531334.0,3267.0,America/Los_Angeles,2012,10,28
2012-10-29,97,Moderate,NO2,20,Los Angeles,California,34.1141,-118.4068,12531334.0,3267.0,America/Los_Angeles,2012,10,29
2012-10-30,99,Moderate,PM2.5,21,Los Angeles,California,34.1141,-118.4068,12531334.0,3267.0,America/Los_Angeles,2012,10,30
2012-10-31,103,Unhealthy for Sensitive Groups,PM2.5,20,Los Angeles,California,34.1141,-118.4068,12531334.0,3267.0,America/Los_Angeles,2012,10,31
2012-11-01,107,Unhealthy for Sensitive Groups,PM2.5,20,Los Angeles,California,34.1141,-118.4068,12531334.0,3267.0,America/Los_Angeles,2012,11,1
2012-11-02,97,Moderate,PM2.5,21,Los Angeles,California,34.1141,-118.4068,12531334.0,3267.0,America/Los_Angeles,2012,11,2
2012-11-03,98,Moderate,PM2.5,20,Los Angeles,California,34.1141,-118.4068,12531334.0,3267.0,America/Los_Angeles,2012,11,3
2012-11-04,71,Moderate,PM2.5,20,Los Angeles,California,34.1141,-118.4068,12531334.0,3267.0,America/Los_Angeles,2012,11,4
2012-11-05,72,Moderate,NO2,21,Los Angeles,California,34.1141,-118.4068,12531334.0,3267.0,America/Los_Angeles,2012,11,5
2012-11-06,72,Moderate,PM2.5,20,Los Angeles,California,34.1141,-118.4068,12531334.0,3267.0,America/Los_Angeles,2012,11,6
2012-11-07,138,Unhealthy for Sensitive Groups,PM2.5,20,Los Angeles,California,34.1141,-118.4068,12531334.0,3267.0,America/Los_Angeles,2012,11,7
2012-11-08,70,Moderate,PM2.5,21,Los Angeles,California,34.1141,-118.4068,12531334.0,3267.0,America/Los_Angeles,2012,11,8
2012-11-09,41,Good,Ozone,20,Los Angeles,California,34.1141,-118.4068,12531334.0,3267.0,America/Los_Angeles,2012,11,9
2012-11-10,41,Good,Ozone,20,Los Angeles,California,34.1141,-118.4068,12531334.0,3267.0,America/Los_Angeles,2012,11,10
2012-11-11,53,Moderate,PM2.5,21,Los Angeles,California,34.1141,-118.4068,12531334.0,3267.0,America/Los_Angeles,2012,11,11
2012-11-12,59,Moderate,PM2.5,20,Los Angeles,California,34.1141,-118.4068,12531334.0,3267.0,America/Los_Angeles,2012,11,12
2012-11-13,61,Moderate,NO2,20,Los Angeles,California,34.1141,-118.4068,12531334.0,3267.0,America/Los_Angeles,2012,11,13
2012-11-14,79,Moderate,NO2,21,Los Angeles,California,34.1141,-118.4068,12531334.0,3267.0,America/Los_Angeles,2012,11,14
2012-11-15,81,Moderate,PM2.5,19,Los Angeles,California,34.1141,-118.4068,12531334.0,3267.0,America/Los_Angeles,2012,11,15
2012-11-16,72,Moderate,PM2.5,19,Los Angeles,California,34.1141,-118.4068,12531334.0,3267.0,America/Los_Angeles,2012,11,16
2012-11-17,56,Moderate,PM2.5,20,Los Angeles,California,34.1141,-118.4068,12531334.0,3267.0,America/Los_Angeles,2012,11,17
2012-11-18,54,Moderate,PM2.5,19,Los Angeles,California,34.1141,-118.4068,12531334.0,3267.0,America/Los_Angeles,2012,11,18
2012-11-19,53,Moderate,PM2.5,19,Los Angeles,California,34.1141,-118.4068,12531334.0,3267.0,America/Los_Angeles,2012,11,19
2012-11-20,66,Moderate,PM2.5,20,Los Angeles,California,34.1141,-118.4068,12531334.0,3267.0,America/Los_Angeles,2012,11,20
2012-11-21,82,Moderate,PM2.5,19,Los Angeles,California,34.1141,-118.4068,12531334.0,3267.0,America/Los_Angeles,2012,11,21
2012-11-22,114,Unhealthy for Sensitive Groups,PM2.5,19,Los Angeles,California,34.1141,-118.4068,12531334.0,3267.0,America/Los_Angeles,2012,11,22
2012-11-23,101,Unhealthy for Sensitive Groups,PM2.5,20,Los Angeles,California,34.1141,-118.4068,12531334.0,3267.0,America/Los_Angeles,2012,11,23
2012-11-24,58,Moderate,PM2.5,19,Los Angeles,California,34.1141,-118.4068,12531334.0,3267.0,America/Los_Angeles,2012,11,24
2012-11-25,89,Moderate,PM2.5,19,Los Angeles,California,34.1141,-118.4068,12531334.0,3267.0,America/Los_Angeles,2012,11,25
2012-11-26,115,Unhealthy for Sensitive Groups,PM2.5,20,Los Angeles,California,34.1141,-118.4068,12531334.0,3267.0,America/Los_Angeles,2012,11,26
2012-11-27,101,Unhealthy for Sensitive Groups,PM2.5,19,Los Angeles,California,34.1141,-118.4068,12531334.0,3267.0,America/Los_Angeles,2012,11,27
2012-11-28,101,Unhealthy for Sensitive Groups,PM2.5,19,Los Angeles,California,34.1141,-118.4068,12531334.0,3267.0,America/Los_Angeles,2012,11,28
2012-11-29,69,Moderate,PM2.5,19,Los Angeles,California,34.1141,-118.4068,12531334.0,3267.0,America/Los_Angeles,2012,11,29
2012-11-30,51,Moderate,PM2.5,19,Los Angeles,California,34.1141,-118.4068,12531334.0,3267.0,America/Los_Angeles,2012,11,30
2012-12-01,45,Good,PM2.5,19,Los Angeles,California,34.1141,-118.4068,12531334.0,3267.0,America/Los_Angeles,2012,12,1
2012-12-02,35,Good,PM2.5,19,Los Angeles,California,34.1141,-118.4068,12531334.0,3267.0,America/Los_Angeles,2012,12,2
2012-12-03,44,Good,PM2.5,19,Los Angeles,California,34.1141,-118.4068,12531334.0,3267.0,America/Los_Angeles,2012,12,3
2012-12-04,86,Moderate,PM2.5,19,Los Angeles,California,34.1141,-118.4068,12531334.0,3267.0,America/Los_Angeles,2012,12,4
2012-12-05,107,Unhealthy for Sensitive Groups,PM2.5,20,Los Angeles,California,34.1141,-118.4068,12531334.0,3267.0,America/Los_Angeles,2012,12,5
2012-12-06,123,Unhealthy for Sensitive Groups,PM2.5,19,Los Angeles,California,34.1141,-118.4068,12531334.0,3267.0,America/Los_Angeles,2012,12,6
2012-12-07,144,Unhealthy for Sensitive Groups,PM2.5,19,Los Angeles,California,34.1141,-118.4068,12531334.0,3267.0,America/Los_Angeles,2012,12,7
2012-12-08,153,Unhealthy,PM2.5,20,Los Angeles,California,34.1141,-118.4068,12531334.0,3267.0,America/Los_Angeles,2012,12,8
2012-12-09,163,Unhealthy,PM2.5,19,Los Angeles,California,34.1141,-118.4068,12531334.0,3267.0,America/Los_Angeles,2012,12,9
2012-12-10,108,Unhealthy for Sensitive Groups,PM2.5,19,Los Angeles,California,34.1141,-118.4068,12531334.0,3267.0,America/Los_Angeles,2012,12,10
2012-12-11,85,Moderate,PM2.5,20,Los Angeles,California,34.1141,-118.4068,12531334.0,3267.0,America/Los_Angeles,2012,12,11
2012-12-12,72,Moderate,PM2.5,19,Los Angeles,California,34.1141,-118.4068,12531334.0,3267.0,America/Los_Angeles,2012,12,12
2012-12-13,43,Good,PM2.5,19,Los Angeles,California,34.1141,-118.4068,12531334.0,3267.0,America/Los_Angeles,2012,12,13
2012-12-14,57,Moderate,PM2.5,20,Los Angeles,California,34.1141,-118.4068,12531334.0,3267.0,America/Los_Angeles,2012,12,14
2012-12-15,53,Moderate,PM2.5,19,Los Angeles,California,34.1141,-118.4068,12531334.0,3267.0,America/Los_Angeles,2012,12,15
2012-12-16,53,Moderate,PM2.5,19,Los Angeles,California,34.1141,-118.4068,12531334.0,3267.0,America/Los_Angeles,2012,12,16
2012-12-17,59,Moderate,PM2.5,20,Los Angeles,California,34.1141,-118.4068,12531334.0,3267.0,America/Los_Angeles,2012,12,17
2012-12-18,37,Good,Ozone,19,Los Angeles,California,34.1141,-118.4068,12531334.0,3267.0,America/Los_Angeles,2012,12,18
2012-12-19,50,Good,NO2,19,Los Angeles,California,34.1141,-118.4068,12531334.0,3267.0,America/Los_Angeles,2012,12,19
2012-12-20,54,Moderate,NO2,20,Los Angeles,California,34.1141,-118.4068,12531334.0,3267.0,America/Los_Angeles,2012,12,20
2012-12-21,71,Moderate,PM2.5,19,Los Angeles,California,34.1141,-118.4068,12531334.0,3267.0,America/Los_Angeles,2012,12,21
2012-12-22,80,Moderate,PM2.5,19,Los Angeles,California,34.1141,-118.4068,12531334.0,3267.0,America/Los_Angeles,2012,12,22
2012-12-23,66,Moderate,PM2.5,20,Los Angeles,California,34.1141,-118.4068,12531334.0,3267.0,America/Los_Angeles,2012,12,23
2012-12-24,57,Moderate,PM2.5,19,Los Angeles,California,34.1141,-118.4068,12531334.0,3267.0,America/Los_Angeles,2012,12,24
2012-12-25,114,Unhealthy for Sensitive Groups,PM2.5,19,Los Angeles,California,34.1141,-118.4068,12531334.0,3267.0,America/Los_Angeles,2012,12,25
2012-12-26,74,Moderate,PM2.5,19,Los Angeles,California,34.1141,-118.4068,12531334.0,3267.0,America/Los_Angeles,2012,12,26
2012-12-27,48,Good,NO2,19,Los Angeles,California,34.1141,-118.4068,12531334.0,3267.0,America/Los_Angeles,2012,12,27
2012-12-28,63,Moderate,PM2.5,19,Los Angeles,California,34.1141,-118.4068,12531334.0,3267.0,America/Los_Angeles,2012,12,28
2012-12-29,74,Moderate,PM2.5,20,Los Angeles,California,34.1141,-118.4068,12531334.0,3267.0,America/Los_Angeles,2012,12,29
2012-12-30,74,Moderate,PM2.5,19,Los Angeles,California,34.1141,-118.4068,12531334.0,3267.0,America/Los_Angeles,2012,12,30
2012-12-31,102,Unhealthy for Sensitive Groups,PM2.5,19,Los Angeles,California,34.1141,-118.4068,12531334.0,3267.0,America/Los_Angeles,2012,12,31
2013-01-01,142,Unhealthy for Sensitive Groups,PM2.5,20,Los Angeles,California,34.1141,-118.4068,12531334.0,3267.0,America/Los_Angeles,2013,1,1
2013-01-02,66,Moderate,PM2.5,19,Los Angeles,California,34.1141,-118.4068,12531334.0,3267.0,America/Los_Angeles,2013,1,2
2013-01-03,75,Moderate,PM2.5,19,Los Angeles,California,34.1141,-118.4068,12531334.0,3267.0,America/Los_Angeles,2013,1,3
2013-01-04,65,Moderate,PM2.5,20,Los Angeles,California,34.1141,-118.4068,12531334.0,3267.0,America/Los_Angeles,2013,1,4
2013-01-05,89,Moderate,PM2.5,19,Los Angeles,California,34.1141,-118.4068,12531334.0,3267.0,America/Los_Angeles,2013,1,5
2013-01-06,71,Moderate,PM2.5,19,Los Angeles,California,34.1141,-118.4068,12531334.0,3267.0,America/Los_Angeles,2013,1,6
2013-01-07,58,Moderate,PM2.5,20,Los Angeles,California,34.1141,-118.4068,12531334.0,3267.0,America/Los_Angeles,2013,1,7
2013-01-08,73,Moderate,PM2.5,19,Los Angeles,California,34.1141,-118.4068,12531334.0,3267.0,America/Los_Angeles,2013,1,8
2013-01-09,84,Moderate,PM2.5,19,Los Angeles,California,34.1141,-118.4068,12531334.0,3267.0,America/Los_Angeles,2013,1,9
2013-01-10,51,Moderate,PM2.5,20,Los Angeles,California,34.1141,-118.4068,12531334.0,3267.0,America/Los_Angeles,2013,1,10
2013-01-11,38,Good,Ozone,19,Los Angeles,California,34.1141,-118.4068,12531334.0,3267.0,America/Los_Angeles,2013,1,11
2013-01-12,59,Moderate,PM2.5,19,Los Angeles,California,34.1141,-118.4068,12531334.0,3267.0,America/Los_Angeles,2013,1,12
2013-01-13,77,Moderate,PM2.5,20,Los Angeles,California,34.1141,-118.4068,12531334.0,3267.0,America/Los_Angeles,2013,1,13
2013-01-14,54,Moderate,PM2.5,19,Los Angeles,California,34.1141,-118.4068,12531334.0,3267.0,America/Los_Angeles,2013,1,14
2013-01-15,61,Moderate,PM2.5,19,Los Angeles,California,34.1141,-118.4068,12531334.0,3267.0,America/Los_Angeles,2013,1,15
2013-01-16,76,Moderate,PM2.5,20,Los Angeles,California,34.1141,-118.4068,12531334.0,3267.0,America/Los_Angeles,2013,1,16
2013-01-17,69,Moderate,NO2,19,Los Angeles,California,34.1141,-118.4068,12531334.0,3267.0,America/Los_Angeles,2013,1,17
2013-01-18,58,Moderate,NO2,19,Los Angeles,California,34.1141,-118.4068,12531334.0,3267.0,America/Los_Angeles,2013,1,18
2013-01-19,59,Moderate,PM2.5,20,Los Angeles,California,34.1141,-118.4068,12531334.0,3267.0,America/Los_Angeles,2013,1,19
2013-01-20,48,Good,NO2,19,Los Angeles,California,34.1141,-118.4068,12531334.0,3267.0,America/Los_Angeles,2013,1,20
2013-01-21,76,Moderate,NO2,19,Los Angeles,California,34.1141,-118.4068,12531334.0,3267.0,America/Los_Angeles,2013,1,21
2013-01-22,76,Moderate,NO2,20,Los Angeles,California,34.1141,-118.4068,12531334.0,3267.0,America/Los_Angeles,2013,1,22
2013-01-23,76,Moderate,NO2,18,Los Angeles,California,34.1141,-118.4068,12531334.0,3267.0,America/Los_Angeles,2013,1,23
2013-01-24,54,Moderate,PM2.5,19,Los Angeles,California,34.1141,-118.4068,12531334.0,3267.0,America/Los_Angeles,2013,1,24
2013-01-25,57,Moderate,PM2.5,20,Los Angeles,California,34.1141,-118.4068,12531334.0,3267.0,America/Los_Angeles,2013,1,25
2013-01-26,59,Moderate,PM2.5,19,Los Angeles,California,34.1141,-118.4068,12531334.0,3267.0,America/Los_Angeles,2013,1,26
2013-01-27,55,Moderate,PM2.5,19,Los Angeles,California,34.1141,-118.4068,12531334.0,3267.0,America/Los_Angeles,2013,1,27
2013-01-28,39,Good,Ozone,20,Los Angeles,California,34.1141,-118.4068,12531334.0,3267.0,America/Los_Angeles,2013,1,28
2013-01-29,54,Moderate,PM2.5,19,Los Angeles,California,34.1141,-118.4068,12531334.0,3267.0,America/Los_Angeles,2013,1,29
2013-01-30,73,Moderate,PM2.5,19,Los Angeles,California,34.1141,-118.4068,12531334.0,3267.0,America/Los_Angeles,2013,1,30
2013-01-31,71,Moderate,PM2.5,20,Los Angeles,California,34.1141,-118.4068,12531334.0,3267.0,America/Los_Angeles,2013,1,31
2013-02-01,67,Moderate,PM2.5,19,Los Angeles,California,34.1141,-118.4068,12531334.0,3267.0,America/Los_Angeles,2013,2,1
2013-02-02,76,Moderate,PM2.5,19,Los Angeles,California,34.1141,-118.4068,12531334.0,3267.0,America/Los_Angeles,2013,2,2
2013-02-03,54,Moderate,PM2.5,20,Los Angeles,California,34.1141,-118.4068,12531334.0,3267.0,America/Los_Angeles,2013,2,3
2013-02-04,88,Moderate,PM2.5,18,Los Angeles,California,34.1141,-118.4068,12531334.0,3267.0,America/Los_Angeles,2013,2,4
2013-02-05,149,Unhealthy for Sensitive Groups,PM2.5,18,Los Angeles,California,34.1141,-118.4068,12531334.0,3267.0,America/Los_Angeles,2013,2,5
2013-02-06,108,Unhealthy for Sensitive Groups,PM2.5,19,Los Angeles,California,34.1141,-118.4068,12531334.0,3267.0,America/Los_Angeles,2013,2,6
2013-02-07,94,Moderate,PM2.5,19,Los Angeles,California,34.1141,-118.4068,12531334.0,3267.0,America/Los_Angeles,2013,2,7
2013-02-08,44,Good,Ozone,19,Los Angeles,California,34.1141,-118.4068,12531334.0,3267.0,America/Los_Angeles,2013,2,8
2013-02-09,62,Moderate,PM2.5,20,Los Angeles,California,34.1141,-118.4068,12531334.0,3267.0,America/Los_Angeles,2013,2,9
2013-02-10,59,Moderate,PM2.5,19,Los Angeles,California,34.1141,-118.4068,12531334.0,3267.0,America/Los_Angeles,2013,2,10
2013-02-11,60,Moderate,PM2.5,19,Los Angeles,California,34.1141,-118.4068,12531334.0,3267.0,America/Los_Angeles,2013,2,11
2013-02-12,57,Moderate,PM2.5,20,Los Angeles,California,34.1141,-118.4068,12531334.0,3267.0,America/Los_Angeles,2013,2,12
2013-02-13,74,Moderate,PM2.5,19,Los Angeles,California,34.1141,-118.4068,12531334.0,3267.0,America/Los_Angeles,2013,2,13
2013-02-14,86,Moderate,PM2.5,19,Los Angeles,California,34.1141,-118.4068,12531334.0,3267.0,America/Los_Angeles,2013,2,14
2013-02-15,76,Moderate,NO2,20,Los Angeles,California,34.1141,-118.4068,12531334.0,3267.0,America/Los_Angeles,2013,2,15
2013-02-16,49,Good,NO2,19,Los Angeles,California,34.1141,-118.4068,12531334.0,3267.0,America/Los_Angeles,2013,2,16
2013-02-17,59,Moderate,PM2.5,19,Los Angeles,California,34.1141,-118.4068,12531334.0,3267.0,America/Los_Angeles,2013,2,17
2013-02-18,73,Moderate,PM2.5,20,Los Angeles,California,34.1141,-118.4068,12531334.0,3267.0,America/Los_Angeles,2013,2,18
2013-02-19,52,Moderate,PM10,19,Los Angeles,California,34.1141,-118.4068,12531334.0,3267.0,America/Los_Angeles,2013,2,19
2013-02-20,44,Good,Ozone,19,Los Angeles,California,34.1141,-118.4068,12531334.0,3267.0,America/Los_Angeles,2013,2,20
2013-02-21,50,Good,PM2.5,20,Los Angeles,California,34.1141,-118.4068,12531334.0,3267.0,America/Los_Angeles,2013,2,21
2013-02-22,58,Moderate,PM2.5,19,Los Angeles,California,34.1141,-118.4068,12531334.0,3267.0,America/Los_Angeles,2013,2,22
2013-02-23,64,Moderate,PM2.5,19,Los Angeles,California,34.1141,-118.4068,12531334.0,3267.0,America/Los_Angeles,2013,2,23
2013-02-24,56,Moderate,PM2.5,20,Los Angeles,California,34.1141,-118.4068,12531334.0,3267.0,America/Los_Angeles,2013,2,24
2013-02-25,52,Moderate,PM2.5,19,Los Angeles,California,34.1141,-118.4068,12531334.0,3267.0,America/Los_Angeles,2013,2,25
2013-02-26,65,Moderate,PM2.5,19,Los Angeles,California,34.1141,-118.4068,12531334.0,3267.0,America/Los_Angeles,2013,2,26
2013-02-27,63,Moderate,NO2,20,Los Angeles,California,34.1141,-118.4068,12531334.0,3267.0,America/Los_Angeles,2013,2,27
2013-02-28,62,Moderate,NO2,19,Los Angeles,California,34.1141,-118.4068,12531334.0,3267.0,America/Los_Angeles,2013,2,28
2013-03-01,64,Moderate,NO2,19,Los Angeles,California,34.1141,-118.4068,12531334.0,3267.0,America/Los_Angeles,2013,3,1
2013-03-02,61,Moderate,Ozone,20,Los Angeles,California,34.1141,-118.4068,12531334.0,3267.0,America/Los_Angeles,2013,3,2
2013-03-03,74,Moderate,PM2.5,19,Los Angeles,California,34.1141,-118.4068,12531334.0,3267.0,America/Los_Angeles,2013,3,3
2013-03-04,71,Moderate,PM2.5,19,Los Angeles,California,34.1141,-118.4068,12531334.0,3267.0,America/Los_Angeles,2013,3,4
2013-03-05,103,Unhealthy for Sensitive Groups,PM2.5,20,Los Angeles,California,34.1141,-118.4068,12531334.0,3267.0,America/Los_Angeles,2013,3,5
2013-03-06,43,Good,PM2.5,19,Los Angeles,California,34.1141,-118.4068,12531334.0,3267.0,America/Los_Angeles,2013,3,6
2013-03-07,43,Good,Ozone,19,Los Angeles,California,34.1141,-118.4068,12531334.0,3267.0,America/Los_Angeles,2013,3,7
2013-03-08,44,Good,Ozone,20,Los Angeles,California,34.1141,-118.4068,12531334.0,3267.0,America/Los_Angeles,2013,3,8
2013-03-09,59,Moderate,PM2.5,19,Los Angeles,California,34.1141,-118.4068,12531334.0,3267.0,America/Los_Angeles,2013,3,9
2013-03-10,62,Moderate,PM2.5,19,Los Angeles,California,34.1141,-118.4068,12531334.0,3267.0,America/Los_Angeles,2013,3,10
2013-03-11,74,Moderate,PM2.5,20,Los Angeles,California,34.1141,-118.4068,12531334.0,3267.0,America/Los_Angeles,2013,3,11
2013-03-12,88,Moderate,PM2.5,19,Los Angeles,California,34.1141,-118.4068,12531334.0,3267.0,America/Los_Angeles,2013,3,12
2013-03-13,139,Unhealthy for Sensitive Groups,PM2.5,19,Los Angeles,California,34.1141,-118.4068,12531334.0,3267.0,America/Los_Angeles,2013,3,13
2013-03-14,97,Moderate,Ozone,20,Los Angeles,California,34.1141,-118.4068,12531334.0,3267.0,America/Los_Angeles,2013,3,14
2013-03-15,132,Unhealthy for Sensitive Groups,PM2.5,19,Los Angeles,California,34.1141,-118.4068,12531334.0,3267.0,America/Los_Angeles,2013,3,15
2013-03-16,122,Unhealthy for Sensitive Groups,PM2.5,19,Los Angeles,California,34.1141,-118.4068,12531334.0,3267.0,America/Los_Angeles,2013,3,16
2013-03-17,97,Moderate,PM2.5,20,Los Angeles,California,34.1141,-118.4068,12531334.0,3267.0,America/Los_Angeles,2013,3,17
2013-03-18,92,Moderate,PM2.5,19,Los Angeles,California,34.1141,-118.4068,12531334.0,3267.0,America/Los_Angeles,2013,3,18
2013-03-19,108,Unhealthy for Sensitive Groups,PM2.5,19,Los Angeles,California,34.1141,-118.4068,12531334.0,3267.0,America/Los_Angeles,2013,3,19
2013-03-20,92,Moderate,PM2.5,20,Los Angeles,California,34.1141,-118.4068,12531334.0,3267.0,America/Los_Angeles,2013,3,20
2013-03-21,64,Moderate,PM2.5,19,Los Angeles,California,34.1141,-118.4068,12531334.0,3267.0,America/Los_Angeles,2013,3,21
2013-03-22,74,Moderate,PM2.5,19,Los Angeles,California,34.1141,-118.4068,12531334.0,3267.0,America/Los_Angeles,2013,3,22
2013-03-23,87,Moderate,Ozone,20,Los Angeles,California,34.1141,-118.4068,12531334.0,3267.0,America/Los_Angeles,2013,3,23
2013-03-24,119,Unhealthy for Sensitive Groups,Ozone,19,Los Angeles,California,34.1141,-118.4068,12531334.0,3267.0,America/Los_Angeles,2013,3,24
2013-03-25,106,Unhealthy for Sensitive Groups,PM2.5,19,Los Angeles,California,34.1141,-118.4068,12531334.0,3267.0,America/Los_Angeles,2013,3,25
2013-03-26,106,Unhealthy for Sensitive Groups,PM2.5,20,Los Angeles,California,34.1141,-118.4068,12531334.0,3267.0,America/Los_Angeles,2013,3,26
2013-03-27,75,Moderate,PM2.5,19,Los Angeles,California,34.1141,-118.4068,12531334.0,3267.0,America/Los_Angeles,2013,3,27
2013-03-28,85,Moderate,PM2.5,19,Los Angeles,California,34.1141,-118.4068,12531334.0,3267.0,America/Los_Angeles,2013,3,28
2013-03-29,92,Moderate,PM2.5,20,Los Angeles,California,34.1141,-118.4068,12531334.0,3267.0,America/Los_Angeles,2013,3,29
2013-03-30,73,Moderate,PM2.5,19,Los Angeles,California,34.1141,-118.4068,12531334.0,3267.0,America/Los_Angeles,2013,3,30
2013-03-31,53,Moderate,PM2.5,19,Los Angeles,California,34.1141,-118.4068,12531334.0,3267.0,America/Los_Angeles,2013,3,31
2013-04-01,48,Good,PM2.5,20,Los Angeles,California,34.1141,-118.4068,12531334.0,3267.0,America/Los_Angeles,2013,4,1
2013-04-02,65,Moderate,PM2.5,19,Los Angeles,California,34.1141,-118.4068,12531334.0,3267.0,America/Los_Angeles,2013,4,2
2013-04-03,86,Moderate,PM2.5,19,Los Angeles,California,34.1141,-118.4068,12531334.0,3267.0,America/Los_Angeles,2013,4,3
2013-04-04,93,Moderate,PM2.5,20,Los Angeles,California,34.1141,-118.4068,12531334.0,3267.0,America/Los_Angeles,2013,4,4
2013-04-05,62,Moderate,PM2.5,19,Los Angeles,California,34.1141,-118.4068,12531334.0,3267.0,America/Los_Angeles,2013,4,5
2013-04-06,65,Moderate,PM2.5,19,Los Angeles,California,34.1141,-118.4068,12531334.0,3267.0,America/Los_Angeles,2013,4,6
2013-04-07,67,Moderate,PM2.5,20,Los Angeles,California,34.1141,-118.4068,12531334.0,3267.0,America/Los_Angeles,2013,4,7
2013-04-08,51,Moderate,PM2.5,19,Los Angeles,California,34.1141,-118.4068,12531334.0,3267.0,America/Los_Angeles,2013,4,8
2013-04-09,54,Moderate,Ozone,19,Los Angeles,California,34.1141,-118.4068,12531334.0,3267.0,America/Los_Angeles,2013,4,9
2013-04-10,64,Moderate,Ozone,20,Los Angeles,California,34.1141,-118.4068,12531334.0,3267.0,America/Los_Angeles,2013,4,10
2013-04-11,90,Moderate,Ozone,19,Los Angeles,California,34.1141,-118.4068,12531334.0,3267.0,America/Los_Angeles,2013,4,11
2013-04-12,79,Moderate,PM2.5,19,Los Angeles,California,34.1141,-118.4068,12531334.0,3267.0,America/Los_Angeles,2013,4,12
2013-04-13,87,Moderate,Ozone,20,Los Angeles,California,34.1141,-118.4068,12531334.0,3267.0,America/Los_Angeles,2013,4,13
2013-04-14,51,Moderate,PM2.5,19,Los Angeles,California,34.1141,-118.4068,12531334.0,3267.0,America/Los_Angeles,2013,4,14
2013-04-15,54,Moderate,PM2.5,19,Los Angeles,California,34.1141,-118.4068,12531334.0,3267.0,America/Los_Angeles,2013,4,15
2013-04-16,46,Good,Ozone,20,Los Angeles,California,34.1141,-118.4068,12531334.0,3267.0,America/Los_Angeles,2013,4,16
2013-04-17,50,Good,Ozone,19,Los Angeles,California,34.1141,-118.4068,12531334.0,3267.0,America/Los_Angeles,2013,4,17
2013-04-18,61,Moderate,Ozone,19,Los Angeles,California,34.1141,-118.4068,12531334.0,3267.0,America/Los_Angeles,2013,4,18
2013-04-19,80,Moderate,Ozone,20,Los Angeles,California,34.1141,-118.4068,12531334.0,3267.0,America/Los_Angeles,2013,4,19
2013-04-20,105,Unhealthy for Sensitive Groups,Ozone,19,Los Angeles,California,34.1141,-118.4068,12531334.0,3267.0,America/Los_Angeles,2013,4,20
2013-04-21,154,Unhealthy,Ozone,19,Los Angeles,California,34.1141,-118.4068,12531334.0,3267.0,America/Los_Angeles,2013,4,21
2013-04-22,122,Unhealthy for Sensitive Groups,Ozone,20,Los Angeles,California,34.1141,-118.4068,12531334.0,3267.0,America/Los_Angeles,2013,4,22
2013-04-23,74,Moderate,Ozone,19,Los Angeles,California,34.1141,-118.4068,12531334.0,3267.0,America/Los_Angeles,2013,4,23
2013-04-24,87,Moderate,Ozone,19,Los Angeles,California,34.1141,-118.4068,12531334.0,3267.0,America/Los_Angeles,2013,4,24
2013-04-25,74,Moderate,Ozone,20,Los Angeles,California,34.1141,-118.4068,12531334.0,3267.0,America/Los_Angeles,2013,4,25
2013-04-26,93,Moderate,Ozone,19,Los Angeles,California,34.1141,-118.4068,12531334.0,3267.0,America/Los_Angeles,2013,4,26
2013-04-27,112,Unhealthy for Sensitive Groups,Ozone,19,Los Angeles,California,34.1141,-118.4068,12531334.0,3267.0,America/Los_Angeles,2013,4,27
2013-04-28,169,Unhealthy,Ozone,20,Los Angeles,California,34.1141,-118.4068,12531334.0,3267.0,America/Los_Angeles,2013,4,28
2013-04-29,133,Unhealthy for Sensitive Groups,Ozone,19,Los Angeles,California,34.1141,-118.4068,12531334.0,3267.0,America/Los_Angeles,2013,4,29
2013-04-30,93,Moderate,Ozone,19,Los Angeles,California,34.1141,-118.4068,12531334.0,3267.0,America/Los_Angeles,2013,4,30
2013-05-01,93,Moderate,Ozone,20,Los Angeles,California,34.1141,-118.4068,12531334.0,3267.0,America/Los_Angeles,2013,5,1
2013-05-02,115,Unhealthy for Sensitive Groups,Ozone,19,Los Angeles,California,34.1141,-118.4068,12531334.0,3267.0,America/Los_Angeles,2013,5,2
2013-05-03,169,Unhealthy,Ozone,19,Los Angeles,California,34.1141,-118.4068,12531334.0,3267.0,America/Los_Angeles,2013,5,3
2013-05-04,156,Unhealthy,Ozone,20,Los Angeles,California,34.1141,-118.4068,12531334.0,3267.0,America/Los_Angeles,2013,5,4
2013-05-05,67,Moderate,Ozone,19,Los Angeles,California,34.1141,-118.4068,12531334.0,3267.0,America/Los_Angeles,2013,5,5
2013-05-06,53,Moderate,PM2.5,19,Los Angeles,California,34.1141,-118.4068,12531334.0,3267.0,America/Los_Angeles,2013,5,6
2013-05-07,53,Moderate,PM2.5,20,Los Angeles,California,34.1141,-118.4068,12531334.0,3267.0,America/Los_Angeles,2013,5,7
2013-05-08,58,Moderate,Ozone,18,Los Angeles,California,34.1141,-118.4068,12531334.0,3267.0,America/Los_Angeles,2013,5,8
2013-05-09,67,Moderate,Ozone,18,Los Angeles,California,34.1141,-118.4068,12531334.0,3267.0,America/Los_Angeles,2013,5,9
2013-05-10,84,Moderate,Ozone,19,Los Angeles,California,34.1141,-118.4068,12531334.0,3267.0,America/Los_Angeles,2013,5,10
2013-05-11,140,Unhealthy for Sensitive Groups,Ozone,18,Los Angeles,California,34.1141,-118.4068,12531334.0,3267.0,America/Los_Angeles,2013,5,11
2013-05-12,172,Unhealthy,Ozone,18,Los Angeles,California,34.1141,-118.4068,12531334.0,3267.0,America/Los_Angeles,2013,5,12
2013-05-13,147,Unhealthy for Sensitive Groups,Ozone,19,Los Angeles,California,34.1141,-118.4068,12531334.0,3267.0,America/Los_Angeles,2013,5,13
2013-05-14,100,Moderate,Ozone,18,Los Angeles,California,34.1141,-118.4068,12531334.0,3267.0,America/Los_Angeles,2013,5,14
2013-05-15,87,Moderate,Ozone,18,Los Angeles,California,34.1141,-118.4068,12531334.0,3267.0,America/Los_Angeles,2013,5,15
2013-05-16,76,Moderate,PM2.5,19,Los Angeles,California,34.1141,-118.4068,12531334.0,3267.0,America/Los_Angeles,2013,5,16
2013-05-17,67,Moderate,Ozone,18,Los Angeles,California,34.1141,-118.4068,12531334.0,3267.0,America/Los_Angeles,2013,5,17
2013-05-18,97,Moderate,Ozone,18,Los Angeles,California,34.1141,-118.4068,12531334.0,3267.0,America/Los_Angeles,2013,5,18
2013-05-19,115,Unhealthy for Sensitive Groups,Ozone,19,Los Angeles,California,34.1141,-118.4068,12531334.0,3267.0,America/Los_Angeles,2013,5,19
2013-05-20,112,Unhealthy for Sensitive Groups,Ozone,18,Los Angeles,California,34.1141,-118.4068,12531334.0,3267.0,America/Los_Angeles,2013,5,20
2013-05-21,161,Unhealthy,Ozone,19,Los Angeles,California,34.1141,-118.4068,12531334.0,3267.0,America/Los_Angeles,2013,5,21
2013-05-22,97,Moderate,Ozone,20,Los Angeles,California,34.1141,-118.4068,12531334.0,3267.0,America/Los_Angeles,2013,5,22
2013-05-23,87,Moderate,Ozone,18,Los Angeles,California,34.1141,-118.4068,12531334.0,3267.0,America/Los_Angeles,2013,5,23
2013-05-24,119,Unhealthy for Sensitive Groups,Ozone,19,Los Angeles,California,34.1141,-118.4068,12531334.0,3267.0,America/Los_Angeles,2013,5,24
2013-05-25,105,Unhealthy for Sensitive Groups,Ozone,20,Los Angeles,California,34.1141,-118.4068,12531334.0,3267.0,America/Los_Angeles,2013,5,25
2013-05-26,84,Moderate,Ozone,19,Los Angeles,California,34.1141,-118.4068,12531334.0,3267.0,America/Los_Angeles,2013,5,26
2013-05-27,71,Moderate,Ozone,19,Los Angeles,California,34.1141,-118.4068,12531334.0,3267.0,America/Los_Angeles,2013,5,27
2013-05-28,59,Moderate,PM2.5,20,Los Angeles,California,34.1141,-118.4068,12531334.0,3267.0,America/Los_Angeles,2013,5,28
2013-05-29,77,Moderate,Ozone,19,Los Angeles,California,34.1141,-118.4068,12531334.0,3267.0,America/Los_Angeles,2013,5,29
2013-05-30,126,Unhealthy for Sensitive Groups,Ozone,19,Los Angeles,California,34.1141,-118.4068,12531334.0,3267.0,America/Los_Angeles,2013,5,30
2013-05-31,112,Unhealthy for Sensitive Groups,Ozone,20,Los Angeles,California,34.1141,-118.4068,12531334.0,3267.0,America/Los_Angeles,2013,5,31
2013-06-01,187,Unhealthy,Ozone,19,Los Angeles,California,34.1141,-118.4068,12531334.0,3267.0,America/Los_Angeles,2013,6,1
2013-06-02,150,Unhealthy for Sensitive Groups,Ozone,19,Los Angeles,California,34.1141,-118.4068,12531334.0,3267.0,America/Los_Angeles,2013,6,2
2013-06-03,93,Moderate,Ozone,20,Los Angeles,California,34.1141,-118.4068,12531334.0,3267.0,America/Los_Angeles,2013,6,3
2013-06-04,101,Unhealthy for Sensitive Groups,Ozone,20,Los Angeles,California,34.1141,-118.4068,12531334.0,3267.0,America/Los_Angeles,2013,6,4
2013-06-05,143,Unhealthy for Sensitive Groups,Ozone,20,Los Angeles,California,34.1141,-118.4068,12531334.0,3267.0,America/Los_Angeles,2013,6,5
2013-06-06,100,Moderate,Ozone,21,Los Angeles,California,34.1141,-118.4068,12531334.0,3267.0,America/Los_Angeles,2013,6,6
2013-06-07,119,Unhealthy for Sensitive Groups,Ozone,20,Los Angeles,California,34.1141,-118.4068,12531334.0,3267.0,America/Los_Angeles,2013,6,7
2013-06-08,136,Unhealthy for Sensitive Groups,Ozone,20,Los Angeles,California,34.1141,-118.4068,12531334.0,3267.0,America/Los_Angeles,2013,6,8
2013-06-09,122,Unhealthy for Sensitive Groups,Ozone,21,Los Angeles,California,34.1141,-118.4068,12531334.0,3267.0,America/Los_Angeles,2013,6,9
2013-06-10,71,Moderate,Ozone,20,Los Angeles,California,34.1141,-118.4068,12531334.0,3267.0,America/Los_Angeles,2013,6,10
2013-06-11,112,Unhealthy for Sensitive Groups,Ozone,20,Los Angeles,California,34.1141,-118.4068,12531334.0,3267.0,America/Los_Angeles,2013,6,11
2013-06-12,93,Moderate,Ozone,21,Los Angeles,California,34.1141,-118.4068,12531334.0,3267.0,America/Los_Angeles,2013,6,12
2013-06-13,119,Unhealthy for Sensitive Groups,Ozone,20,Los Angeles,California,34.1141,-118.4068,12531334.0,3267.0,America/Los_Angeles,2013,6,13
2013-06-14,161,Unhealthy,Ozone,20,Los Angeles,California,34.1141,-118.4068,12531334.0,3267.0,America/Los_Angeles,2013,6,14
2013-06-15,150,Unhealthy for Sensitive Groups,Ozone,20,Los Angeles,California,34.1141,-118.4068,12531334.0,3267.0,America/Los_Angeles,2013,6,15
2013-06-16,140,Unhealthy for Sensitive Groups,Ozone,18,Los Angeles,California,34.1141,-118.4068,12531334.0,3267.0,America/Los_Angeles,2013,6,16
2013-06-17,119,Unhealthy for Sensitive Groups,Ozone,18,Los Angeles,California,34.1141,-118.4068,12531334.0,3267.0,America/Los_Angeles,2013,6,17
2013-06-18,100,Moderate,Ozone,21,Los Angeles,California,34.1141,-118.4068,12531334.0,3267.0,America/Los_Angeles,2013,6,18
2013-06-19,64,Moderate,Ozone,20,Los Angeles,California,34.1141,-118.4068,12531334.0,3267.0,America/Los_Angeles,2013,6,19
2013-06-20,101,Unhealthy for Sensitive Groups,Ozone,20,Los Angeles,California,34.1141,-118.4068,12531334.0,3267.0,America/Los_Angeles,2013,6,20
2013-06-21,126,Unhealthy for Sensitive Groups,Ozone,20,Los Angeles,California,34.1141,-118.4068,12531334.0,3267.0,America/Los_Angeles,2013,6,21
2013-06-22,140,Unhealthy for Sensitive Groups,Ozone,19,Los Angeles,California,34.1141,-118.4068,12531334.0,3267.0,America/Los_Angeles,2013,6,22
2013-06-23,90,Moderate,Ozone,19,Los Angeles,California,34.1141,-118.4068,12531334.0,3267.0,America/Los_Angeles,2013,6,23
2013-06-24,54,Moderate,PM2.5,20,Los Angeles,California,34.1141,-118.4068,12531334.0,3267.0,America/Los_Angeles,2013,6,24
2013-06-25,61,Moderate,Ozone,19,Los Angeles,California,34.1141,-118.4068,12531334.0,3267.0,America/Los_Angeles,2013,6,25
2013-06-26,143,Unhealthy for Sensitive Groups,Ozone,20,Los Angeles,California,34.1141,-118.4068,12531334.0,3267.0,America/Los_Angeles,2013,6,26
2013-06-27,67,Moderate,Ozone,21,Los Angeles,California,34.1141,-118.4068,12531334.0,3267.0,America/Los_Angeles,2013,6,27
2013-06-28,154,Unhealthy,Ozone,19,Los Angeles,California,34.1141,-118.4068,12531334.0,3267.0,America/Los_Angeles,2013,6,28
2013-06-29,197,Unhealthy,Ozone,20,Los Angeles,California,34.1141,-118.4068,12531334.0,3267.0,America/Los_Angeles,2013,6,29
2013-06-30,190,Unhealthy,Ozone,21,Los Angeles,California,34.1141,-118.4068,12531334.0,3267.0,America/Los_Angeles,2013,6,30
2013-07-01,90,Moderate,Ozone,20,Los Angeles,California,34.1141,-118.4068,12531334.0,3267.0,America/Los_Angeles,2013,7,1
2013-07-02,100,Moderate,Ozone,20,Los Angeles,California,34.1141,-118.4068,12531334.0,3267.0,America/Los_Angeles,2013,7,2
2013-07-03,129,Unhealthy for Sensitive Groups,Ozone,21,Los Angeles,California,34.1141,-118.4068,12531334.0,3267.0,America/Los_Angeles,2013,7,3
2013-07-04,129,Unhealthy for Sensitive Groups,Ozone,20,Los Angeles,California,34.1141,-118.4068,12531334.0,3267.0,America/Los_Angeles,2013,7,4
2013-07-05,163,Unhealthy,PM2.5,20,Los Angeles,California,34.1141,-118.4068,12531334.0,3267.0,America/Los_Angeles,2013,7,5
2013-07-06,119,Unhealthy for Sensitive Groups,Ozone,21,Los Angeles,California,34.1141,-118.4068,12531334.0,3267.0,America/Los_Angeles,2013,7,6
2013-07-07,150,Unhealthy for Sensitive Groups,Ozone,20,Los Angeles,California,34.1141,-118.4068,12531334.0,3267.0,America/Los_Angeles,2013,7,7
2013-07-08,129,Unhealthy for Sensitive Groups,Ozone,20,Los Angeles,California,34.1141,-118.4068,12531334.0,3267.0,America/Los_Angeles,2013,7,8
2013-07-09,166,Unhealthy,Ozone,21,Los Angeles,California,34.1141,-118.4068,12531334.0,3267.0,America/Los_Angeles,2013,7,9
2013-07-10,80,Moderate,Ozone,20,Los Angeles,California,34.1141,-118.4068,12531334.0,3267.0,America/Los_Angeles,2013,7,10
2013-07-11,74,Moderate,PM2.5,20,Los Angeles,California,34.1141,-118.4068,12531334.0,3267.0,America/Los_Angeles,2013,7,11
2013-07-12,77,Moderate,Ozone,21,Los Angeles,California,34.1141,-118.4068,12531334.0,3267.0,America/Los_Angeles,2013,7,12
2013-07-13,115,Unhealthy for Sensitive Groups,Ozone,20,Los Angeles,California,34.1141,-118.4068,12531334.0,3267.0,America/Los_Angeles,2013,7,13
2013-07-14,166,Unhealthy,Ozone,20,Los Angeles,California,34.1141,-118.4068,12531334.0,3267.0,America/Los_Angeles,2013,7,14
2013-07-15,74,Moderate,Ozone,21,Los Angeles,California,34.1141,-118.4068,12531334.0,3267.0,America/Los_Angeles,2013,7,15
2013-07-16,101,Unhealthy for Sensitive Groups,Ozone,19,Los Angeles,California,34.1141,-118.4068,12531334.0,3267.0,America/Los_Angeles,2013,7,16
2013-07-17,119,Unhealthy for Sensitive Groups,Ozone,19,Los Angeles,California,34.1141,-118.4068,12531334.0,3267.0,America/Los_Angeles,2013,7,17
2013-07-18,169,Unhealthy,Ozone,21,Los Angeles,California,34.1141,-118.4068,12531334.0,3267.0,America/Los_Angeles,2013,7,18
2013-07-19,169,Unhealthy,Ozone,20,Los Angeles,California,34.1141,-118.4068,12531334.0,3267.0,America/Los_Angeles,2013,7,19
2013-07-20,150,Unhealthy for Sensitive Groups,Ozone,20,Los Angeles,California,34.1141,-118.4068,12531334.0,3267.0,America/Los_Angeles,2013,7,20
2013-07-21,75,Moderate,PM2.5,21,Los Angeles,California,34.1141,-118.4068,12531334.0,3267.0,America/Los_Angeles,2013,7,21
2013-07-22,90,Moderate,Ozone,20,Los Angeles,California,34.1141,-118.4068,12531334.0,3267.0,America/Los_Angeles,2013,7,22
2013-07-23,108,Unhealthy for Sensitive Groups,Ozone,20,Los Angeles,California,34.1141,-118.4068,12531334.0,3267.0,America/Los_Angeles,2013,7,23
2013-07-24,108,Unhealthy for Sensitive Groups,Ozone,21,Los Angeles,California,34.1141,-118.4068,12531334.0,3267.0,America/Los_Angeles,2013,7,24
2013-07-25,136,Unhealthy for Sensitive Groups,Ozone,20,Los Angeles,California,34.1141,-118.4068,12531334.0,3267.0,America/Los_Angeles,2013,7,25
2013-07-26,119,Unhealthy for Sensitive Groups,Ozone,20,Los Angeles,California,34.1141,-118.4068,12531334.0,3267.0,America/Los_Angeles,2013,7,26
2013-07-27,161,Unhealthy,Ozone,21,Los Angeles,California,34.1141,-118.4068,12531334.0,3267.0,America/Los_Angeles,2013,7,27
2013-07-28,93,Moderate,Ozone,20,Los Angeles,California,34.1141,-118.4068,12531334.0,3267.0,America/Los_Angeles,2013,7,28
2013-07-29,77,Moderate,Ozone,20,Los Angeles,California,34.1141,-118.4068,12531334.0,3267.0,America/Los_Angeles,2013,7,29
2013-07-30,71,Moderate,Ozone,21,Los Angeles,California,34.1141,-118.4068,12531334.0,3267.0,America/Los_Angeles,2013,7,30
2013-07-31,105,Unhealthy for Sensitive Groups,Ozone,20,Los Angeles,California,34.1141,-118.4068,12531334.0,3267.0,America/Los_Angeles,2013,7,31
2013-08-01,93,Moderate,Ozone,20,Los Angeles,California,34.1141,-118.4068,12531334.0,3267.0,America/Los_Angeles,2013,8,1
2013-08-02,150,Unhealthy for Sensitive Groups,Ozone,21,Los Angeles,California,34.1141,-118.4068,12531334.0,3267.0,America/Los_Angeles,2013,8,2
2013-08-03,140,Unhealthy for Sensitive Groups,Ozone,20,Los Angeles,California,34.1141,-118.4068,12531334.0,3267.0,America/Los_Angeles,2013,8,3
2013-08-04,136,Unhealthy for Sensitive Groups,Ozone,20,Los Angeles,California,34.1141,-118.4068,12531334.0,3267.0,America/Los_Angeles,2013,8,4
2013-08-05,87,Moderate,Ozone,21,Los Angeles,California,34.1141,-118.4068,12531334.0,3267.0,America/Los_Angeles,2013,8,5
2013-08-06,71,Moderate,Ozone,20,Los Angeles,California,34.1141,-118.4068,12531334.0,3267.0,America/Los_Angeles,2013,8,6
2013-08-07,74,Moderate,Ozone,20,Los Angeles,California,34.1141,-118.4068,12531334.0,3267.0,America/Los_Angeles,2013,8,7
2013-08-08,67,Moderate,Ozone,20,Los Angeles,California,34.1141,-118.4068,12531334.0,3267.0,America/Los_Angeles,2013,8,8
2013-08-09,77,Moderate,Ozone,19,Los Angeles,California,34.1141,-118.4068,12531334.0,3267.0,America/Los_Angeles,2013,8,9
2013-08-10,101,Unhealthy for Sensitive Groups,Ozone,19,Los Angeles,California,34.1141,-118.4068,12531334.0,3267.0,America/Los_Angeles,2013,8,10
2013-08-11,115,Unhealthy for Sensitive Groups,Ozone,20,Los Angeles,California,34.1141,-118.4068,12531334.0,3267.0,America/Los_Angeles,2013,8,11
2013-08-12,151,Unhealthy,Ozone,19,Los Angeles,California,34.1141,-118.4068,12531334.0,3267.0,America/Los_Angeles,2013,8,12
2013-08-13,169,Unhealthy,Ozone,19,Los Angeles,California,34.1141,-118.4068,12531334.0,3267.0,America/Los_Angeles,2013,8,13
2013-08-14,166,Unhealthy,Ozone,21,Los Angeles,California,34.1141,-118.4068,12531334.0,3267.0,America/Los_Angeles,2013,8,14
2013-08-15,172,Unhealthy,Ozone,20,Los Angeles,California,34.1141,-118.4068,12531334.0,3267.0,America/Los_Angeles,2013,8,15
2013-08-16,172,Unhealthy,Ozone,20,Los Angeles,California,34.1141,-118.4068,12531334.0,3267.0,America/Los_Angeles,2013,8,16
2013-08-17,100,Moderate,Ozone,21,Los Angeles,California,34.1141,-118.4068,12531334.0,3267.0,America/Los_Angeles,2013,8,17
2013-08-18,129,Unhealthy for Sensitive Groups,Ozone,20,Los Angeles,California,34.1141,-118.4068,12531334.0,3267.0,America/Los_Angeles,2013,8,18
2013-08-19,100,Moderate,Ozone,20,Los Angeles,California,34.1141,-118.4068,12531334.0,3267.0,America/Los_Angeles,2013,8,19
2013-08-20,105,Unhealthy for Sensitive Groups,Ozone,21,Los Angeles,California,34.1141,-118.4068,12531334.0,3267.0,America/Los_Angeles,2013,8,20
2013-08-21,80,Moderate,Ozone,20,Los Angeles,California,34.1141,-118.4068,12531334.0,3267.0,America/Los_Angeles,2013,8,21
2013-08-22,71,Moderate,Ozone,20,Los Angeles,California,34.1141,-118.4068,12531334.0,3267.0,America/Los_Angeles,2013,8,22
2013-08-23,97,Moderate,Ozone,21,Los Angeles,California,34.1141,-118.4068,12531334.0,3267.0,America/Los_Angeles,2013,8,23
2013-08-24,108,Unhealthy for Sensitive Groups,Ozone,20,Los Angeles,California,34.1141,-118.4068,12531334.0,3267.0,America/Los_Angeles,2013,8,24
2013-08-25,133,Unhealthy for Sensitive Groups,Ozone,20,Los Angeles,California,34.1141,-118.4068,12531334.0,3267.0,America/Los_Angeles,2013,8,25
2013-08-26,58,Moderate,PM2.5,21,Los Angeles,California,34.1141,-118.4068,12531334.0,3267.0,America/Los_Angeles,2013,8,26
2013-08-27,74,Moderate,Ozone,20,Los Angeles,California,34.1141,-118.4068,12531334.0,3267.0,America/Los_Angeles,2013,8,27
2013-08-28,67,Moderate,Ozone,20,Los Angeles,California,34.1141,-118.4068,12531334.0,3267.0,America/Los_Angeles,2013,8,28
2013-08-29,77,Moderate,Ozone,21,Los Angeles,California,34.1141,-118.4068,12531334.0,3267.0,America/Los_Angeles,2013,8,29
2013-08-30,105,Unhealthy for Sensitive Groups,Ozone,20,Los Angeles,California,34.1141,-118.4068,12531334.0,3267.0,America/Los_Angeles,2013,8,30
2013-08-31,56,Moderate,PM2.5,20,Los Angeles,California,34.1141,-118.4068,12531334.0,3267.0,America/Los_Angeles,2013,8,31
2013-09-01,47,Good,PM2.5,21,Los Angeles,California,34.1141,-118.4068,12531334.0,3267.0,America/Los_Angeles,2013,9,1
2013-09-02,54,Moderate,PM2.5,20,Los Angeles,California,34.1141,-118.4068,12531334.0,3267.0,America/Los_Angeles,2013,9,2
2013-09-03,57,Moderate,PM2.5,20,Los Angeles,California,34.1141,-118.4068,12531334.0,3267.0,America/Los_Angeles,2013,9,3
2013-09-04,58,Moderate,Ozone,21,Los Angeles,California,34.1141,-118.4068,12531334.0,3267.0,America/Los_Angeles,2013,9,4
2013-09-05,93,Moderate,Ozone,20,Los Angeles,California,34.1141,-118.4068,12531334.0,3267.0,America/Los_Angeles,2013,9,5
2013-09-06,74,Moderate,Ozone,20,Los Angeles,California,34.1141,-118.4068,12531334.0,3267.0,America/Los_Angeles,2013,9,6
2013-09-07,143,Unhealthy for Sensitive Groups,Ozone,21,Los Angeles,California,34.1141,-118.4068,12531334.0,3267.0,America/Los_Angeles,2013,9,7
2013-09-08,119,Unhealthy for Sensitive Groups,Ozone,20,Los Angeles,California,34.1141,-118.4068,12531334.0,3267.0,America/Los_Angeles,2013,9,8
2013-09-09,84,Moderate,Ozone,20,Los Angeles,California,34.1141,-118.4068,12531334.0,3267.0,America/Los_Angeles,2013,9,9
2013-09-10,69,Moderate,PM2.5,21,Los Angeles,California,34.1141,-118.4068,12531334.0,3267.0,America/Los_Angeles,2013,9,10
2013-09-11,60,Moderate,PM2.5,20,Los Angeles,California,34.1141,-118.4068,12531334.0,3267.0,America/Los_Angeles,2013,9,11
2013-09-12,84,Moderate,Ozone,20,Los Angeles,California,34.1141,-118.4068,12531334.0,3267.0,America/Los_Angeles,2013,9,12
2013-09-13,119,Unhealthy for Sensitive Groups,Ozone,21,Los Angeles,California,34.1141,-118.4068,12531334.0,3267.0,America/Los_Angeles,2013,9,13
2013-09-14,166,Unhealthy,Ozone,20,Los Angeles,California,34.1141,-118.4068,12531334.0,3267.0,America/Los_Angeles,2013,9,14
2013-09-15,159,Unhealthy,Ozone,20,Los Angeles,California,34.1141,-118.4068,12531334.0,3267.0,America/Los_Angeles,2013,9,15
2013-09-16,97,Moderate,Ozone,21,Los Angeles,California,34.1141,-118.4068,12531334.0,3267.0,America/Los_Angeles,2013,9,16
2013-09-17,87,Moderate,Ozone,20,Los Angeles,California,34.1141,-118.4068,12531334.0,3267.0,America/Los_Angeles,2013,9,17
2013-09-18,93,Moderate,Ozone,20,Los Angeles,California,34.1141,-118.4068,12531334.0,3267.0,America/Los_Angeles,2013,9,18
2013-09-19,105,Unhealthy for Sensitive Groups,Ozone,21,Los Angeles,California,34.1141,-118.4068,12531334.0,3267.0,America/Los_Angeles,2013,9,19
2013-09-20,154,Unhealthy,Ozone,20,Los Angeles,California,34.1141,-118.4068,12531334.0,3267.0,America/Los_Angeles,2013,9,20
2013-09-21,84,Moderate,Ozone,20,Los Angeles,California,34.1141,-118.4068,12531334.0,3267.0,America/Los_Angeles,2013,9,21
2013-09-22,51,Moderate,Ozone,21,Los Angeles,California,34.1141,-118.4068,12531334.0,3267.0,America/Los_Angeles,2013,9,22
2013-09-23,80,Moderate,Ozone,20,Los Angeles,California,34.1141,-118.4068,12531334.0,3267.0,America/Los_Angeles,2013,9,23
2013-09-24,87,Moderate,Ozone,20,Los Angeles,California,34.1141,-118.4068,12531334.0,3267.0,America/Los_Angeles,2013,9,24
2013-09-25,58,Moderate,Ozone,21,Los Angeles,California,34.1141,-118.4068,12531334.0,3267.0,America/Los_Angeles,2013,9,25
2013-09-26,50,Good,PM2.5,20,Los Angeles,California,34.1141,-118.4068,12531334.0,3267.0,America/Los_Angeles,2013,9,26
2013-09-27,52,Moderate,PM2.5,20,Los Angeles,California,34.1141,-118.4068,12531334.0,3267.0,America/Los_Angeles,2013,9,27
2013-09-28,67,Moderate,Ozone,21,Los Angeles,California,34.1141,-118.4068,12531334.0,3267.0,America/Los_Angeles,2013,9,28
2013-09-29,105,Unhealthy for Sensitive Groups,Ozone,20,Los Angeles,California,34.1141,-118.4068,12531334.0,3267.0,America/Los_Angeles,2013,9,29
2013-09-30,69,Moderate,PM2.5,20,Los Angeles,California,34.1141,-118.4068,12531334.0,3267.0,America/Los_Angeles,2013,9,30
2013-10-01,93,Moderate,Ozone,21,Los Angeles,California,34.1141,-118.4068,12531334.0,3267.0,America/Los_Angeles,2013,10,1
2013-10-02,74,Moderate,Ozone,20,Los Angeles,California,34.1141,-118.4068,12531334.0,3267.0,America/Los_Angeles,2013,10,2
2013-10-03,69,Moderate,PM10,20,Los Angeles,California,34.1141,-118.4068,12531334.0,3267.0,America/Los_Angeles,2013,10,3
2013-10-04,74,Moderate,PM2.5,21,Los Angeles,California,34.1141,-118.4068,12531334.0,3267.0,America/Los_Angeles,2013,10,4
2013-10-05,67,Moderate,Ozone,20,Los Angeles,California,34.1141,-118.4068,12531334.0,3267.0,America/Los_Angeles,2013,10,5
2013-10-06,90,Moderate,Ozone,20,Los Angeles,California,34.1141,-118.4068,12531334.0,3267.0,America/Los_Angeles,2013,10,6
2013-10-07,80,Moderate,Ozone,21,Los Angeles,California,34.1141,-118.4068,12531334.0,3267.0,America/Los_Angeles,2013,10,7
2013-10-08,68,Moderate,PM2.5,20,Los Angeles,California,34.1141,-118.4068,12531334.0,3267.0,America/Los_Angeles,2013,10,8
2013-10-09,48,Good,PM2.5,20,Los Angeles,California,34.1141,-118.4068,12531334.0,3267.0,America/Los_Angeles,2013,10,9
2013-10-10,59,Moderate,PM2.5,20,Los Angeles,California,34.1141,-118.4068,12531334.0,3267.0,America/Los_Angeles,2013,10,10
2013-10-11,67,Moderate,PM2.5,20,Los Angeles,California,34.1141,-118.4068,12531334.0,3267.0,America/Los_Angeles,2013,10,11
2013-10-12,80,Moderate,Ozone,20,Los Angeles,California,34.1141,-118.4068,12531334.0,3267.0,America/Los_Angeles,2013,10,12
2013-10-13,65,Moderate,PM2.5,20,Los Angeles,California,34.1141,-118.4068,12531334.0,3267.0,America/Los_Angeles,2013,10,13
2013-10-14,66,Moderate,PM2.5,20,Los Angeles,California,34.1141,-118.4068,12531334.0,3267.0,America/Los_Angeles,2013,10,14
2013-10-15,56,Moderate,NO2,20,Los Angeles,California,34.1141,-118.4068,12531334.0,3267.0,America/Los_Angeles,2013,10,15
2013-10-16,57,Moderate,NO2,20,Los Angeles,California,34.1141,-118.4068,12531334.0,3267.0,America/Los_Angeles,2013,10,16
2013-10-17,87,Moderate,Ozone,20,Los Angeles,California,34.1141,-118.4068,12531334.0,3267.0,America/Los_Angeles,2013,10,17
2013-10-18,77,Moderate,Ozone,20,Los Angeles,California,34.1141,-118.4068,12531334.0,3267.0,America/Los_Angeles,2013,10,18
2013-10-19,90,Moderate,Ozone,21,Los Angeles,California,34.1141,-118.4068,12531334.0,3267.0,America/Los_Angeles,2013,10,19
2013-10-20,105,Unhealthy for Sensitive Groups,Ozone,20,Los Angeles,California,34.1141,-118.4068,12531334.0,3267.0,America/Los_Angeles,2013,10,20
2013-10-21,118,Unhealthy for Sensitive Groups,PM2.5,20,Los Angeles,California,34.1141,-118.4068,12531334.0,3267.0,America/Los_Angeles,2013,10,21
2013-10-22,88,Moderate,PM2.5,21,Los Angeles,California,34.1141,-118.4068,12531334.0,3267.0,America/Los_Angeles,2013,10,22
2013-10-23,93,Moderate,PM2.5,20,Los Angeles,California,34.1141,-118.4068,12531334.0,3267.0,America/Los_Angeles,2013,10,23
2013-10-24,95,Moderate,PM2.5,20,Los Angeles,California,34.1141,-118.4068,12531334.0,3267.0,America/Los_Angeles,2013,10,24
2013-10-25,106,Unhealthy for Sensitive Groups,PM2.5,21,Los Angeles,California,34.1141,-118.4068,12531334.0,3267.0,America/Los_Angeles,2013,10,25
2013-10-26,131,Unhealthy for Sensitive Groups,PM2.5,20,Los Angeles,California,34.1141,-118.4068,12531334.0,3267.0,America/Los_Angeles,2013,10,26
2013-10-27,103,Unhealthy for Sensitive Groups,PM2.5,20,Los Angeles,California,34.1141,-118.4068,12531334.0,3267.0,America/Los_Angeles,2013,10,27
2013-10-28,40,Good,PM10,21,Los Angeles,California,34.1141,-118.4068,12531334.0,3267.0,America/Los_Angeles,2013,10,28
2013-10-29,43,Good,PM2.5,20,Los Angeles,California,34.1141,-118.4068,12531334.0,3267.0,America/Los_Angeles,2013,10,29
2013-10-30,54,Moderate,PM2.5,20,Los Angeles,California,34.1141,-118.4068,12531334.0,3267.0,America/Los_Angeles,2013,10,30
2013-10-31,61,Moderate,PM2.5,21,Los Angeles,California,34.1141,-118.4068,12531334.0,3267.0,America/Los_Angeles,2013,10,31
2013-11-01,66,Moderate,PM2.5,20,Los Angeles,California,34.1141,-118.4068,12531334.0,3267.0,America/Los_Angeles,2013,11,1
2013-11-02,64,Moderate,PM2.5,20,Los Angeles,California,34.1141,-118.4068,12531334.0,3267.0,America/Los_Angeles,2013,11,2
2013-11-03,84,Moderate,Ozone,21,Los Angeles,California,34.1141,-118.4068,12531334.0,3267.0,America/Los_Angeles,2013,11,3
2013-11-04,56,Moderate,PM2.5,20,Los Angeles,California,34.1141,-118.4068,12531334.0,3267.0,America/Los_Angeles,2013,11,4
2013-11-05,63,Moderate,PM2.5,20,Los Angeles,California,34.1141,-118.4068,12531334.0,3267.0,America/Los_Angeles,2013,11,5
2013-11-06,56,Moderate,PM2.5,21,Los Angeles,California,34.1141,-118.4068,12531334.0,3267.0,America/Los_Angeles,2013,11,6
2013-11-07,60,Moderate,NO2,20,Los Angeles,California,34.1141,-118.4068,12531334.0,3267.0,America/Los_Angeles,2013,11,7
2013-11-08,62,Moderate,PM2.5,20,Los Angeles,California,34.1141,-118.4068,12531334.0,3267.0,America/Los_Angeles,2013,11,8
2013-11-09,88,Moderate,PM2.5,21,Los Angeles,California,34.1141,-118.4068,12531334.0,3267.0,America/Los_Angeles,2013,11,9
2013-11-10,85,Moderate,PM2.5,20,Los Angeles,California,34.1141,-118.4068,12531334.0,3267.0,America/Los_Angeles,2013,11,10
2013-11-11,82,Moderate,PM2.5,20,Los Angeles,California,34.1141,-118.4068,12531334.0,3267.0,America/Los_Angeles,2013,11,11
2013-11-12,115,Unhealthy for Sensitive Groups,PM2.5,21,Los Angeles,California,34.1141,-118.4068,12531334.0,3267.0,America/Los_Angeles,2013,11,12
2013-11-13,77,Moderate,PM2.5,20,Los Angeles,California,34.1141,-118.4068,12531334.0,3267.0,America/Los_Angeles,2013,11,13
2013-11-14,80,Moderate,NO2,20,Los Angeles,California,34.1141,-118.4068,12531334.0,3267.0,America/Los_Angeles,2013,11,14
2013-11-15,78,Moderate,PM2.5,21,Los Angeles,California,34.1141,-118.4068,12531334.0,3267.0,America/Los_Angeles,2013,11,15
2013-11-16,62,Moderate,PM2.5,20,Los Angeles,California,34.1141,-118.4068,12531334.0,3267.0,America/Los_Angeles,2013,11,16
2013-11-17,63,Moderate,PM2.5,20,Los Angeles,California,34.1141,-118.4068,12531334.0,3267.0,America/Los_Angeles,2013,11,17
2013-11-18,66,Moderate,PM2.5,21,Los Angeles,California,34.1141,-118.4068,12531334.0,3267.0,America/Los_Angeles,2013,11,18
2013-11-19,58,Moderate,PM2.5,20,Los Angeles,California,34.1141,-118.4068,12531334.0,3267.0,America/Los_Angeles,2013,11,19
2013-11-20,60,Moderate,PM2.5,20,Los Angeles,California,34.1141,-118.4068,12531334.0,3267.0,America/Los_Angeles,2013,11,20
2013-11-21,37,Good,Ozone,20,Los Angeles,California,34.1141,-118.4068,12531334.0,3267.0,America/Los_Angeles,2013,11,21
2013-11-22,42,Good,PM2.5,19,Los Angeles,California,34.1141,-118.4068,12531334.0,3267.0,America/Los_Angeles,2013,11,22
2013-11-23,47,Good,PM2.5,20,Los Angeles,California,34.1141,-118.4068,12531334.0,3267.0,America/Los_Angeles,2013,11,23
2013-11-24,63,Moderate,PM2.5,21,Los Angeles,California,34.1141,-118.4068,12531334.0,3267.0,America/Los_Angeles,2013,11,24
2013-11-25,72,Moderate,PM2.5,20,Los Angeles,California,34.1141,-118.4068,12531334.0,3267.0,America/Los_Angeles,2013,11,25
2013-11-26,82,Moderate,PM2.5,20,Los Angeles,California,34.1141,-118.4068,12531334.0,3267.0,America/Los_Angeles,2013,11,26
2013-11-27,74,Moderate,PM2.5,21,Los Angeles,California,34.1141,-118.4068,12531334.0,3267.0,America/Los_Angeles,2013,11,27
2013-11-28,67,Moderate,PM2.5,20,Los Angeles,California,34.1141,-118.4068,12531334.0,3267.0,America/Los_Angeles,2013,11,28
2013-11-29,79,Moderate,PM2.5,19,Los Angeles,California,34.1141,-118.4068,12531334.0,3267.0,America/Los_Angeles,2013,11,29
2013-11-30,73,Moderate,PM2.5,20,Los Angeles,California,34.1141,-118.4068,12531334.0,3267.0,America/Los_Angeles,2013,11,30
2013-12-01,62,Moderate,PM2.5,19,Los Angeles,California,34.1141,-118.4068,12531334.0,3267.0,America/Los_Angeles,2013,12,1
2013-12-02,102,Unhealthy for Sensitive Groups,NO2,19,Los Angeles,California,34.1141,-118.4068,12531334.0,3267.0,America/Los_Angeles,2013,12,2
2013-12-03,65,Moderate,PM2.5,20,Los Angeles,California,34.1141,-118.4068,12531334.0,3267.0,America/Los_Angeles,2013,12,3
2013-12-04,50,Good,NO2,19,Los Angeles,California,34.1141,-118.4068,12531334.0,3267.0,America/Los_Angeles,2013,12,4
2013-12-05,58,Moderate,PM2.5,20,Los Angeles,California,34.1141,-118.4068,12531334.0,3267.0,America/Los_Angeles,2013,12,5
2013-12-06,64,Moderate,PM2.5,21,Los Angeles,California,34.1141,-118.4068,12531334.0,3267.0,America/Los_Angeles,2013,12,6
2013-12-07,61,Moderate,PM2.5,20,Los Angeles,California,34.1141,-118.4068,12531334.0,3267.0,America/Los_Angeles,2013,12,7
2013-12-08,68,Moderate,PM2.5,20,Los Angeles,California,34.1141,-118.4068,12531334.0,3267.0,America/Los_Angeles,2013,12,8
2013-12-09,71,Moderate,PM2.5,21,Los Angeles,California,34.1141,-118.4068,12531334.0,3267.0,America/Los_Angeles,2013,12,9
2013-12-10,56,Moderate,PM2.5,20,Los Angeles,California,34.1141,-118.4068,12531334.0,3267.0,America/Los_Angeles,2013,12,10
2013-12-11,66,Moderate,PM2.5,20,Los Angeles,California,34.1141,-118.4068,12531334.0,3267.0,America/Los_Angeles,2013,12,11
2013-12-12,72,Moderate,PM2.5,21,Los Angeles,California,34.1141,-118.4068,12531334.0,3267.0,America/Los_Angeles,2013,12,12
2013-12-13,103,Unhealthy for Sensitive Groups,PM2.5,20,Los Angeles,California,34.1141,-118.4068,12531334.0,3267.0,America/Los_Angeles,2013,12,13
2013-12-14,101,Unhealthy for Sensitive Groups,PM2.5,20,Los Angeles,California,34.1141,-118.4068,12531334.0,3267.0,America/Los_Angeles,2013,12,14
2013-12-15,74,Moderate,PM2.5,21,Los Angeles,California,34.1141,-118.4068,12531334.0,3267.0,America/Los_Angeles,2013,12,15
2013-12-16,60,Moderate,PM2.5,20,Los Angeles,California,34.1141,-118.4068,12531334.0,3267.0,America/Los_Angeles,2013,12,16
2013-12-17,75,Moderate,PM2.5,20,Los Angeles,California,34.1141,-118.4068,12531334.0,3267.0,America/Los_Angeles,2013,12,17
2013-12-18,71,Moderate,PM2.5,21,Los Angeles,California,34.1141,-118.4068,12531334.0,3267.0,America/Los_Angeles,2013,12,18
2013-12-19,52,Moderate,PM2.5,20,Los Angeles,California,34.1141,-118.4068,12531334.0,3267.0,America/Los_Angeles,2013,12,19
2013-12-20,64,Moderate,PM2.5,20,Los Angeles,California,34.1141,-118.4068,12531334.0,3267.0,America/Los_Angeles,2013,12,20
2013-12-21,94,Moderate,PM2.5,20,Los Angeles,California,34.1141,-118.4068,12531334.0,3267.0,America/Los_Angeles,2013,12,21
2013-12-22,117,Unhealthy for Sensitive Groups,PM2.5,20,Los Angeles,California,34.1141,-118.4068,12531334.0,3267.0,America/Los_Angeles,2013,12,22
2013-12-23,92,Moderate,PM2.5,20,Los Angeles,California,34.1141,-118.4068,12531334.0,3267.0,America/Los_Angeles,2013,12,23
2013-12-24,85,Moderate,PM2.5,21,Los Angeles,California,34.1141,-118.4068,12531334.0,3267.0,America/Los_Angeles,2013,12,24
2013-12-25,100,Moderate,PM2.5,20,Los Angeles,California,34.1141,-118.4068,12531334.0,3267.0,America/Los_Angeles,2013,12,25
2013-12-26,71,Moderate,NO2,20,Los Angeles,California,34.1141,-118.4068,12531334.0,3267.0,America/Los_Angeles,2013,12,26
2013-12-27,65,Moderate,NO2,21,Los Angeles,California,34.1141,-118.4068,12531334.0,3267.0,America/Los_Angeles,2013,12,27
2013-12-28,64,Moderate,PM2.5,20,Los Angeles,California,34.1141,-118.4068,12531334.0,3267.0,America/Los_Angeles,2013,12,28
2013-12-29,70,Moderate,PM2.5,20,Los Angeles,California,34.1141,-118.4068,12531334.0,3267.0,America/Los_Angeles,2013,12,29
2013-12-30,69,Moderate,PM2.5,21,Los Angeles,California,34.1141,-118.4068,12531334.0,3267.0,America/Los_Angeles,2013,12,30
2013-12-31,96,Moderate,PM2.5,20,Los Angeles,California,34.1141,-118.4068,12531334.0,3267.0,America/Los_Angeles,2013,12,31
2014-01-01,161,Unhealthy,PM2.5,21,Los Angeles,California,34.1141,-118.4068,12531334.0,3267.0,America/Los_Angeles,2014,1,1
2014-01-02,119,Unhealthy for Sensitive Groups,PM2.5,22,Los Angeles,California,34.1141,-118.4068,12531334.0,3267.0,America/Los_Angeles,2014,1,2
2014-01-03,93,Moderate,PM2.5,21,Los Angeles,California,34.1141,-118.4068,12531334.0,3267.0,America/Los_Angeles,2014,1,3
2014-01-04,118,Unhealthy for Sensitive Groups,PM2.5,21,Los Angeles,California,34.1141,-118.4068,12531334.0,3267.0,America/Los_Angeles,2014,1,4
2014-01-05,97,Moderate,PM2.5,22,Los Angeles,California,34.1141,-118.4068,12531334.0,3267.0,America/Los_Angeles,2014,1,5
2014-01-06,61,Moderate,NO2,21,Los Angeles,California,34.1141,-118.4068,12531334.0,3267.0,America/Los_Angeles,2014,1,6
2014-01-07,64,Moderate,PM2.5,21,Los Angeles,California,34.1141,-118.4068,12531334.0,3267.0,America/Los_Angeles,2014,1,7
2014-01-08,92,Moderate,PM2.5,22,Los Angeles,California,34.1141,-118.4068,12531334.0,3267.0,America/Los_Angeles,2014,1,8
2014-01-09,122,Unhealthy for Sensitive Groups,PM2.5,21,Los Angeles,California,34.1141,-118.4068,12531334.0,3267.0,America/Los_Angeles,2014,1,9
2014-01-10,142,Unhealthy for Sensitive Groups,PM2.5,21,Los Angeles,California,34.1141,-118.4068,12531334.0,3267.0,America/Los_Angeles,2014,1,10
2014-01-11,124,Unhealthy for Sensitive Groups,PM2.5,22,Los Angeles,California,34.1141,-118.4068,12531334.0,3267.0,America/Los_Angeles,2014,1,11
2014-01-12,115,Unhealthy for Sensitive Groups,PM2.5,21,Los Angeles,California,34.1141,-118.4068,12531334.0,3267.0,America/Los_Angeles,2014,1,12
2014-01-13,85,Moderate,PM2.5,21,Los Angeles,California,34.1141,-118.4068,12531334.0,3267.0,America/Los_Angeles,2014,1,13
2014-01-14,107,Unhealthy for Sensitive Groups,NO2,22,Los Angeles,California,34.1141,-118.4068,12531334.0,3267.0,America/Los_Angeles,2014,1,14
2014-01-15,85,Moderate,NO2,21,Los Angeles,California,34.1141,-118.4068,12531334.0,3267.0,America/Los_Angeles,2014,1,15
2014-01-16,98,Moderate,NO2,21,Los Angeles,California,34.1141,-118.4068,12531334.0,3267.0,America/Los_Angeles,2014,1,16
2014-01-17,94,Moderate,PM2.5,22,Los Angeles,California,34.1141,-118.4068,12531334.0,3267.0,America/Los_Angeles,2014,1,17
2014-01-18,80,Moderate,PM2.5,20,Los Angeles,California,34.1141,-118.4068,12531334.0,3267.0,America/Los_Angeles,2014,1,18
2014-01-19,95,Moderate,PM2.5,20,Los Angeles,California,34.1141,-118.4068,12531334.0,3267.0,America/Los_Angeles,2014,1,19
2014-01-20,107,Unhealthy for Sensitive Groups,PM2.5,21,Los Angeles,California,34.1141,-118.4068,12531334.0,3267.0,America/Los_Angeles,2014,1,20
2014-01-21,108,Unhealthy for Sensitive Groups,PM2.5,20,Los Angeles,California,34.1141,-118.4068,12531334.0,3267.0,America/Los_Angeles,2014,1,21
2014-01-22,77,Moderate,PM2.5,20,Los Angeles,California,34.1141,-118.4068,12531334.0,3267.0,America/Los_Angeles,2014,1,22
2014-01-23,96,Moderate,PM2.5,21,Los Angeles,California,34.1141,-118.4068,12531334.0,3267.0,America/Los_Angeles,2014,1,23
2014-01-24,89,Moderate,PM2.5,21,Los Angeles,California,34.1141,-118.4068,12531334.0,3267.0,America/Los_Angeles,2014,1,24
2014-01-25,74,Moderate,PM2.5,21,Los Angeles,California,34.1141,-118.4068,12531334.0,3267.0,America/Los_Angeles,2014,1,25
2014-01-26,76,Moderate,PM2.5,22,Los Angeles,California,34.1141,-118.4068,12531334.0,3267.0,America/Los_Angeles,2014,1,26
2014-01-27,75,Moderate,PM2.5,21,Los Angeles,California,34.1141,-118.4068,12531334.0,3267.0,America/Los_Angeles,2014,1,27
2014-01-28,96,Moderate,PM2.5,20,Los Angeles,California,34.1141,-118.4068,12531334.0,3267.0,America/Los_Angeles,2014,1,28
2014-01-29,125,Unhealthy for Sensitive Groups,PM2.5,22,Los Angeles,California,34.1141,-118.4068,12531334.0,3267.0,America/Los_Angeles,2014,1,29
2014-01-30,95,Moderate,PM2.5,21,Los Angeles,California,34.1141,-118.4068,12531334.0,3267.0,America/Los_Angeles,2014,1,30
2014-01-31,50,Good,PM2.5,21,Los Angeles,California,34.1141,-118.4068,12531334.0,3267.0,America/Los_Angeles,2014,1,31
2014-02-01,45,Good,PM2.5,21,Los Angeles,California,34.1141,-118.4068,12531334.0,3267.0,America/Los_Angeles,2014,2,1
2014-02-02,51,Moderate,PM2.5,21,Los Angeles,California,34.1141,-118.4068,12531334.0,3267.0,America/Los_Angeles,2014,2,2
2014-02-03,41,Good,NO2,20,Los Angeles,California,34.1141,-118.4068,12531334.0,3267.0,America/Los_Angeles,2014,2,3
2014-02-04,48,Good,PM2.5,21,Los Angeles,California,34.1141,-118.4068,12531334.0,3267.0,America/Los_Angeles,2014,2,4
2014-02-05,55,Moderate,PM2.5,20,Los Angeles,California,34.1141,-118.4068,12531334.0,3267.0,America/Los_Angeles,2014,2,5
2014-02-06,63,Moderate,PM2.5,20,Los Angeles,California,34.1141,-118.4068,12531334.0,3267.0,America/Los_Angeles,2014,2,6
2014-02-07,62,Moderate,PM2.5,21,Los Angeles,California,34.1141,-118.4068,12531334.0,3267.0,America/Los_Angeles,2014,2,7
2014-02-08,51,Moderate,PM2.5,21,Los Angeles,California,34.1141,-118.4068,12531334.0,3267.0,America/Los_Angeles,2014,2,8
2014-02-09,58,Moderate,PM2.5,21,Los Angeles,California,34.1141,-118.4068,12531334.0,3267.0,America/Los_Angeles,2014,2,9
2014-02-10,59,Moderate,PM2.5,22,Los Angeles,California,34.1141,-118.4068,12531334.0,3267.0,America/Los_Angeles,2014,2,10
2014-02-11,67,Moderate,PM2.5,21,Los Angeles,California,34.1141,-118.4068,12531334.0,3267.0,America/Los_Angeles,2014,2,11
2014-02-12,84,Moderate,PM2.5,21,Los Angeles,California,34.1141,-118.4068,12531334.0,3267.0,America/Los_Angeles,2014,2,12
2014-02-13,72,Moderate,PM2.5,22,Los Angeles,California,34.1141,-118.4068,12531334.0,3267.0,America/Los_Angeles,2014,2,13
2014-02-14,92,Moderate,PM2.5,21,Los Angeles,California,34.1141,-118.4068,12531334.0,3267.0,America/Los_Angeles,2014,2,14
2014-02-15,116,Unhealthy for Sensitive Groups,PM2.5,21,Los Angeles,California,34.1141,-118.4068,12531334.0,3267.0,America/Los_Angeles,2014,2,15
2014-02-16,95,Moderate,PM2.5,22,Los Angeles,California,34.1141,-118.4068,12531334.0,3267.0,America/Los_Angeles,2014,2,16
2014-02-17,78,Moderate,PM2.5,21,Los Angeles,California,34.1141,-118.4068,12531334.0,3267.0,America/Los_Angeles,2014,2,17
2014-02-18,94,Moderate,PM2.5,21,Los Angeles,California,34.1141,-118.4068,12531334.0,3267.0,America/Los_Angeles,2014,2,18
2014-02-19,87,Moderate,PM2.5,22,Los Angeles,California,34.1141,-118.4068,12531334.0,3267.0,America/Los_Angeles,2014,2,19
2014-02-20,89,Moderate,PM2.5,21,Los Angeles,California,34.1141,-118.4068,12531334.0,3267.0,America/Los_Angeles,2014,2,20
2014-02-21,69,Moderate,PM2.5,21,Los Angeles,California,34.1141,-118.4068,12531334.0,3267.0,America/Los_Angeles,2014,2,21
2014-02-22,84,Moderate,PM2.5,22,Los Angeles,California,34.1141,-118.4068,12531334.0,3267.0,America/Los_Angeles,2014,2,22
2014-02-23,100,Moderate,Ozone,21,Los Angeles,California,34.1141,-118.4068,12531334.0,3267.0,America/Los_Angeles,2014,2,23
2014-02-24,96,Moderate,PM2.5,21,Los Angeles,California,34.1141,-118.4068,12531334.0,3267.0,America/Los_Angeles,2014,2,24
2014-02-25,91,Moderate,PM2.5,22,Los Angeles,California,34.1141,-118.4068,12531334.0,3267.0,America/Los_Angeles,2014,2,25
2014-02-26,56,Moderate,PM2.5,21,Los Angeles,California,34.1141,-118.4068,12531334.0,3267.0,America/Los_Angeles,2014,2,26
2014-02-27,41,Good,PM2.5,21,Los Angeles,California,34.1141,-118.4068,12531334.0,3267.0,America/Los_Angeles,2014,2,27
2014-02-28,41,Good,Ozone,22,Los Angeles,California,34.1141,-118.4068,12531334.0,3267.0,America/Los_Angeles,2014,2,28
2014-03-01,44,Good,PM2.5,21,Los Angeles,California,34.1141,-118.4068,12531334.0,3267.0,America/Los_Angeles,2014,3,1
2014-03-02,61,Moderate,PM2.5,21,Los Angeles,California,34.1141,-118.4068,12531334.0,3267.0,America/Los_Angeles,2014,3,2
2014-03-03,59,Moderate,PM2.5,21,Los Angeles,California,34.1141,-118.4068,12531334.0,3267.0,America/Los_Angeles,2014,3,3
2014-03-04,72,Moderate,PM2.5,20,Los Angeles,California,34.1141,-118.4068,12531334.0,3267.0,America/Los_Angeles,2014,3,4
2014-03-05,80,Moderate,PM2.5,20,Los Angeles,California,34.1141,-118.4068,12531334.0,3267.0,America/Los_Angeles,2014,3,5
2014-03-06,79,Moderate,PM2.5,21,Los Angeles,California,34.1141,-118.4068,12531334.0,3267.0,America/Los_Angeles,2014,3,6
2014-03-07,65,Moderate,PM2.5,21,Los Angeles,California,34.1141,-118.4068,12531334.0,3267.0,America/Los_Angeles,2014,3,7
2014-03-08,61,Moderate,NO2,20,Los Angeles,California,34.1141,-118.4068,12531334.0,3267.0,America/Los_Angeles,2014,3,8
2014-03-09,61,Moderate,Ozone,21,Los Angeles,California,34.1141,-118.4068,12531334.0,3267.0,America/Los_Angeles,2014,3,9
2014-03-10,58,Moderate,Ozone,20,Los Angeles,California,34.1141,-118.4068,12531334.0,3267.0,America/Los_Angeles,2014,3,10
2014-03-11,58,Moderate,PM2.5,20,Los Angeles,California,34.1141,-118.4068,12531334.0,3267.0,America/Los_Angeles,2014,3,11
2014-03-12,59,Moderate,PM2.5,21,Los Angeles,California,34.1141,-118.4068,12531334.0,3267.0,America/Los_Angeles,2014,3,12
2014-03-13,68,Moderate,PM2.5,20,Los Angeles,California,34.1141,-118.4068,12531334.0,3267.0,America/Los_Angeles,2014,3,13
2014-03-14,74,Moderate,PM2.5,21,Los Angeles,California,34.1141,-118.4068,12531334.0,3267.0,America/Los_Angeles,2014,3,14
2014-03-15,87,Moderate,Ozone,21,Los Angeles,California,34.1141,-118.4068,12531334.0,3267.0,America/Los_Angeles,2014,3,15
2014-03-16,87,Moderate,Ozone,20,Los Angeles,California,34.1141,-118.4068,12531334.0,3267.0,America/Los_Angeles,2014,3,16
2014-03-17,67,Moderate,Ozone,20,Los Angeles,California,34.1141,-118.4068,12531334.0,3267.0,America/Los_Angeles,2014,3,17
2014-03-18,66,Moderate,PM2.5,21,Los Angeles,California,34.1141,-118.4068,12531334.0,3267.0,America/Los_Angeles,2014,3,18
2014-03-19,71,Moderate,PM2.5,19,Los Angeles,California,34.1141,-118.4068,12531334.0,3267.0,America/Los_Angeles,2014,3,19
2014-03-20,72,Moderate,PM2.5,20,Los Angeles,California,34.1141,-118.4068,12531334.0,3267.0,America/Los_Angeles,2014,3,20
2014-03-21,71,Moderate,PM2.5,22,Los Angeles,California,34.1141,-118.4068,12531334.0,3267.0,America/Los_Angeles,2014,3,21
2014-03-22,74,Moderate,Ozone,20,Los Angeles,California,34.1141,-118.4068,12531334.0,3267.0,America/Los_Angeles,2014,3,22
2014-03-23,67,Moderate,PM2.5,20,Los Angeles,California,34.1141,-118.4068,12531334.0,3267.0,America/Los_Angeles,2014,3,23
2014-03-24,86,Moderate,PM2.5,21,Los Angeles,California,34.1141,-118.4068,12531334.0,3267.0,America/Los_Angeles,2014,3,24
2014-03-25,80,Moderate,PM2.5,20,Los Angeles,California,34.1141,-118.4068,12531334.0,3267.0,America/Los_Angeles,2014,3,25
2014-03-26,43,Good,Ozone,20,Los Angeles,California,34.1141,-118.4068,12531334.0,3267.0,America/Los_Angeles,2014,3,26
2014-03-27,51,Moderate,PM2.5,21,Los Angeles,California,34.1141,-118.4068,12531334.0,3267.0,America/Los_Angeles,2014,3,27
2014-03-28,63,Moderate,PM2.5,21,Los Angeles,California,34.1141,-118.4068,12531334.0,3267.0,America/Los_Angeles,2014,3,28
2014-03-29,64,Moderate,Ozone,21,Los Angeles,California,34.1141,-118.4068,12531334.0,3267.0,America/Los_Angeles,2014,3,29
2014-03-30,48,Good,Ozone,22,Los Angeles,California,34.1141,-118.4068,12531334.0,3267.0,America/Los_Angeles,2014,3,30
2014-03-31,53,Moderate,PM10,21,Los Angeles,California,34.1141,-118.4068,12531334.0,3267.0,America/Los_Angeles,2014,3,31
2014-04-01,47,Good,Ozone,21,Los Angeles,California,34.1141,-118.4068,12531334.0,3267.0,America/Los_Angeles,2014,4,1
2014-04-02,46,Good,Ozone,22,Los Angeles,California,34.1141,-118.4068,12531334.0,3267.0,America/Los_Angeles,2014,4,2
2014-04-03,48,Good,PM2.5,21,Los Angeles,California,34.1141,-118.4068,12531334.0,3267.0,America/Los_Angeles,2014,4,3
2014-04-04,48,Good,PM2.5,21,Los Angeles,California,34.1141,-118.4068,12531334.0,3267.0,America/Los_Angeles,2014,4,4
2014-04-05,52,Moderate,PM2.5,22,Los Angeles,California,34.1141,-118.4068,12531334.0,3267.0,America/Los_Angeles,2014,4,5
2014-04-06,64,Moderate,Ozone,21,Los Angeles,California,34.1141,-118.4068,12531334.0,3267.0,America/Los_Angeles,2014,4,6
2014-04-07,67,Moderate,Ozone,21,Los Angeles,California,34.1141,-118.4068,12531334.0,3267.0,America/Los_Angeles,2014,4,7
2014-04-08,101,Unhealthy for Sensitive Groups,Ozone,22,Los Angeles,California,34.1141,-118.4068,12531334.0,3267.0,America/Los_Angeles,2014,4,8
2014-04-09,80,Moderate,Ozone,21,Los Angeles,California,34.1141,-118.4068,12531334.0,3267.0,America/Los_Angeles,2014,4,9
2014-04-10,81,Moderate,PM2.5,21,Los Angeles,California,34.1141,-118.4068,12531334.0,3267.0,America/Los_Angeles,2014,4,10
2014-04-11,77,Moderate,PM2.5,22,Los Angeles,California,34.1141,-118.4068,12531334.0,3267.0,America/Los_Angeles,2014,4,11
2014-04-12,70,Moderate,PM2.5,20,Los Angeles,California,34.1141,-118.4068,12531334.0,3267.0,America/Los_Angeles,2014,4,12
2014-04-13,66,Moderate,PM2.5,20,Los Angeles,California,34.1141,-118.4068,12531334.0,3267.0,America/Los_Angeles,2014,4,13
2014-04-14,74,Moderate,Ozone,21,Los Angeles,California,34.1141,-118.4068,12531334.0,3267.0,America/Los_Angeles,2014,4,14
2014-04-15,84,Moderate,Ozone,20,Los Angeles,California,34.1141,-118.4068,12531334.0,3267.0,America/Los_Angeles,2014,4,15
2014-04-16,89,Moderate,PM2.5,20,Los Angeles,California,34.1141,-118.4068,12531334.0,3267.0,America/Los_Angeles,2014,4,16
2014-04-17,101,Unhealthy for Sensitive Groups,Ozone,21,Los Angeles,California,34.1141,-118.4068,12531334.0,3267.0,America/Los_Angeles,2014,4,17
2014-04-18,71,Moderate,Ozone,20,Los Angeles,California,34.1141,-118.4068,12531334.0,3267.0,America/Los_Angeles,2014,4,18
2014-04-19,74,Moderate,Ozone,20,Los Angeles,California,34.1141,-118.4068,12531334.0,3267.0,America/Los_Angeles,2014,4,19
2014-04-20,119,Unhealthy for Sensitive Groups,Ozone,21,Los Angeles,California,34.1141,-118.4068,12531334.0,3267.0,America/Los_Angeles,2014,4,20
2014-04-21,108,Unhealthy for Sensitive Groups,Ozone,20,Los Angeles,California,34.1141,-118.4068,12531334.0,3267.0,America/Los_Angeles,2014,4,21
2014-04-22,71,Moderate,Ozone,19,Los Angeles,California,34.1141,-118.4068,12531334.0,3267.0,America/Los_Angeles,2014,4,22
2014-04-23,67,Moderate,Ozone,21,Los Angeles,California,34.1141,-118.4068,12531334.0,3267.0,America/Los_Angeles,2014,4,23
2014-04-24,100,Moderate,Ozone,19,Los Angeles,California,34.1141,-118.4068,12531334.0,3267.0,America/Los_Angeles,2014,4,24
2014-04-25,64,Moderate,PM2.5,20,Los Angeles,California,34.1141,-118.4068,12531334.0,3267.0,America/Los_Angeles,2014,4,25
2014-04-26,49,Good,Ozone,21,Los Angeles,California,34.1141,-118.4068,12531334.0,3267.0,America/Los_Angeles,2014,4,26
2014-04-27,67,Moderate,Ozone,20,Los Angeles,California,34.1141,-118.4068,12531334.0,3267.0,America/Los_Angeles,2014,4,27
2014-04-28,80,Moderate,Ozone,20,Los Angeles,California,34.1141,-118.4068,12531334.0,3267.0,America/Los_Angeles,2014,4,28
2014-04-29,93,Moderate,Ozone,21,Los Angeles,California,34.1141,-118.4068,12531334.0,3267.0,America/Los_Angeles,2014,4,29
2014-04-30,126,Unhealthy for Sensitive Groups,Ozone,20,Los Angeles,California,34.1141,-118.4068,12531334.0,3267.0,America/Los_Angeles,2014,4,30
2014-05-01,112,Unhealthy for Sensitive Groups,Ozone,20,Los Angeles,California,34.1141,-118.4068,12531334.0,3267.0,America/Los_Angeles,2014,5,1
2014-05-02,150,Unhealthy for Sensitive Groups,Ozone,21,Los Angeles,California,34.1141,-118.4068,12531334.0,3267.0,America/Los_Angeles,2014,5,2
2014-05-03,159,Unhealthy,Ozone,19,Los Angeles,California,34.1141,-118.4068,12531334.0,3267.0,America/Los_Angeles,2014,5,3
2014-05-04,122,Unhealthy for Sensitive Groups,Ozone,19,Los Angeles,California,34.1141,-118.4068,12531334.0,3267.0,America/Los_Angeles,2014,5,4
2014-05-05,74,Moderate,Ozone,21,Los Angeles,California,34.1141,-118.4068,12531334.0,3267.0,America/Los_Angeles,2014,5,5
2014-05-06,53,Moderate,PM2.5,20,Los Angeles,California,34.1141,-118.4068,12531334.0,3267.0,America/Los_Angeles,2014,5,6
2014-05-07,61,Moderate,PM2.5,20,Los Angeles,California,34.1141,-118.4068,12531334.0,3267.0,America/Los_Angeles,2014,5,7
2014-05-08,65,Moderate,PM2.5,21,Los Angeles,California,34.1141,-118.4068,12531334.0,3267.0,America/Los_Angeles,2014,5,8
2014-05-09,71,Moderate,Ozone,20,Los Angeles,California,34.1141,-118.4068,12531334.0,3267.0,America/Los_Angeles,2014,5,9
2014-05-10,71,Moderate,Ozone,20,Los Angeles,California,34.1141,-118.4068,12531334.0,3267.0,America/Los_Angeles,2014,5,10
2014-05-11,61,Moderate,PM10,21,Los Angeles,California,34.1141,-118.4068,12531334.0,3267.0,America/Los_Angeles,2014,5,11
2014-05-12,74,Moderate,Ozone,20,Los Angeles,California,34.1141,-118.4068,12531334.0,3267.0,America/Los_Angeles,2014,5,12
2014-05-13,97,Moderate,Ozone,19,Los Angeles,California,34.1141,-118.4068,12531334.0,3267.0,America/Los_Angeles,2014,5,13
2014-05-14,105,Unhealthy for Sensitive Groups,Ozone,20,Los Angeles,California,34.1141,-118.4068,12531334.0,3267.0,America/Los_Angeles,2014,5,14
2014-05-15,119,Unhealthy for Sensitive Groups,Ozone,19,Los Angeles,California,34.1141,-118.4068,12531334.0,3267.0,America/Los_Angeles,2014,5,15
2014-05-16,177,Unhealthy,Ozone,20,Los Angeles,California,34.1141,-118.4068,12531334.0,3267.0,America/Los_Angeles,2014,5,16
2014-05-17,177,Unhealthy,Ozone,21,Los Angeles,California,34.1141,-118.4068,12531334.0,3267.0,America/Los_Angeles,2014,5,17
2014-05-18,97,Moderate,Ozone,19,Los Angeles,California,34.1141,-118.4068,12531334.0,3267.0,America/Los_Angeles,2014,5,18
2014-05-19,73,Moderate,PM2.5,19,Los Angeles,California,34.1141,-118.4068,12531334.0,3267.0,America/Los_Angeles,2014,5,19
2014-05-20,60,Moderate,PM2.5,19,Los Angeles,California,34.1141,-118.4068,12531334.0,3267.0,America/Los_Angeles,2014,5,20
2014-05-21,64,Moderate,PM2.5,19,Los Angeles,California,34.1141,-118.4068,12531334.0,3267.0,America/Los_Angeles,2014,5,21
2014-05-22,66,Moderate,PM2.5,19,Los Angeles,California,34.1141,-118.4068,12531334.0,3267.0,America/Los_Angeles,2014,5,22
2014-05-23,145,Unhealthy for Sensitive Groups,PM2.5,21,Los Angeles,California,34.1141,-118.4068,12531334.0,3267.0,America/Los_Angeles,2014,5,23
2014-05-24,79,Moderate,PM2.5,19,Los Angeles,California,34.1141,-118.4068,12531334.0,3267.0,America/Los_Angeles,2014,5,24
2014-05-25,122,Unhealthy for Sensitive Groups,Ozone,19,Los Angeles,California,34.1141,-118.4068,12531334.0,3267.0,America/Los_Angeles,2014,5,25
2014-05-26,156,Unhealthy,Ozone,20,Los Angeles,California,34.1141,-118.4068,12531334.0,3267.0,America/Los_Angeles,2014,5,26
2014-05-27,154,Unhealthy,Ozone,19,Los Angeles,California,34.1141,-118.4068,12531334.0,3267.0,America/Los_Angeles,2014,5,27
2014-05-28,119,Unhealthy for Sensitive Groups,Ozone,19,Los Angeles,California,34.1141,-118.4068,12531334.0,3267.0,America/Los_Angeles,2014,5,28
2014-05-29,112,Unhealthy for Sensitive Groups,Ozone,21,Los Angeles,California,34.1141,-118.4068,12531334.0,3267.0,America/Los_Angeles,2014,5,29
2014-05-30,136,Unhealthy for Sensitive Groups,Ozone,20,Los Angeles,California,34.1141,-118.4068,12531334.0,3267.0,America/Los_Angeles,2014,5,30
2014-05-31,136,Unhealthy for Sensitive Groups,Ozone,20,Los Angeles,California,34.1141,-118.4068,12531334.0,3267.0,America/Los_Angeles,2014,5,31
2014-06-01,151,Unhealthy,Ozone,21,Los Angeles,California,34.1141,-118.4068,12531334.0,3267.0,America/Los_Angeles,2014,6,1
2014-06-02,97,Moderate,Ozone,20,Los Angeles,California,34.1141,-118.4068,12531334.0,3267.0,America/Los_Angeles,2014,6,2
2014-06-03,105,Unhealthy for Sensitive Groups,Ozone,20,Los Angeles,California,34.1141,-118.4068,12531334.0,3267.0,America/Los_Angeles,2014,6,3
2014-06-04,119,Unhealthy for Sensitive Groups,Ozone,20,Los Angeles,California,34.1141,-118.4068,12531334.0,3267.0,America/Los_Angeles,2014,6,4
2014-06-05,143,Unhealthy for Sensitive Groups,Ozone,19,Los Angeles,California,34.1141,-118.4068,12531334.0,3267.0,America/Los_Angeles,2014,6,5
2014-06-06,126,Unhealthy for Sensitive Groups,Ozone,18,Los Angeles,California,34.1141,-118.4068,12531334.0,3267.0,America/Los_Angeles,2014,6,6
2014-06-07,122,Unhealthy for Sensitive Groups,Ozone,19,Los Angeles,California,34.1141,-118.4068,12531334.0,3267.0,America/Los_Angeles,2014,6,7
2014-06-08,195,Unhealthy,Ozone,18,Los Angeles,California,34.1141,-118.4068,12531334.0,3267.0,America/Los_Angeles,2014,6,8
2014-06-09,177,Unhealthy,Ozone,18,Los Angeles,California,34.1141,-118.4068,12531334.0,3267.0,America/Los_Angeles,2014,6,9
2014-06-10,119,Unhealthy for Sensitive Groups,Ozone,18,Los Angeles,California,34.1141,-118.4068,12531334.0,3267.0,America/Los_Angeles,2014,6,10
2014-06-11,93,Moderate,Ozone,18,Los Angeles,California,34.1141,-118.4068,12531334.0,3267.0,America/Los_Angeles,2014,6,11
2014-06-12,101,Unhealthy for Sensitive Groups,Ozone,18,Los Angeles,California,34.1141,-118.4068,12531334.0,3267.0,America/Los_Angeles,2014,6,12
2014-06-13,97,Moderate,Ozone,20,Los Angeles,California,34.1141,-118.4068,12531334.0,3267.0,America/Los_Angeles,2014,6,13
2014-06-14,122,Unhealthy for Sensitive Groups,Ozone,19,Los Angeles,California,34.1141,-118.4068,12531334.0,3267.0,America/Los_Angeles,2014,6,14
2014-06-15,97,Moderate,Ozone,19,Los Angeles,California,34.1141,-118.4068,12531334.0,3267.0,America/Los_Angeles,2014,6,15
2014-06-16,75,Moderate,PM2.5,20,Los Angeles,California,34.1141,-118.4068,12531334.0,3267.0,America/Los_Angeles,2014,6,16
2014-06-17,66,Moderate,PM2.5,19,Los Angeles,California,34.1141,-118.4068,12531334.0,3267.0,America/Los_Angeles,2014,6,17
2014-06-18,74,Moderate,Ozone,19,Los Angeles,California,34.1141,-118.4068,12531334.0,3267.0,America/Los_Angeles,2014,6,18
2014-06-19,108,Unhealthy for Sensitive Groups,Ozone,20,Los Angeles,California,34.1141,-118.4068,12531334.0,3267.0,America/Los_Angeles,2014,6,19
2014-06-20,126,Unhealthy for Sensitive Groups,Ozone,20,Los Angeles,California,34.1141,-118.4068,12531334.0,3267.0,America/Los_Angeles,2014,6,20
2014-06-21,143,Unhealthy for Sensitive Groups,Ozone,20,Los Angeles,California,34.1141,-118.4068,12531334.0,3267.0,America/Los_Angeles,2014,6,21
2014-06-22,105,Unhealthy for Sensitive Groups,Ozone,21,Los Angeles,California,34.1141,-118.4068,12531334.0,3267.0,America/Los_Angeles,2014,6,22
2014-06-23,115,Unhealthy for Sensitive Groups,Ozone,20,Los Angeles,California,34.1141,-118.4068,12531334.0,3267.0,America/Los_Angeles,2014,6,23
2014-06-24,129,Unhealthy for Sensitive Groups,Ozone,20,Los Angeles,California,34.1141,-118.4068,12531334.0,3267.0,America/Los_Angeles,2014,6,24
2014-06-25,126,Unhealthy for Sensitive Groups,Ozone,21,Los Angeles,California,34.1141,-118.4068,12531334.0,3267.0,America/Los_Angeles,2014,6,25
2014-06-26,80,Moderate,Ozone,20,Los Angeles,California,34.1141,-118.4068,12531334.0,3267.0,America/Los_Angeles,2014,6,26
2014-06-27,93,Moderate,Ozone,20,Los Angeles,California,34.1141,-118.4068,12531334.0,3267.0,America/Los_Angeles,2014,6,27
2014-06-28,115,Unhealthy for Sensitive Groups,Ozone,21,Los Angeles,California,34.1141,-118.4068,12531334.0,3267.0,America/Los_Angeles,2014,6,28
2014-06-29,151,Unhealthy,Ozone,20,Los Angeles,California,34.1141,-118.4068,12531334.0,3267.0,America/Los_Angeles,2014,6,29
2014-06-30,136,Unhealthy for Sensitive Groups,Ozone,20,Los Angeles,California,34.1141,-118.4068,12531334.0,3267.0,America/Los_Angeles,2014,6,30
2014-07-01,133,Unhealthy for Sensitive Groups,Ozone,21,Los Angeles,California,34.1141,-118.4068,12531334.0,3267.0,America/Los_Angeles,2014,7,1
2014-07-02,151,Unhealthy,Ozone,18,Los Angeles,California,34.1141,-118.4068,12531334.0,3267.0,America/Los_Angeles,2014,7,2
2014-07-03,177,Unhealthy,Ozone,19,Los Angeles,California,34.1141,-118.4068,12531334.0,3267.0,America/Los_Angeles,2014,7,3
2014-07-04,126,Unhealthy for Sensitive Groups,PM2.5,20,Los Angeles,California,34.1141,-118.4068,12531334.0,3267.0,America/Los_Angeles,2014,7,4
2014-07-05,151,Unhealthy,PM2.5,19,Los Angeles,California,34.1141,-118.4068,12531334.0,3267.0,America/Los_Angeles,2014,7,5
2014-07-06,80,Moderate,Ozone,19,Los Angeles,California,34.1141,-118.4068,12531334.0,3267.0,America/Los_Angeles,2014,7,6
2014-07-07,122,Unhealthy for Sensitive Groups,Ozone,19,Los Angeles,California,34.1141,-118.4068,12531334.0,3267.0,America/Los_Angeles,2014,7,7
2014-07-08,119,Unhealthy for Sensitive Groups,Ozone,19,Los Angeles,California,34.1141,-118.4068,12531334.0,3267.0,America/Los_Angeles,2014,7,8
2014-07-09,119,Unhealthy for Sensitive Groups,Ozone,19,Los Angeles,California,34.1141,-118.4068,12531334.0,3267.0,America/Los_Angeles,2014,7,9
2014-07-10,100,Moderate,Ozone,20,Los Angeles,California,34.1141,-118.4068,12531334.0,3267.0,America/Los_Angeles,2014,7,10
2014-07-11,66,Moderate,PM2.5,19,Los Angeles,California,34.1141,-118.4068,12531334.0,3267.0,America/Los_Angeles,2014,7,11
2014-07-12,143,Unhealthy for Sensitive Groups,Ozone,19,Los Angeles,California,34.1141,-118.4068,12531334.0,3267.0,America/Los_Angeles,2014,7,12
2014-07-13,172,Unhealthy,Ozone,20,Los Angeles,California,34.1141,-118.4068,12531334.0,3267.0,America/Los_Angeles,2014,7,13
2014-07-14,74,Moderate,PM2.5,19,Los Angeles,California,34.1141,-118.4068,12531334.0,3267.0,America/Los_Angeles,2014,7,14
2014-07-15,80,Moderate,Ozone,19,Los Angeles,California,34.1141,-118.4068,12531334.0,3267.0,America/Los_Angeles,2014,7,15
2014-07-16,66,Moderate,PM2.5,20,Los Angeles,California,34.1141,-118.4068,12531334.0,3267.0,America/Los_Angeles,2014,7,16
2014-07-17,58,Moderate,PM2.5,19,Los Angeles,California,34.1141,-118.4068,12531334.0,3267.0,America/Los_Angeles,2014,7,17
2014-07-18,67,Moderate,Ozone,19,Los Angeles,California,34.1141,-118.4068,12531334.0,3267.0,America/Los_Angeles,2014,7,18
2014-07-19,61,Moderate,PM2.5,20,Los Angeles,California,34.1141,-118.4068,12531334.0,3267.0,America/Los_Angeles,2014,7,19
2014-07-20,77,Moderate,Ozone,19,Los Angeles,California,34.1141,-118.4068,12531334.0,3267.0,America/Los_Angeles,2014,7,20
2014-07-21,67,Moderate,Ozone,19,Los Angeles,California,34.1141,-118.4068,12531334.0,3267.0,America/Los_Angeles,2014,7,21
2014-07-22,57,Moderate,PM2.5,20,Los Angeles,California,34.1141,-118.4068,12531334.0,3267.0,America/Los_Angeles,2014,7,22
2014-07-23,93,Moderate,Ozone,19,Los Angeles,California,34.1141,-118.4068,12531334.0,3267.0,America/Los_Angeles,2014,7,23
2014-07-24,147,Unhealthy for Sensitive Groups,Ozone,19,Los Angeles,California,34.1141,-118.4068,12531334.0,3267.0,America/Los_Angeles,2014,7,24
2014-07-25,126,Unhealthy for Sensitive Groups,Ozone,20,Los Angeles,California,34.1141,-118.4068,12531334.0,3267.0,America/Los_Angeles,2014,7,25
2014-07-26,115,Unhealthy for Sensitive Groups,Ozone,18,Los Angeles,California,34.1141,-118.4068,12531334.0,3267.0,America/Los_Angeles,2014,7,26
2014-07-27,126,Unhealthy for Sensitive Groups,Ozone,18,Los Angeles,California,34.1141,-118.4068,12531334.0,3267.0,America/Los_Angeles,2014,7,27
2014-07-28,90,Moderate,Ozone,19,Los Angeles,California,34.1141,-118.4068,12531334.0,3267.0,America/Los_Angeles,2014,7,28
2014-07-29,143,Unhealthy for Sensitive Groups,Ozone,18,Los Angeles,California,34.1141,-118.4068,12531334.0,3267.0,America/Los_Angeles,2014,7,29
2014-07-30,179,Unhealthy,Ozone,19,Los Angeles,California,34.1141,-118.4068,12531334.0,3267.0,America/Los_Angeles,2014,7,30
2014-07-31,205,Very Unhealthy,Ozone,20,Los Angeles,California,34.1141,-118.4068,12531334.0,3267.0,America/Los_Angeles,2014,7,31
2014-08-01,172,Unhealthy,Ozone,19,Los Angeles,California,34.1141,-118.4068,12531334.0,3267.0,America/Los_Angeles,2014,8,1
2014-08-02,101,Unhealthy for Sensitive Groups,Ozone,19,Los Angeles,California,34.1141,-118.4068,12531334.0,3267.0,America/Los_Angeles,2014,8,2
2014-08-03,108,Unhealthy for Sensitive Groups,Ozone,20,Los Angeles,California,34.1141,-118.4068,12531334.0,3267.0,America/Los_Angeles,2014,8,3
2014-08-04,84,Moderate,Ozone,19,Los Angeles,California,34.1141,-118.4068,12531334.0,3267.0,America/Los_Angeles,2014,8,4
2014-08-05,89,Moderate,PM10,19,Los Angeles,California,34.1141,-118.4068,12531334.0,3267.0,America/Los_Angeles,2014,8,5
2014-08-06,77,Moderate,Ozone,20,Los Angeles,California,34.1141,-118.4068,12531334.0,3267.0,America/Los_Angeles,2014,8,6
2014-08-07,112,Unhealthy for Sensitive Groups,Ozone,19,Los Angeles,California,34.1141,-118.4068,12531334.0,3267.0,America/Los_Angeles,2014,8,7
2014-08-08,154,Unhealthy,Ozone,19,Los Angeles,California,34.1141,-118.4068,12531334.0,3267.0,America/Los_Angeles,2014,8,8
2014-08-09,166,Unhealthy,Ozone,20,Los Angeles,California,34.1141,-118.4068,12531334.0,3267.0,America/Los_Angeles,2014,8,9
2014-08-10,154,Unhealthy,Ozone,19,Los Angeles,California,34.1141,-118.4068,12531334.0,3267.0,America/Los_Angeles,2014,8,10
2014-08-11,93,Moderate,Ozone,19,Los Angeles,California,34.1141,-118.4068,12531334.0,3267.0,America/Los_Angeles,2014,8,11
2014-08-12,90,Moderate,Ozone,19,Los Angeles,California,34.1141,-118.4068,12531334.0,3267.0,America/Los_Angeles,2014,8,12
2014-08-13,63,Moderate,PM2.5,19,Los Angeles,California,34.1141,-118.4068,12531334.0,3267.0,America/Los_Angeles,2014,8,13
2014-08-14,70,Moderate,PM2.5,19,Los Angeles,California,34.1141,-118.4068,12531334.0,3267.0,America/Los_Angeles,2014,8,14
2014-08-15,63,Moderate,PM2.5,19,Los Angeles,California,34.1141,-118.4068,12531334.0,3267.0,America/Los_Angeles,2014,8,15
2014-08-16,67,Moderate,Ozone,19,Los Angeles,California,34.1141,-118.4068,12531334.0,3267.0,America/Los_Angeles,2014,8,16
2014-08-17,126,Unhealthy for Sensitive Groups,Ozone,19,Los Angeles,California,34.1141,-118.4068,12531334.0,3267.0,America/Los_Angeles,2014,8,17
2014-08-18,112,Unhealthy for Sensitive Groups,Ozone,19,Los Angeles,California,34.1141,-118.4068,12531334.0,3267.0,America/Los_Angeles,2014,8,18
2014-08-19,67,Moderate,PM2.5,19,Los Angeles,California,34.1141,-118.4068,12531334.0,3267.0,America/Los_Angeles,2014,8,19
2014-08-20,71,Moderate,Ozone,19,Los Angeles,California,34.1141,-118.4068,12531334.0,3267.0,America/Los_Angeles,2014,8,20
2014-08-21,62,Moderate,PM2.5,19,Los Angeles,California,34.1141,-118.4068,12531334.0,3267.0,America/Los_Angeles,2014,8,21
2014-08-22,59,Moderate,PM2.5,19,Los Angeles,California,34.1141,-118.4068,12531334.0,3267.0,America/Los_Angeles,2014,8,22
2014-08-23,87,Moderate,Ozone,19,Los Angeles,California,34.1141,-118.4068,12531334.0,3267.0,America/Los_Angeles,2014,8,23
2014-08-24,97,Moderate,Ozone,19,Los Angeles,California,34.1141,-118.4068,12531334.0,3267.0,America/Los_Angeles,2014,8,24
2014-08-25,61,Moderate,Ozone,19,Los Angeles,California,34.1141,-118.4068,12531334.0,3267.0,America/Los_Angeles,2014,8,25
2014-08-26,77,Moderate,Ozone,19,Los Angeles,California,34.1141,-118.4068,12531334.0,3267.0,America/Los_Angeles,2014,8,26
2014-08-27,87,Moderate,Ozone,20,Los Angeles,California,34.1141,-118.4068,12531334.0,3267.0,America/Los_Angeles,2014,8,27
2014-08-28,80,Moderate,Ozone,19,Los Angeles,California,34.1141,-118.4068,12531334.0,3267.0,America/Los_Angeles,2014,8,28
2014-08-29,161,Unhealthy,Ozone,19,Los Angeles,California,34.1141,-118.4068,12531334.0,3267.0,America/Los_Angeles,2014,8,29
2014-08-30,203,Very Unhealthy,Ozone,20,Los Angeles,California,34.1141,-118.4068,12531334.0,3267.0,America/Los_Angeles,2014,8,30
2014-08-31,161,Unhealthy,Ozone,19,Los Angeles,California,34.1141,-118.4068,12531334.0,3267.0,America/Los_Angeles,2014,8,31
2014-09-01,129,Unhealthy for Sensitive Groups,Ozone,19,Los Angeles,California,34.1141,-118.4068,12531334.0,3267.0,America/Los_Angeles,2014,9,1
2014-09-02,119,Unhealthy for Sensitive Groups,Ozone,20,Los Angeles,California,34.1141,-118.4068,12531334.0,3267.0,America/Los_Angeles,2014,9,2
2014-09-03,112,Unhealthy for Sensitive Groups,Ozone,19,Los Angeles,California,34.1141,-118.4068,12531334.0,3267.0,America/Los_Angeles,2014,9,3
2014-09-04,90,Moderate,Ozone,19,Los Angeles,California,34.1141,-118.4068,12531334.0,3267.0,America/Los_Angeles,2014,9,4
2014-09-05,119,Unhealthy for Sensitive Groups,Ozone,20,Los Angeles,California,34.1141,-118.4068,12531334.0,3267.0,America/Los_Angeles,2014,9,5
2014-09-06,156,Unhealthy,Ozone,19,Los Angeles,California,34.1141,-118.4068,12531334.0,3267.0,America/Los_Angeles,2014,9,6
2014-09-07,143,Unhealthy for Sensitive Groups,Ozone,18,Los Angeles,California,34.1141,-118.4068,12531334.0,3267.0,America/Los_Angeles,2014,9,7
2014-09-08,72,Moderate,PM2.5,19,Los Angeles,California,34.1141,-118.4068,12531334.0,3267.0,America/Los_Angeles,2014,9,8
2014-09-09,66,Moderate,PM2.5,18,Los Angeles,California,34.1141,-118.4068,12531334.0,3267.0,America/Los_Angeles,2014,9,9
2014-09-10,100,Moderate,Ozone,18,Los Angeles,California,34.1141,-118.4068,12531334.0,3267.0,America/Los_Angeles,2014,9,10
2014-09-11,122,Unhealthy for Sensitive Groups,Ozone,19,Los Angeles,California,34.1141,-118.4068,12531334.0,3267.0,America/Los_Angeles,2014,9,11
2014-09-12,126,Unhealthy for Sensitive Groups,Ozone,18,Los Angeles,California,34.1141,-118.4068,12531334.0,3267.0,America/Los_Angeles,2014,9,12
2014-09-13,172,Unhealthy,Ozone,18,Los Angeles,California,34.1141,-118.4068,12531334.0,3267.0,America/Los_Angeles,2014,9,13
2014-09-14,164,Unhealthy,Ozone,19,Los Angeles,California,34.1141,-118.4068,12531334.0,3267.0,America/Los_Angeles,2014,9,14
2014-09-15,112,Unhealthy for Sensitive Groups,Ozone,18,Los Angeles,California,34.1141,-118.4068,12531334.0,3267.0,America/Los_Angeles,2014,9,15
2014-09-16,187,Unhealthy,Ozone,18,Los Angeles,California,34.1141,-118.4068,12531334.0,3267.0,America/Los_Angeles,2014,9,16
2014-09-17,101,Unhealthy for Sensitive Groups,Ozone,19,Los Angeles,California,34.1141,-118.4068,12531334.0,3267.0,America/Los_Angeles,2014,9,17
2014-09-18,62,Moderate,PM2.5,18,Los Angeles,California,34.1141,-118.4068,12531334.0,3267.0,America/Los_Angeles,2014,9,18
2014-09-19,65,Moderate,PM2.5,18,Los Angeles,California,34.1141,-118.4068,12531334.0,3267.0,America/Los_Angeles,2014,9,19
2014-09-20,71,Moderate,PM2.5,19,Los Angeles,California,34.1141,-118.4068,12531334.0,3267.0,America/Los_Angeles,2014,9,20
2014-09-21,74,Moderate,Ozone,18,Los Angeles,California,34.1141,-118.4068,12531334.0,3267.0,America/Los_Angeles,2014,9,21
2014-09-22,77,Moderate,Ozone,18,Los Angeles,California,34.1141,-118.4068,12531334.0,3267.0,America/Los_Angeles,2014,9,22
2014-09-23,97,Moderate,Ozone,19,Los Angeles,California,34.1141,-118.4068,12531334.0,3267.0,America/Los_Angeles,2014,9,23
2014-09-24,63,Moderate,PM2.5,19,Los Angeles,California,34.1141,-118.4068,12531334.0,3267.0,America/Los_Angeles,2014,9,24
2014-09-25,60,Moderate,NO2,19,Los Angeles,California,34.1141,-118.4068,12531334.0,3267.0,America/Los_Angeles,2014,9,25
2014-09-26,55,Moderate,PM2.5,20,Los Angeles,California,34.1141,-118.4068,12531334.0,3267.0,America/Los_Angeles,2014,9,26
2014-09-27,63,Moderate,PM2.5,19,Los Angeles,California,34.1141,-118.4068,12531334.0,3267.0,America/Los_Angeles,2014,9,27
2014-09-28,65,Moderate,PM2.5,19,Los Angeles,California,34.1141,-118.4068,12531334.0,3267.0,America/Los_Angeles,2014,9,28
2014-09-29,61,Moderate,Ozone,20,Los Angeles,California,34.1141,-118.4068,12531334.0,3267.0,America/Los_Angeles,2014,9,29
2014-09-30,90,Moderate,Ozone,19,Los Angeles,California,34.1141,-118.4068,12531334.0,3267.0,America/Los_Angeles,2014,9,30
2014-10-01,87,Moderate,Ozone,19,Los Angeles,California,34.1141,-118.4068,12531334.0,3267.0,America/Los_Angeles,2014,10,1
2014-10-02,71,Moderate,Ozone,20,Los Angeles,California,34.1141,-118.4068,12531334.0,3267.0,America/Los_Angeles,2014,10,2
2014-10-03,101,Unhealthy for Sensitive Groups,Ozone,19,Los Angeles,California,34.1141,-118.4068,12531334.0,3267.0,America/Los_Angeles,2014,10,3
2014-10-04,129,Unhealthy for Sensitive Groups,Ozone,19,Los Angeles,California,34.1141,-118.4068,12531334.0,3267.0,America/Los_Angeles,2014,10,4
2014-10-05,190,Unhealthy,Ozone,20,Los Angeles,California,34.1141,-118.4068,12531334.0,3267.0,America/Los_Angeles,2014,10,5
2014-10-06,143,Unhealthy for Sensitive Groups,Ozone,19,Los Angeles,California,34.1141,-118.4068,12531334.0,3267.0,America/Los_Angeles,2014,10,6
2014-10-07,129,Unhealthy for Sensitive Groups,Ozone,18,Los Angeles,California,34.1141,-118.4068,12531334.0,3267.0,America/Los_Angeles,2014,10,7
2014-10-08,126,Unhealthy for Sensitive Groups,Ozone,20,Los Angeles,California,34.1141,-118.4068,12531334.0,3267.0,America/Los_Angeles,2014,10,8
2014-10-09,72,Moderate,PM2.5,18,Los Angeles,California,34.1141,-118.4068,12531334.0,3267.0,America/Los_Angeles,2014,10,9
2014-10-10,105,Unhealthy for Sensitive Groups,Ozone,19,Los Angeles,California,34.1141,-118.4068,12531334.0,3267.0,America/Los_Angeles,2014,10,10
2014-10-11,112,Unhealthy for Sensitive Groups,Ozone,20,Los Angeles,California,34.1141,-118.4068,12531334.0,3267.0,America/Los_Angeles,2014,10,11
2014-10-12,147,Unhealthy for Sensitive Groups,Ozone,19,Los Angeles,California,34.1141,-118.4068,12531334.0,3267.0,America/Los_Angeles,2014,10,12
2014-10-13,92,Moderate,PM2.5,19,Los Angeles,California,34.1141,-118.4068,12531334.0,3267.0,America/Los_Angeles,2014,10,13
2014-10-14,84,Moderate,PM2.5,20,Los Angeles,California,34.1141,-118.4068,12531334.0,3267.0,America/Los_Angeles,2014,10,14
2014-10-15,59,Moderate,PM2.5,19,Los Angeles,California,34.1141,-118.4068,12531334.0,3267.0,America/Los_Angeles,2014,10,15
2014-10-16,74,Moderate,Ozone,19,Los Angeles,California,34.1141,-118.4068,12531334.0,3267.0,America/Los_Angeles,2014,10,16
2014-10-17,90,Moderate,Ozone,20,Los Angeles,California,34.1141,-118.4068,12531334.0,3267.0,America/Los_Angeles,2014,10,17
2014-10-18,93,Moderate,Ozone,19,Los Angeles,California,34.1141,-118.4068,12531334.0,3267.0,America/Los_Angeles,2014,10,18
2014-10-19,80,Moderate,Ozone,19,Los Angeles,California,34.1141,-118.4068,12531334.0,3267.0,America/Los_Angeles,2014,10,19
2014-10-20,73,Moderate,PM2.5,20,Los Angeles,California,34.1141,-118.4068,12531334.0,3267.0,America/Los_Angeles,2014,10,20
2014-10-21,74,Moderate,PM2.5,19,Los Angeles,California,34.1141,-118.4068,12531334.0,3267.0,America/Los_Angeles,2014,10,21
2014-10-22,77,Moderate,Ozone,19,Los Angeles,California,34.1141,-118.4068,12531334.0,3267.0,America/Los_Angeles,2014,10,22
2014-10-23,100,Moderate,Ozone,18,Los Angeles,California,34.1141,-118.4068,12531334.0,3267.0,America/Los_Angeles,2014,10,23
2014-10-24,84,Moderate,Ozone,19,Los Angeles,California,34.1141,-118.4068,12531334.0,3267.0,America/Los_Angeles,2014,10,24
2014-10-25,60,Moderate,PM2.5,19,Los Angeles,California,34.1141,-118.4068,12531334.0,3267.0,America/Los_Angeles,2014,10,25
2014-10-26,55,Moderate,PM2.5,19,Los Angeles,California,34.1141,-118.4068,12531334.0,3267.0,America/Los_Angeles,2014,10,26
2014-10-27,62,Moderate,PM2.5,19,Los Angeles,California,34.1141,-118.4068,12531334.0,3267.0,America/Los_Angeles,2014,10,27
2014-10-28,74,Moderate,Ozone,19,Los Angeles,California,34.1141,-118.4068,12531334.0,3267.0,America/Los_Angeles,2014,10,28
2014-10-29,84,Moderate,Ozone,20,Los Angeles,California,34.1141,-118.4068,12531334.0,3267.0,America/Los_Angeles,2014,10,29
2014-10-30,71,Moderate,Ozone,19,Los Angeles,California,34.1141,-118.4068,12531334.0,3267.0,America/Los_Angeles,2014,10,30
2014-10-31,66,Moderate,PM2.5,19,Los Angeles,California,34.1141,-118.4068,12531334.0,3267.0,America/Los_Angeles,2014,10,31
2014-11-01,53,Moderate,PM2.5,19,Los Angeles,California,34.1141,-118.4068,12531334.0,3267.0,America/Los_Angeles,2014,11,1
2014-11-02,95,Moderate,NO2,18,Los Angeles,California,34.1141,-118.4068,12531334.0,3267.0,America/Los_Angeles,2014,11,2
2014-11-03,48,Good,PM2.5,19,Los Angeles,California,34.1141,-118.4068,12531334.0,3267.0,America/Los_Angeles,2014,11,3
2014-11-04,64,Moderate,NO2,20,Los Angeles,California,34.1141,-118.4068,12531334.0,3267.0,America/Los_Angeles,2014,11,4
2014-11-05,86,Moderate,NO2,19,Los Angeles,California,34.1141,-118.4068,12531334.0,3267.0,America/Los_Angeles,2014,11,5
2014-11-06,75,Moderate,PM2.5,18,Los Angeles,California,34.1141,-118.4068,12531334.0,3267.0,America/Los_Angeles,2014,11,6
2014-11-07,58,Moderate,NO2,21,Los Angeles,California,34.1141,-118.4068,12531334.0,3267.0,America/Los_Angeles,2014,11,7
2014-11-08,82,Moderate,NO2,20,Los Angeles,California,34.1141,-118.4068,12531334.0,3267.0,America/Los_Angeles,2014,11,8
2014-11-09,97,Moderate,Ozone,20,Los Angeles,California,34.1141,-118.4068,12531334.0,3267.0,America/Los_Angeles,2014,11,9
2014-11-10,89,Moderate,PM2.5,21,Los Angeles,California,34.1141,-118.4068,12531334.0,3267.0,America/Los_Angeles,2014,11,10
2014-11-11,62,Moderate,PM2.5,20,Los Angeles,California,34.1141,-118.4068,12531334.0,3267.0,America/Los_Angeles,2014,11,11
2014-11-12,52,Moderate,PM2.5,20,Los Angeles,California,34.1141,-118.4068,12531334.0,3267.0,America/Los_Angeles,2014,11,12
2014-11-13,59,Moderate,PM2.5,21,Los Angeles,California,34.1141,-118.4068,12531334.0,3267.0,America/Los_Angeles,2014,11,13
2014-11-14,69,Moderate,PM2.5,19,Los Angeles,California,34.1141,-118.4068,12531334.0,3267.0,America/Los_Angeles,2014,11,14
2014-11-15,64,Moderate,PM2.5,19,Los Angeles,California,34.1141,-118.4068,12531334.0,3267.0,America/Los_Angeles,2014,11,15
2014-11-16,71,Moderate,PM10,20,Los Angeles,California,34.1141,-118.4068,12531334.0,3267.0,America/Los_Angeles,2014,11,16
2014-11-17,49,Good,NO2,18,Los Angeles,California,34.1141,-118.4068,12531334.0,3267.0,America/Los_Angeles,2014,11,17
2014-11-18,47,Good,NO2,18,Los Angeles,California,34.1141,-118.4068,12531334.0,3267.0,America/Los_Angeles,2014,11,18
2014-11-19,56,Moderate,PM2.5,19,Los Angeles,California,34.1141,-118.4068,12531334.0,3267.0,America/Los_Angeles,2014,11,19
2014-11-20,57,Moderate,PM2.5,18,Los Angeles,California,34.1141,-118.4068,12531334.0,3267.0,America/Los_Angeles,2014,11,20
2014-11-21,48,Good,PM2.5,19,Los Angeles,California,34.1141,-118.4068,12531334.0,3267.0,America/Los_Angeles,2014,11,21
2014-11-22,63,Moderate,PM10,20,Los Angeles,California,34.1141,-118.4068,12531334.0,3267.0,America/Los_Angeles,2014,11,22
2014-11-23,55,Moderate,PM2.5,19,Los Angeles,California,34.1141,-118.4068,12531334.0,3267.0,America/Los_Angeles,2014,11,23
2014-11-24,67,Moderate,NO2,19,Los Angeles,California,34.1141,-118.4068,12531334.0,3267.0,America/Los_Angeles,2014,11,24
2014-11-25,54,Moderate,NO2,20,Los Angeles,California,34.1141,-118.4068,12531334.0,3267.0,America/Los_Angeles,2014,11,25
2014-11-26,87,Moderate,NO2,19,Los Angeles,California,34.1141,-118.4068,12531334.0,3267.0,America/Los_Angeles,2014,11,26
2014-11-27,58,Moderate,PM2.5,19,Los Angeles,California,34.1141,-118.4068,12531334.0,3267.0,America/Los_Angeles,2014,11,27
2014-11-28,91,Moderate,PM2.5,21,Los Angeles,California,34.1141,-118.4068,12531334.0,3267.0,America/Los_Angeles,2014,11,28
2014-11-29,69,Moderate,PM2.5,20,Los Angeles,California,34.1141,-118.4068,12531334.0,3267.0,America/Los_Angeles,2014,11,29
2014-11-30,54,Moderate,PM2.5,20,Los Angeles,California,34.1141,-118.4068,12531334.0,3267.0,America/Los_Angeles,2014,11,30
2014-12-01,94,Moderate,PM2.5,21,Los Angeles,California,34.1141,-118.4068,12531334.0,3267.0,America/Los_Angeles,2014,12,1
2014-12-02,103,Unhealthy for Sensitive Groups,NO2,20,Los Angeles,California,34.1141,-118.4068,12531334.0,3267.0,America/Los_Angeles,2014,12,2
2014-12-03,40,Good,PM2.5,20,Los Angeles,California,34.1141,-118.4068,12531334.0,3267.0,America/Los_Angeles,2014,12,3
2014-12-04,48,Good,PM2.5,20,Los Angeles,California,34.1141,-118.4068,12531334.0,3267.0,America/Los_Angeles,2014,12,4
2014-12-05,74,Moderate,PM2.5,19,Los Angeles,California,34.1141,-118.4068,12531334.0,3267.0,America/Los_Angeles,2014,12,5
2014-12-06,72,Moderate,PM2.5,19,Los Angeles,California,34.1141,-118.4068,12531334.0,3267.0,America/Los_Angeles,2014,12,6
2014-12-07,75,Moderate,PM2.5,20,Los Angeles,California,34.1141,-118.4068,12531334.0,3267.0,America/Los_Angeles,2014,12,7
2014-12-08,62,Moderate,PM2.5,19,Los Angeles,California,34.1141,-118.4068,12531334.0,3267.0,America/Los_Angeles,2014,12,8
2014-12-09,65,Moderate,PM2.5,19,Los Angeles,California,34.1141,-118.4068,12531334.0,3267.0,America/Los_Angeles,2014,12,9
2014-12-10,89,Moderate,PM2.5,20,Los Angeles,California,34.1141,-118.4068,12531334.0,3267.0,America/Los_Angeles,2014,12,10
2014-12-11,85,Moderate,PM2.5,20,Los Angeles,California,34.1141,-118.4068,12531334.0,3267.0,America/Los_Angeles,2014,12,11
2014-12-12,44,Good,Ozone,20,Los Angeles,California,34.1141,-118.4068,12531334.0,3267.0,America/Los_Angeles,2014,12,12
2014-12-13,58,Moderate,PM2.5,21,Los Angeles,California,34.1141,-118.4068,12531334.0,3267.0,America/Los_Angeles,2014,12,13
2014-12-14,64,Moderate,PM2.5,20,Los Angeles,California,34.1141,-118.4068,12531334.0,3267.0,America/Los_Angeles,2014,12,14
2014-12-15,70,Moderate,PM2.5,20,Los Angeles,California,34.1141,-118.4068,12531334.0,3267.0,America/Los_Angeles,2014,12,15
2014-12-16,62,Moderate,PM2.5,21,Los Angeles,California,34.1141,-118.4068,12531334.0,3267.0,America/Los_Angeles,2014,12,16
2014-12-17,43,Good,PM2.5,20,Los Angeles,California,34.1141,-118.4068,12531334.0,3267.0,America/Los_Angeles,2014,12,17
2014-12-18,72,Moderate,PM2.5,20,Los Angeles,California,34.1141,-118.4068,12531334.0,3267.0,America/Los_Angeles,2014,12,18
2014-12-19,71,Moderate,PM2.5,21,Los Angeles,California,34.1141,-118.4068,12531334.0,3267.0,America/Los_Angeles,2014,12,19
2014-12-20,88,Moderate,PM2.5,20,Los Angeles,California,34.1141,-118.4068,12531334.0,3267.0,America/Los_Angeles,2014,12,20
2014-12-21,114,Unhealthy for Sensitive Groups,PM2.5,20,Los Angeles,California,34.1141,-118.4068,12531334.0,3267.0,America/Los_Angeles,2014,12,21
2014-12-22,104,Unhealthy for Sensitive Groups,PM2.5,21,Los Angeles,California,34.1141,-118.4068,12531334.0,3267.0,America/Los_Angeles,2014,12,22
2014-12-23,79,Moderate,PM2.5,20,Los Angeles,California,34.1141,-118.4068,12531334.0,3267.0,America/Los_Angeles,2014,12,23
2014-12-24,65,Moderate,PM2.5,20,Los Angeles,California,34.1141,-118.4068,12531334.0,3267.0,America/Los_Angeles,2014,12,24
2014-12-25,51,Moderate,PM2.5,20,Los Angeles,California,34.1141,-118.4068,12531334.0,3267.0,America/Los_Angeles,2014,12,25
2014-12-26,41,Good,NO2,20,Los Angeles,California,34.1141,-118.4068,12531334.0,3267.0,America/Los_Angeles,2014,12,26
2014-12-27,53,Moderate,PM2.5,19,Los Angeles,California,34.1141,-118.4068,12531334.0,3267.0,America/Los_Angeles,2014,12,27
2014-12-28,80,Moderate,PM2.5,20,Los Angeles,California,34.1141,-118.4068,12531334.0,3267.0,America/Los_Angeles,2014,12,28
2014-12-29,97,Moderate,PM2.5,19,Los Angeles,California,34.1141,-118.4068,12531334.0,3267.0,America/Los_Angeles,2014,12,29
2014-12-30,72,Moderate,PM2.5,19,Los Angeles,California,34.1141,-118.4068,12531334.0,3267.0,America/Los_Angeles,2014,12,30
2014-12-31,89,Moderate,PM2.5,20,Los Angeles,California,34.1141,-118.4068,12531334.0,3267.0,America/Los_Angeles,2014,12,31
2015-01-01,156,Unhealthy,PM2.5,21,Los Angeles,California,34.1141,-118.4068,12531334.0,3267.0,America/Los_Angeles,2015,1,1
2015-01-02,105,Unhealthy for Sensitive Groups,PM2.5,21,Los Angeles,California,34.1141,-118.4068,12531334.0,3267.0,America/Los_Angeles,2015,1,2
2015-01-03,106,Unhealthy for Sensitive Groups,PM2.5,22,Los Angeles,California,34.1141,-118.4068,12531334.0,3267.0,America/Los_Angeles,2015,1,3
2015-01-04,107,Unhealthy for Sensitive Groups,PM2.5,21,Los Angeles,California,34.1141,-118.4068,12531334.0,3267.0,America/Los_Angeles,2015,1,4
2015-01-05,73,Moderate,PM2.5,21,Los Angeles,California,34.1141,-118.4068,12531334.0,3267.0,America/Los_Angeles,2015,1,5
2015-01-06,63,Moderate,PM10,22,Los Angeles,California,34.1141,-118.4068,12531334.0,3267.0,America/Los_Angeles,2015,1,6
2015-01-07,66,Moderate,PM2.5,20,Los Angeles,California,34.1141,-118.4068,12531334.0,3267.0,America/Los_Angeles,2015,1,7
2015-01-08,77,Moderate,PM2.5,20,Los Angeles,California,34.1141,-118.4068,12531334.0,3267.0,America/Los_Angeles,2015,1,8
2015-01-09,105,Unhealthy for Sensitive Groups,PM2.5,20,Los Angeles,California,34.1141,-118.4068,12531334.0,3267.0,America/Los_Angeles,2015,1,9
2015-01-10,123,Unhealthy for Sensitive Groups,PM2.5,21,Los Angeles,California,34.1141,-118.4068,12531334.0,3267.0,America/Los_Angeles,2015,1,10
2015-01-11,76,Moderate,PM2.5,21,Los Angeles,California,34.1141,-118.4068,12531334.0,3267.0,America/Los_Angeles,2015,1,11
2015-01-12,103,Unhealthy for Sensitive Groups,PM2.5,21,Los Angeles,California,34.1141,-118.4068,12531334.0,3267.0,America/Los_Angeles,2015,1,12
2015-01-13,114,Unhealthy for Sensitive Groups,PM2.5,21,Los Angeles,California,34.1141,-118.4068,12531334.0,3267.0,America/Los_Angeles,2015,1,13
2015-01-14,70,Moderate,PM2.5,20,Los Angeles,California,34.1141,-118.4068,12531334.0,3267.0,America/Los_Angeles,2015,1,14
2015-01-15,46,Good,PM2.5,21,Los Angeles,California,34.1141,-118.4068,12531334.0,3267.0,America/Los_Angeles,2015,1,15
2015-01-16,54,Moderate,PM2.5,20,Los Angeles,California,34.1141,-118.4068,12531334.0,3267.0,America/Los_Angeles,2015,1,16
2015-01-17,80,Moderate,PM2.5,20,Los Angeles,California,34.1141,-118.4068,12531334.0,3267.0,America/Los_Angeles,2015,1,17
2015-01-18,105,Unhealthy for Sensitive Groups,PM2.5,21,Los Angeles,California,34.1141,-118.4068,12531334.0,3267.0,America/Los_Angeles,2015,1,18
2015-01-19,110,Unhealthy for Sensitive Groups,PM2.5,20,Los Angeles,California,34.1141,-118.4068,12531334.0,3267.0,America/Los_Angeles,2015,1,19
2015-01-20,153,Unhealthy,PM2.5,20,Los Angeles,California,34.1141,-118.4068,12531334.0,3267.0,America/Los_Angeles,2015,1,20
2015-01-21,159,Unhealthy,PM2.5,21,Los Angeles,California,34.1141,-118.4068,12531334.0,3267.0,America/Los_Angeles,2015,1,21
2015-01-22,83,Moderate,PM2.5,21,Los Angeles,California,34.1141,-118.4068,12531334.0,3267.0,America/Los_Angeles,2015,1,22
2015-01-23,53,Moderate,PM2.5,20,Los Angeles,California,34.1141,-118.4068,12531334.0,3267.0,America/Los_Angeles,2015,1,23
2015-01-24,88,Moderate,PM2.5,21,Los Angeles,California,34.1141,-118.4068,12531334.0,3267.0,America/Los_Angeles,2015,1,24
2015-01-25,86,Moderate,NO2,20,Los Angeles,California,34.1141,-118.4068,12531334.0,3267.0,America/Los_Angeles,2015,1,25
2015-01-26,50,Good,PM2.5,20,Los Angeles,California,34.1141,-118.4068,12531334.0,3267.0,America/Los_Angeles,2015,1,26
2015-01-27,54,Moderate,PM2.5,21,Los Angeles,California,34.1141,-118.4068,12531334.0,3267.0,America/Los_Angeles,2015,1,27
2015-01-28,56,Moderate,PM2.5,21,Los Angeles,California,34.1141,-118.4068,12531334.0,3267.0,America/Los_Angeles,2015,1,28
2015-01-29,64,Moderate,PM2.5,21,Los Angeles,California,34.1141,-118.4068,12531334.0,3267.0,America/Los_Angeles,2015,1,29
2015-01-30,78,Moderate,PM2.5,22,Los Angeles,California,34.1141,-118.4068,12531334.0,3267.0,America/Los_Angeles,2015,1,30
2015-01-31,69,Moderate,PM2.5,20,Los Angeles,California,34.1141,-118.4068,12531334.0,3267.0,America/Los_Angeles,2015,1,31
2015-02-01,73,Moderate,PM2.5,21,Los Angeles,California,34.1141,-118.4068,12531334.0,3267.0,America/Los_Angeles,2015,2,1
2015-02-02,87,Moderate,PM2.5,22,Los Angeles,California,34.1141,-118.4068,12531334.0,3267.0,America/Los_Angeles,2015,2,2
2015-02-03,120,Unhealthy for Sensitive Groups,PM2.5,21,Los Angeles,California,34.1141,-118.4068,12531334.0,3267.0,America/Los_Angeles,2015,2,3
2015-02-04,156,Unhealthy,PM2.5,20,Los Angeles,California,34.1141,-118.4068,12531334.0,3267.0,America/Los_Angeles,2015,2,4
2015-02-05,149,Unhealthy for Sensitive Groups,PM2.5,21,Los Angeles,California,34.1141,-118.4068,12531334.0,3267.0,America/Los_Angeles,2015,2,5
2015-02-06,141,Unhealthy for Sensitive Groups,PM2.5,20,Los Angeles,California,34.1141,-118.4068,12531334.0,3267.0,America/Los_Angeles,2015,2,6
2015-02-07,105,Unhealthy for Sensitive Groups,PM2.5,21,Los Angeles,California,34.1141,-118.4068,12531334.0,3267.0,America/Los_Angeles,2015,2,7
2015-02-08,72,Moderate,PM2.5,22,Los Angeles,California,34.1141,-118.4068,12531334.0,3267.0,America/Los_Angeles,2015,2,8
2015-02-09,50,Good,PM2.5,21,Los Angeles,California,34.1141,-118.4068,12531334.0,3267.0,America/Los_Angeles,2015,2,9
2015-02-10,62,Moderate,PM2.5,21,Los Angeles,California,34.1141,-118.4068,12531334.0,3267.0,America/Los_Angeles,2015,2,10
2015-02-11,55,Moderate,NO2,21,Los Angeles,California,34.1141,-118.4068,12531334.0,3267.0,America/Los_Angeles,2015,2,11
2015-02-12,52,Moderate,NO2,20,Los Angeles,California,34.1141,-118.4068,12531334.0,3267.0,America/Los_Angeles,2015,2,12
2015-02-13,56,Moderate,PM2.5,21,Los Angeles,California,34.1141,-118.4068,12531334.0,3267.0,America/Los_Angeles,2015,2,13
2015-02-14,58,Moderate,Ozone,21,Los Angeles,California,34.1141,-118.4068,12531334.0,3267.0,America/Los_Angeles,2015,2,14
2015-02-15,93,Moderate,Ozone,21,Los Angeles,California,34.1141,-118.4068,12531334.0,3267.0,America/Los_Angeles,2015,2,15
2015-02-16,101,Unhealthy for Sensitive Groups,PM2.5,21,Los Angeles,California,34.1141,-118.4068,12531334.0,3267.0,America/Los_Angeles,2015,2,16
2015-02-17,110,Unhealthy for Sensitive Groups,PM2.5,22,Los Angeles,California,34.1141,-118.4068,12531334.0,3267.0,America/Los_Angeles,2015,2,17
2015-02-18,127,Unhealthy for Sensitive Groups,PM2.5,21,Los Angeles,California,34.1141,-118.4068,12531334.0,3267.0,America/Los_Angeles,2015,2,18
2015-02-19,152,Unhealthy,PM2.5,21,Los Angeles,California,34.1141,-118.4068,12531334.0,3267.0,America/Los_Angeles,2015,2,19
2015-02-20,130,Unhealthy for Sensitive Groups,PM2.5,22,Los Angeles,California,34.1141,-118.4068,12531334.0,3267.0,America/Los_Angeles,2015,2,20
2015-02-21,80,Moderate,PM2.5,21,Los Angeles,California,34.1141,-118.4068,12531334.0,3267.0,America/Los_Angeles,2015,2,21
2015-02-22,60,Moderate,PM2.5,21,Los Angeles,California,34.1141,-118.4068,12531334.0,3267.0,America/Los_Angeles,2015,2,22
2015-02-23,50,Good,PM2.5,22,Los Angeles,California,34.1141,-118.4068,12531334.0,3267.0,America/Los_Angeles,2015,2,23
2015-02-24,43,Good,Ozone,21,Los Angeles,California,34.1141,-118.4068,12531334.0,3267.0,America/Los_Angeles,2015,2,24
2015-02-25,60,Moderate,PM2.5,21,Los Angeles,California,34.1141,-118.4068,12531334.0,3267.0,America/Los_Angeles,2015,2,25
2015-02-26,71,Moderate,PM2.5,22,Los Angeles,California,34.1141,-118.4068,12531334.0,3267.0,America/Los_Angeles,2015,2,26
2015-02-27,66,Moderate,PM2.5,21,Los Angeles,California,34.1141,-118.4068,12531334.0,3267.0,America/Los_Angeles,2015,2,27
2015-02-28,42,Good,Ozone,21,Los Angeles,California,34.1141,-118.4068,12531334.0,3267.0,America/Los_Angeles,2015,2,28
2015-03-01,48,Good,PM2.5,22,Los Angeles,California,34.1141,-118.4068,12531334.0,3267.0,America/Los_Angeles,2015,3,1
2015-03-02,56,Moderate,PM2.5,21,Los Angeles,California,34.1141,-118.4068,12531334.0,3267.0,America/Los_Angeles,2015,3,2
2015-03-03,54,Moderate,PM2.5,20,Los Angeles,California,34.1141,-118.4068,12531334.0,3267.0,America/Los_Angeles,2015,3,3
2015-03-04,50,Good,PM2.5,21,Los Angeles,California,34.1141,-118.4068,12531334.0,3267.0,America/Los_Angeles,2015,3,4
2015-03-05,54,Moderate,NO2,21,Los Angeles,California,34.1141,-118.4068,12531334.0,3267.0,America/Los_Angeles,2015,3,5
2015-03-06,54,Moderate,NO2,21,Los Angeles,California,34.1141,-118.4068,12531334.0,3267.0,America/Los_Angeles,2015,3,6
2015-03-07,60,Moderate,PM2.5,22,Los Angeles,California,34.1141,-118.4068,12531334.0,3267.0,America/Los_Angeles,2015,3,7
2015-03-08,71,Moderate,Ozone,21,Los Angeles,California,34.1141,-118.4068,12531334.0,3267.0,America/Los_Angeles,2015,3,8
2015-03-09,91,Moderate,PM2.5,21,Los Angeles,California,34.1141,-118.4068,12531334.0,3267.0,America/Los_Angeles,2015,3,9
2015-03-10,115,Unhealthy for Sensitive Groups,Ozone,22,Los Angeles,California,34.1141,-118.4068,12531334.0,3267.0,America/Los_Angeles,2015,3,10
2015-03-11,93,Moderate,PM2.5,21,Los Angeles,California,34.1141,-118.4068,12531334.0,3267.0,America/Los_Angeles,2015,3,11
2015-03-12,60,Moderate,NO2,21,Los Angeles,California,34.1141,-118.4068,12531334.0,3267.0,America/Los_Angeles,2015,3,12
2015-03-13,61,Moderate,NO2,22,Los Angeles,California,34.1141,-118.4068,12531334.0,3267.0,America/Los_Angeles,2015,3,13
2015-03-14,84,Moderate,Ozone,21,Los Angeles,California,34.1141,-118.4068,12531334.0,3267.0,America/Los_Angeles,2015,3,14
2015-03-15,93,Moderate,Ozone,21,Los Angeles,California,34.1141,-118.4068,12531334.0,3267.0,America/Los_Angeles,2015,3,15
2015-03-16,100,Moderate,Ozone,22,Los Angeles,California,34.1141,-118.4068,12531334.0,3267.0,America/Los_Angeles,2015,3,16
2015-03-17,87,Moderate,Ozone,21,Los Angeles,California,34.1141,-118.4068,12531334.0,3267.0,America/Los_Angeles,2015,3,17
2015-03-18,74,Moderate,PM2.5,21,Los Angeles,California,34.1141,-118.4068,12531334.0,3267.0,America/Los_Angeles,2015,3,18
2015-03-19,125,Unhealthy for Sensitive Groups,PM2.5,22,Los Angeles,California,34.1141,-118.4068,12531334.0,3267.0,America/Los_Angeles,2015,3,19
2015-03-20,114,Unhealthy for Sensitive Groups,PM2.5,21,Los Angeles,California,34.1141,-118.4068,12531334.0,3267.0,America/Los_Angeles,2015,3,20
2015-03-21,100,Moderate,Ozone,21,Los Angeles,California,34.1141,-118.4068,12531334.0,3267.0,America/Los_Angeles,2015,3,21
2015-03-22,74,Moderate,PM2.5,22,Los Angeles,California,34.1141,-118.4068,12531334.0,3267.0,America/Los_Angeles,2015,3,22
2015-03-23,58,Moderate,PM2.5,21,Los Angeles,California,34.1141,-118.4068,12531334.0,3267.0,America/Los_Angeles,2015,3,23
2015-03-24,52,Moderate,PM2.5,21,Los Angeles,California,34.1141,-118.4068,12531334.0,3267.0,America/Los_Angeles,2015,3,24
2015-03-25,61,Moderate,Ozone,22,Los Angeles,California,34.1141,-118.4068,12531334.0,3267.0,America/Los_Angeles,2015,3,25
2015-03-26,62,Moderate,NO2,21,Los Angeles,California,34.1141,-118.4068,12531334.0,3267.0,America/Los_Angeles,2015,3,26
2015-03-27,90,Moderate,Ozone,21,Los Angeles,California,34.1141,-118.4068,12531334.0,3267.0,America/Los_Angeles,2015,3,27
2015-03-28,77,Moderate,Ozone,22,Los Angeles,California,34.1141,-118.4068,12531334.0,3267.0,America/Los_Angeles,2015,3,28
2015-03-29,80,Moderate,Ozone,21,Los Angeles,California,34.1141,-118.4068,12531334.0,3267.0,America/Los_Angeles,2015,3,29
2015-03-30,112,Unhealthy for Sensitive Groups,Ozone,21,Los Angeles,California,34.1141,-118.4068,12531334.0,3267.0,America/Los_Angeles,2015,3,30
2015-03-31,97,Moderate,Ozone,22,Los Angeles,California,34.1141,-118.4068,12531334.0,3267.0,America/Los_Angeles,2015,3,31
2015-04-01,77,Moderate,Ozone,21,Los Angeles,California,34.1141,-118.4068,12531334.0,3267.0,America/Los_Angeles,2015,4,1
2015-04-02,80,Moderate,Ozone,21,Los Angeles,California,34.1141,-118.4068,12531334.0,3267.0,America/Los_Angeles,2015,4,2
2015-04-03,80,Moderate,Ozone,22,Los Angeles,California,34.1141,-118.4068,12531334.0,3267.0,America/Los_Angeles,2015,4,3
2015-04-04,134,Unhealthy for Sensitive Groups,PM2.5,21,Los Angeles,California,34.1141,-118.4068,12531334.0,3267.0,America/Los_Angeles,2015,4,4
2015-04-05,87,Moderate,Ozone,21,Los Angeles,California,34.1141,-118.4068,12531334.0,3267.0,America/Los_Angeles,2015,4,5
2015-04-06,58,Moderate,Ozone,22,Los Angeles,California,34.1141,-118.4068,12531334.0,3267.0,America/Los_Angeles,2015,4,6
2015-04-07,48,Good,Ozone,20,Los Angeles,California,34.1141,-118.4068,12531334.0,3267.0,America/Los_Angeles,2015,4,7
2015-04-08,49,Good,Ozone,20,Los Angeles,California,34.1141,-118.4068,12531334.0,3267.0,America/Los_Angeles,2015,4,8
2015-04-09,74,Moderate,Ozone,21,Los Angeles,California,34.1141,-118.4068,12531334.0,3267.0,America/Los_Angeles,2015,4,9
2015-04-10,105,Unhealthy for Sensitive Groups,Ozone,21,Los Angeles,California,34.1141,-118.4068,12531334.0,3267.0,America/Los_Angeles,2015,4,10
2015-04-11,112,Unhealthy for Sensitive Groups,Ozone,21,Los Angeles,California,34.1141,-118.4068,12531334.0,3267.0,America/Los_Angeles,2015,4,11
2015-04-12,136,Unhealthy for Sensitive Groups,Ozone,22,Los Angeles,California,34.1141,-118.4068,12531334.0,3267.0,America/Los_Angeles,2015,4,12
2015-04-13,112,Unhealthy for Sensitive Groups,Ozone,21,Los Angeles,California,34.1141,-118.4068,12531334.0,3267.0,America/Los_Angeles,2015,4,13
2015-04-14,77,Moderate,PM2.5,21,Los Angeles,California,34.1141,-118.4068,12531334.0,3267.0,America/Los_Angeles,2015,4,14
2015-04-15,84,Moderate,Ozone,22,Los Angeles,California,34.1141,-118.4068,12531334.0,3267.0,America/Los_Angeles,2015,4,15
2015-04-16,84,Moderate,Ozone,21,Los Angeles,California,34.1141,-118.4068,12531334.0,3267.0,America/Los_Angeles,2015,4,16
2015-04-17,100,Moderate,Ozone,21,Los Angeles,California,34.1141,-118.4068,12531334.0,3267.0,America/Los_Angeles,2015,4,17
2015-04-18,129,Unhealthy for Sensitive Groups,Ozone,22,Los Angeles,California,34.1141,-118.4068,12531334.0,3267.0,America/Los_Angeles,2015,4,18
2015-04-19,150,Unhealthy for Sensitive Groups,Ozone,21,Los Angeles,California,34.1141,-118.4068,12531334.0,3267.0,America/Los_Angeles,2015,4,19
2015-04-20,119,Unhealthy for Sensitive Groups,Ozone,21,Los Angeles,California,34.1141,-118.4068,12531334.0,3267.0,America/Los_Angeles,2015,4,20
2015-04-21,61,Moderate,Ozone,22,Los Angeles,California,34.1141,-118.4068,12531334.0,3267.0,America/Los_Angeles,2015,4,21
2015-04-22,61,Moderate,Ozone,21,Los Angeles,California,34.1141,-118.4068,12531334.0,3267.0,America/Los_Angeles,2015,4,22
2015-04-23,56,Moderate,PM2.5,21,Los Angeles,California,34.1141,-118.4068,12531334.0,3267.0,America/Los_Angeles,2015,4,23
2015-04-24,51,Moderate,PM2.5,22,Los Angeles,California,34.1141,-118.4068,12531334.0,3267.0,America/Los_Angeles,2015,4,24
2015-04-25,64,Moderate,PM2.5,21,Los Angeles,California,34.1141,-118.4068,12531334.0,3267.0,America/Los_Angeles,2015,4,25
2015-04-26,77,Moderate,Ozone,21,Los Angeles,California,34.1141,-118.4068,12531334.0,3267.0,America/Los_Angeles,2015,4,26
2015-04-27,108,Unhealthy for Sensitive Groups,Ozone,21,Los Angeles,California,34.1141,-118.4068,12531334.0,3267.0,America/Los_Angeles,2015,4,27
2015-04-28,112,Unhealthy for Sensitive Groups,Ozone,21,Los Angeles,California,34.1141,-118.4068,12531334.0,3267.0,America/Los_Angeles,2015,4,28
2015-04-29,119,Unhealthy for Sensitive Groups,Ozone,21,Los Angeles,California,34.1141,-118.4068,12531334.0,3267.0,America/Los_Angeles,2015,4,29
2015-04-30,125,Unhealthy for Sensitive Groups,PM2.5,22,Los Angeles,California,34.1141,-118.4068,12531334.0,3267.0,America/Los_Angeles,2015,4,30
2015-05-01,77,Moderate,Ozone,21,Los Angeles,California,34.1141,-118.4068,12531334.0,3267.0,America/Los_Angeles,2015,5,1
2015-05-02,74,Moderate,PM2.5,21,Los Angeles,California,34.1141,-118.4068,12531334.0,3267.0,America/Los_Angeles,2015,5,2
2015-05-03,77,Moderate,Ozone,22,Los Angeles,California,34.1141,-118.4068,12531334.0,3267.0,America/Los_Angeles,2015,5,3
2015-05-04,59,Moderate,PM2.5,21,Los Angeles,California,34.1141,-118.4068,12531334.0,3267.0,America/Los_Angeles,2015,5,4
2015-05-05,69,Moderate,PM2.5,21,Los Angeles,California,34.1141,-118.4068,12531334.0,3267.0,America/Los_Angeles,2015,5,5
2015-05-06,54,Moderate,PM2.5,21,Los Angeles,California,34.1141,-118.4068,12531334.0,3267.0,America/Los_Angeles,2015,5,6
2015-05-07,55,Moderate,PM2.5,20,Los Angeles,California,34.1141,-118.4068,12531334.0,3267.0,America/Los_Angeles,2015,5,7
2015-05-08,50,Good,PM2.5,21,Los Angeles,California,34.1141,-118.4068,12531334.0,3267.0,America/Los_Angeles,2015,5,8
2015-05-09,64,Moderate,PM2.5,21,Los Angeles,California,34.1141,-118.4068,12531334.0,3267.0,America/Los_Angeles,2015,5,9
2015-05-10,97,Moderate,Ozone,21,Los Angeles,California,34.1141,-118.4068,12531334.0,3267.0,America/Los_Angeles,2015,5,10
2015-05-11,87,Moderate,Ozone,21,Los Angeles,California,34.1141,-118.4068,12531334.0,3267.0,America/Los_Angeles,2015,5,11
2015-05-12,108,Unhealthy for Sensitive Groups,Ozone,21,Los Angeles,California,34.1141,-118.4068,12531334.0,3267.0,America/Los_Angeles,2015,5,12
2015-05-13,97,Moderate,Ozone,21,Los Angeles,California,34.1141,-118.4068,12531334.0,3267.0,America/Los_Angeles,2015,5,13
2015-05-14,49,Good,Ozone,21,Los Angeles,California,34.1141,-118.4068,12531334.0,3267.0,America/Los_Angeles,2015,5,14
2015-05-15,58,Moderate,Ozone,22,Los Angeles,California,34.1141,-118.4068,12531334.0,3267.0,America/Los_Angeles,2015,5,15
2015-05-16,77,Moderate,Ozone,21,Los Angeles,California,34.1141,-118.4068,12531334.0,3267.0,America/Los_Angeles,2015,5,16
2015-05-17,93,Moderate,Ozone,21,Los Angeles,California,34.1141,-118.4068,12531334.0,3267.0,America/Los_Angeles,2015,5,17
2015-05-18,79,Moderate,PM2.5,22,Los Angeles,California,34.1141,-118.4068,12531334.0,3267.0,America/Los_Angeles,2015,5,18
2015-05-19,77,Moderate,Ozone,21,Los Angeles,California,34.1141,-118.4068,12531334.0,3267.0,America/Los_Angeles,2015,5,19
2015-05-20,71,Moderate,Ozone,21,Los Angeles,California,34.1141,-118.4068,12531334.0,3267.0,America/Los_Angeles,2015,5,20
2015-05-21,60,Moderate,PM2.5,22,Los Angeles,California,34.1141,-118.4068,12531334.0,3267.0,America/Los_Angeles,2015,5,21
2015-05-22,53,Moderate,PM2.5,21,Los Angeles,California,34.1141,-118.4068,12531334.0,3267.0,America/Los_Angeles,2015,5,22
2015-05-23,54,Moderate,Ozone,21,Los Angeles,California,34.1141,-118.4068,12531334.0,3267.0,America/Los_Angeles,2015,5,23
2015-05-24,71,Moderate,Ozone,22,Los Angeles,California,34.1141,-118.4068,12531334.0,3267.0,America/Los_Angeles,2015,5,24
2015-05-25,84,Moderate,Ozone,21,Los Angeles,California,34.1141,-118.4068,12531334.0,3267.0,America/Los_Angeles,2015,5,25
2015-05-26,93,Moderate,Ozone,21,Los Angeles,California,34.1141,-118.4068,12531334.0,3267.0,America/Los_Angeles,2015,5,26
2015-05-27,119,Unhealthy for Sensitive Groups,Ozone,22,Los Angeles,California,34.1141,-118.4068,12531334.0,3267.0,America/Los_Angeles,2015,5,27
2015-05-28,143,Unhealthy for Sensitive Groups,Ozone,21,Los Angeles,California,34.1141,-118.4068,12531334.0,3267.0,America/Los_Angeles,2015,5,28
2015-05-29,159,Unhealthy,Ozone,21,Los Angeles,California,34.1141,-118.4068,12531334.0,3267.0,America/Los_Angeles,2015,5,29
2015-05-30,172,Unhealthy,Ozone,22,Los Angeles,California,34.1141,-118.4068,12531334.0,3267.0,America/Los_Angeles,2015,5,30
2015-05-31,154,Unhealthy,Ozone,21,Los Angeles,California,34.1141,-118.4068,12531334.0,3267.0,America/Los_Angeles,2015,5,31
2015-06-01,100,Moderate,Ozone,21,Los Angeles,California,34.1141,-118.4068,12531334.0,3267.0,America/Los_Angeles,2015,6,1
2015-06-02,100,Moderate,Ozone,22,Los Angeles,California,34.1141,-118.4068,12531334.0,3267.0,America/Los_Angeles,2015,6,2
2015-06-03,67,Moderate,Ozone,21,Los Angeles,California,34.1141,-118.4068,12531334.0,3267.0,America/Los_Angeles,2015,6,3
2015-06-04,64,Moderate,PM2.5,21,Los Angeles,California,34.1141,-118.4068,12531334.0,3267.0,America/Los_Angeles,2015,6,4
2015-06-05,105,Unhealthy for Sensitive Groups,Ozone,22,Los Angeles,California,34.1141,-118.4068,12531334.0,3267.0,America/Los_Angeles,2015,6,5
2015-06-06,122,Unhealthy for Sensitive Groups,Ozone,21,Los Angeles,California,34.1141,-118.4068,12531334.0,3267.0,America/Los_Angeles,2015,6,6
2015-06-07,140,Unhealthy for Sensitive Groups,Ozone,21,Los Angeles,California,34.1141,-118.4068,12531334.0,3267.0,America/Los_Angeles,2015,6,7
2015-06-08,126,Unhealthy for Sensitive Groups,Ozone,21,Los Angeles,California,34.1141,-118.4068,12531334.0,3267.0,America/Los_Angeles,2015,6,8
2015-06-09,61,Moderate,PM2.5,21,Los Angeles,California,34.1141,-118.4068,12531334.0,3267.0,America/Los_Angeles,2015,6,9
2015-06-10,71,Moderate,Ozone,21,Los Angeles,California,34.1141,-118.4068,12531334.0,3267.0,America/Los_Angeles,2015,6,10
2015-06-11,105,Unhealthy for Sensitive Groups,Ozone,21,Los Angeles,California,34.1141,-118.4068,12531334.0,3267.0,America/Los_Angeles,2015,6,11
2015-06-12,84,Moderate,Ozone,20,Los Angeles,California,34.1141,-118.4068,12531334.0,3267.0,America/Los_Angeles,2015,6,12
2015-06-13,126,Unhealthy for Sensitive Groups,Ozone,20,Los Angeles,California,34.1141,-118.4068,12531334.0,3267.0,America/Los_Angeles,2015,6,13
2015-06-14,129,Unhealthy for Sensitive Groups,Ozone,20,Los Angeles,California,34.1141,-118.4068,12531334.0,3267.0,America/Los_Angeles,2015,6,14
2015-06-15,154,Unhealthy,Ozone,20,Los Angeles,California,34.1141,-118.4068,12531334.0,3267.0,America/Los_Angeles,2015,6,15
2015-06-16,174,Unhealthy,Ozone,20,Los Angeles,California,34.1141,-118.4068,12531334.0,3267.0,America/Los_Angeles,2015,6,16
2015-06-17,192,Unhealthy,Ozone,21,Los Angeles,California,34.1141,-118.4068,12531334.0,3267.0,America/Los_Angeles,2015,6,17
2015-06-18,174,Unhealthy,Ozone,20,Los Angeles,California,34.1141,-118.4068,12531334.0,3267.0,America/Los_Angeles,2015,6,18
2015-06-19,190,Unhealthy,Ozone,20,Los Angeles,California,34.1141,-118.4068,12531334.0,3267.0,America/Los_Angeles,2015,6,19
2015-06-20,203,Very Unhealthy,Ozone,21,Los Angeles,California,34.1141,-118.4068,12531334.0,3267.0,America/Los_Angeles,2015,6,20
2015-06-21,154,Unhealthy,Ozone,20,Los Angeles,California,34.1141,-118.4068,12531334.0,3267.0,America/Los_Angeles,2015,6,21
2015-06-22,187,Unhealthy,Ozone,20,Los Angeles,California,34.1141,-118.4068,12531334.0,3267.0,America/Los_Angeles,2015,6,22
2015-06-23,177,Unhealthy,Ozone,21,Los Angeles,California,34.1141,-118.4068,12531334.0,3267.0,America/Los_Angeles,2015,6,23
2015-06-24,195,Unhealthy,Ozone,20,Los Angeles,California,34.1141,-118.4068,12531334.0,3267.0,America/Los_Angeles,2015,6,24
2015-06-25,179,Unhealthy,Ozone,20,Los Angeles,California,34.1141,-118.4068,12531334.0,3267.0,America/Los_Angeles,2015,6,25
2015-06-26,140,Unhealthy for Sensitive Groups,Ozone,22,Los Angeles,California,34.1141,-118.4068,12531334.0,3267.0,America/Los_Angeles,2015,6,26
2015-06-27,112,Unhealthy for Sensitive Groups,Ozone,20,Los Angeles,California,34.1141,-118.4068,12531334.0,3267.0,America/Los_Angeles,2015,6,27
2015-06-28,166,Unhealthy,Ozone,20,Los Angeles,California,34.1141,-118.4068,12531334.0,3267.0,America/Los_Angeles,2015,6,28
2015-06-29,122,Unhealthy for Sensitive Groups,Ozone,21,Los Angeles,California,34.1141,-118.4068,12531334.0,3267.0,America/Los_Angeles,2015,6,29
2015-06-30,161,Unhealthy,Ozone,20,Los Angeles,California,34.1141,-118.4068,12531334.0,3267.0,America/Los_Angeles,2015,6,30
2015-07-01,101,Unhealthy for Sensitive Groups,Ozone,20,Los Angeles,California,34.1141,-118.4068,12531334.0,3267.0,America/Los_Angeles,2015,7,1
2015-07-02,143,Unhealthy for Sensitive Groups,Ozone,21,Los Angeles,California,34.1141,-118.4068,12531334.0,3267.0,America/Los_Angeles,2015,7,2
2015-07-03,97,Moderate,Ozone,20,Los Angeles,California,34.1141,-118.4068,12531334.0,3267.0,America/Los_Angeles,2015,7,3
2015-07-04,111,Unhealthy for Sensitive Groups,PM2.5,20,Los Angeles,California,34.1141,-118.4068,12531334.0,3267.0,America/Los_Angeles,2015,7,4
2015-07-05,167,Unhealthy,PM2.5,21,Los Angeles,California,34.1141,-118.4068,12531334.0,3267.0,America/Los_Angeles,2015,7,5
2015-07-06,87,Moderate,Ozone,20,Los Angeles,California,34.1141,-118.4068,12531334.0,3267.0,America/Los_Angeles,2015,7,6
2015-07-07,108,Unhealthy for Sensitive Groups,Ozone,20,Los Angeles,California,34.1141,-118.4068,12531334.0,3267.0,America/Los_Angeles,2015,7,7
2015-07-08,67,Moderate,PM2.5,21,Los Angeles,California,34.1141,-118.4068,12531334.0,3267.0,America/Los_Angeles,2015,7,8
2015-07-09,62,Moderate,PM2.5,19,Los Angeles,California,34.1141,-118.4068,12531334.0,3267.0,America/Los_Angeles,2015,7,9
2015-07-10,57,Moderate,PM2.5,20,Los Angeles,California,34.1141,-118.4068,12531334.0,3267.0,America/Los_Angeles,2015,7,10
2015-07-11,80,Moderate,Ozone,21,Los Angeles,California,34.1141,-118.4068,12531334.0,3267.0,America/Los_Angeles,2015,7,11
2015-07-12,74,Moderate,Ozone,20,Los Angeles,California,34.1141,-118.4068,12531334.0,3267.0,America/Los_Angeles,2015,7,12
2015-07-13,77,Moderate,Ozone,20,Los Angeles,California,34.1141,-118.4068,12531334.0,3267.0,America/Los_Angeles,2015,7,13
2015-07-14,66,Moderate,PM2.5,22,Los Angeles,California,34.1141,-118.4068,12531334.0,3267.0,America/Los_Angeles,2015,7,14
2015-07-15,105,Unhealthy for Sensitive Groups,Ozone,21,Los Angeles,California,34.1141,-118.4068,12531334.0,3267.0,America/Los_Angeles,2015,7,15
2015-07-16,119,Unhealthy for Sensitive Groups,Ozone,21,Los Angeles,California,34.1141,-118.4068,12531334.0,3267.0,America/Los_Angeles,2015,7,16
2015-07-17,119,Unhealthy for Sensitive Groups,Ozone,22,Los Angeles,California,34.1141,-118.4068,12531334.0,3267.0,America/Los_Angeles,2015,7,17
2015-07-18,63,Moderate,PM2.5,21,Los Angeles,California,34.1141,-118.4068,12531334.0,3267.0,America/Los_Angeles,2015,7,18
2015-07-19,58,Moderate,PM2.5,21,Los Angeles,California,34.1141,-118.4068,12531334.0,3267.0,America/Los_Angeles,2015,7,19
2015-07-20,54,Moderate,PM2.5,22,Los Angeles,California,34.1141,-118.4068,12531334.0,3267.0,America/Los_Angeles,2015,7,20
2015-07-21,71,Moderate,Ozone,21,Los Angeles,California,34.1141,-118.4068,12531334.0,3267.0,America/Los_Angeles,2015,7,21
2015-07-22,85,Moderate,PM10,21,Los Angeles,California,34.1141,-118.4068,12531334.0,3267.0,America/Los_Angeles,2015,7,22
2015-07-23,58,Moderate,Ozone,22,Los Angeles,California,34.1141,-118.4068,12531334.0,3267.0,America/Los_Angeles,2015,7,23
2015-07-24,90,Moderate,Ozone,21,Los Angeles,California,34.1141,-118.4068,12531334.0,3267.0,America/Los_Angeles,2015,7,24
2015-07-25,100,Moderate,Ozone,21,Los Angeles,California,34.1141,-118.4068,12531334.0,3267.0,America/Los_Angeles,2015,7,25
2015-07-26,90,Moderate,Ozone,22,Los Angeles,California,34.1141,-118.4068,12531334.0,3267.0,America/Los_Angeles,2015,7,26
2015-07-27,112,Unhealthy for Sensitive Groups,Ozone,21,Los Angeles,California,34.1141,-118.4068,12531334.0,3267.0,America/Los_Angeles,2015,7,27
2015-07-28,177,Unhealthy,Ozone,21,Los Angeles,California,34.1141,-118.4068,12531334.0,3267.0,America/Los_Angeles,2015,7,28
2015-07-29,151,Unhealthy,Ozone,22,Los Angeles,California,34.1141,-118.4068,12531334.0,3267.0,America/Los_Angeles,2015,7,29
2015-07-30,112,Unhealthy for Sensitive Groups,Ozone,21,Los Angeles,California,34.1141,-118.4068,12531334.0,3267.0,America/Los_Angeles,2015,7,30
2015-07-31,115,Unhealthy for Sensitive Groups,Ozone,21,Los Angeles,California,34.1141,-118.4068,12531334.0,3267.0,America/Los_Angeles,2015,7,31
2015-08-01,133,Unhealthy for Sensitive Groups,Ozone,22,Los Angeles,California,34.1141,-118.4068,12531334.0,3267.0,America/Los_Angeles,2015,8,1
2015-08-02,133,Unhealthy for Sensitive Groups,Ozone,21,Los Angeles,California,34.1141,-118.4068,12531334.0,3267.0,America/Los_Angeles,2015,8,2
2015-08-03,126,Unhealthy for Sensitive Groups,Ozone,21,Los Angeles,California,34.1141,-118.4068,12531334.0,3267.0,America/Los_Angeles,2015,8,3
2015-08-04,126,Unhealthy for Sensitive Groups,Ozone,22,Los Angeles,California,34.1141,-118.4068,12531334.0,3267.0,America/Los_Angeles,2015,8,4
2015-08-05,105,Unhealthy for Sensitive Groups,Ozone,21,Los Angeles,California,34.1141,-118.4068,12531334.0,3267.0,America/Los_Angeles,2015,8,5
2015-08-06,77,Moderate,Ozone,21,Los Angeles,California,34.1141,-118.4068,12531334.0,3267.0,America/Los_Angeles,2015,8,6
2015-08-07,87,Moderate,Ozone,22,Los Angeles,California,34.1141,-118.4068,12531334.0,3267.0,America/Los_Angeles,2015,8,7
2015-08-08,126,Unhealthy for Sensitive Groups,Ozone,21,Los Angeles,California,34.1141,-118.4068,12531334.0,3267.0,America/Los_Angeles,2015,8,8
2015-08-09,122,Unhealthy for Sensitive Groups,Ozone,21,Los Angeles,California,34.1141,-118.4068,12531334.0,3267.0,America/Los_Angeles,2015,8,9
2015-08-10,108,Unhealthy for Sensitive Groups,Ozone,22,Los Angeles,California,34.1141,-118.4068,12531334.0,3267.0,America/Los_Angeles,2015,8,10
2015-08-11,115,Unhealthy for Sensitive Groups,Ozone,21,Los Angeles,California,34.1141,-118.4068,12531334.0,3267.0,America/Los_Angeles,2015,8,11
2015-08-12,119,Unhealthy for Sensitive Groups,Ozone,21,Los Angeles,California,34.1141,-118.4068,12531334.0,3267.0,America/Los_Angeles,2015,8,12
2015-08-13,126,Unhealthy for Sensitive Groups,Ozone,21,Los Angeles,California,34.1141,-118.4068,12531334.0,3267.0,America/Los_Angeles,2015,8,13
2015-08-14,105,Unhealthy for Sensitive Groups,Ozone,21,Los Angeles,California,34.1141,-118.4068,12531334.0,3267.0,America/Los_Angeles,2015,8,14
2015-08-15,143,Unhealthy for Sensitive Groups,Ozone,21,Los Angeles,California,34.1141,-118.4068,12531334.0,3267.0,America/Los_Angeles,2015,8,15
2015-08-16,177,Unhealthy,Ozone,21,Los Angeles,California,34.1141,-118.4068,12531334.0,3267.0,America/Los_Angeles,2015,8,16
2015-08-17,129,Unhealthy for Sensitive Groups,Ozone,21,Los Angeles,California,34.1141,-118.4068,12531334.0,3267.0,America/Los_Angeles,2015,8,17
2015-08-18,156,Unhealthy,Ozone,21,Los Angeles,California,34.1141,-118.4068,12531334.0,3267.0,America/Los_Angeles,2015,8,18
2015-08-19,150,Unhealthy for Sensitive Groups,Ozone,22,Los Angeles,California,34.1141,-118.4068,12531334.0,3267.0,America/Los_Angeles,2015,8,19
2015-08-20,164,Unhealthy,Ozone,20,Los Angeles,California,34.1141,-118.4068,12531334.0,3267.0,America/Los_Angeles,2015,8,20
2015-08-21,169,Unhealthy,Ozone,20,Los Angeles,California,34.1141,-118.4068,12531334.0,3267.0,America/Los_Angeles,2015,8,21
2015-08-22,161,Unhealthy,Ozone,22,Los Angeles,California,34.1141,-118.4068,12531334.0,3267.0,America/Los_Angeles,2015,8,22
2015-08-23,151,Unhealthy,Ozone,20,Los Angeles,California,34.1141,-118.4068,12531334.0,3267.0,America/Los_Angeles,2015,8,23
2015-08-24,151,Unhealthy,Ozone,20,Los Angeles,California,34.1141,-118.4068,12531334.0,3267.0,America/Los_Angeles,2015,8,24
2015-08-25,84,Moderate,Ozone,22,Los Angeles,California,34.1141,-118.4068,12531334.0,3267.0,America/Los_Angeles,2015,8,25
2015-08-26,143,Unhealthy for Sensitive Groups,Ozone,19,Los Angeles,California,34.1141,-118.4068,12531334.0,3267.0,America/Los_Angeles,2015,8,26
2015-08-27,151,Unhealthy,Ozone,20,Los Angeles,California,34.1141,-118.4068,12531334.0,3267.0,America/Los_Angeles,2015,8,27
2015-08-28,143,Unhealthy for Sensitive Groups,Ozone,21,Los Angeles,California,34.1141,-118.4068,12531334.0,3267.0,America/Los_Angeles,2015,8,28
2015-08-29,129,Unhealthy for Sensitive Groups,Ozone,20,Los Angeles,California,34.1141,-118.4068,12531334.0,3267.0,America/Los_Angeles,2015,8,29
2015-08-30,80,Moderate,Ozone,20,Los Angeles,California,34.1141,-118.4068,12531334.0,3267.0,America/Los_Angeles,2015,8,30
2015-08-31,93,Moderate,Ozone,21,Los Angeles,California,34.1141,-118.4068,12531334.0,3267.0,America/Los_Angeles,2015,8,31
2015-09-01,126,Unhealthy for Sensitive Groups,Ozone,21,Los Angeles,California,34.1141,-118.4068,12531334.0,3267.0,America/Los_Angeles,2015,9,1
2015-09-02,150,Unhealthy for Sensitive Groups,Ozone,21,Los Angeles,California,34.1141,-118.4068,12531334.0,3267.0,America/Los_Angeles,2015,9,2
2015-09-03,97,Moderate,Ozone,22,Los Angeles,California,34.1141,-118.4068,12531334.0,3267.0,America/Los_Angeles,2015,9,3
2015-09-04,122,Unhealthy for Sensitive Groups,Ozone,21,Los Angeles,California,34.1141,-118.4068,12531334.0,3267.0,America/Los_Angeles,2015,9,4
2015-09-05,122,Unhealthy for Sensitive Groups,Ozone,21,Los Angeles,California,34.1141,-118.4068,12531334.0,3267.0,America/Los_Angeles,2015,9,5
2015-09-06,105,Unhealthy for Sensitive Groups,Ozone,22,Los Angeles,California,34.1141,-118.4068,12531334.0,3267.0,America/Los_Angeles,2015,9,6
2015-09-07,67,Moderate,Ozone,21,Los Angeles,California,34.1141,-118.4068,12531334.0,3267.0,America/Los_Angeles,2015,9,7
2015-09-08,58,Moderate,Ozone,21,Los Angeles,California,34.1141,-118.4068,12531334.0,3267.0,America/Los_Angeles,2015,9,8
2015-09-09,77,Moderate,Ozone,22,Los Angeles,California,34.1141,-118.4068,12531334.0,3267.0,America/Los_Angeles,2015,9,9
2015-09-10,154,Unhealthy,Ozone,21,Los Angeles,California,34.1141,-118.4068,12531334.0,3267.0,America/Los_Angeles,2015,9,10
2015-09-11,133,Unhealthy for Sensitive Groups,Ozone,21,Los Angeles,California,34.1141,-118.4068,12531334.0,3267.0,America/Los_Angeles,2015,9,11
2015-09-12,64,Moderate,Ozone,22,Los Angeles,California,34.1141,-118.4068,12531334.0,3267.0,America/Los_Angeles,2015,9,12
2015-09-13,67,Moderate,Ozone,21,Los Angeles,California,34.1141,-118.4068,12531334.0,3267.0,America/Los_Angeles,2015,9,13
2015-09-14,63,Moderate,PM2.5,21,Los Angeles,California,34.1141,-118.4068,12531334.0,3267.0,America/Los_Angeles,2015,9,14
2015-09-15,49,Good,PM2.5,22,Los Angeles,California,34.1141,-118.4068,12531334.0,3267.0,America/Los_Angeles,2015,9,15
2015-09-16,68,Moderate,PM2.5,21,Los Angeles,California,34.1141,-118.4068,12531334.0,3267.0,America/Los_Angeles,2015,9,16
2015-09-17,64,Moderate,Ozone,21,Los Angeles,California,34.1141,-118.4068,12531334.0,3267.0,America/Los_Angeles,2015,9,17
2015-09-18,129,Unhealthy for Sensitive Groups,Ozone,22,Los Angeles,California,34.1141,-118.4068,12531334.0,3267.0,America/Los_Angeles,2015,9,18
2015-09-19,179,Unhealthy,Ozone,21,Los Angeles,California,34.1141,-118.4068,12531334.0,3267.0,America/Los_Angeles,2015,9,19
2015-09-20,151,Unhealthy,Ozone,21,Los Angeles,California,34.1141,-118.4068,12531334.0,3267.0,America/Los_Angeles,2015,9,20
2015-09-21,129,Unhealthy for Sensitive Groups,Ozone,22,Los Angeles,California,34.1141,-118.4068,12531334.0,3267.0,America/Los_Angeles,2015,9,21
2015-09-22,147,Unhealthy for Sensitive Groups,Ozone,21,Los Angeles,California,34.1141,-118.4068,12531334.0,3267.0,America/Los_Angeles,2015,9,22
2015-09-23,161,Unhealthy,Ozone,21,Los Angeles,California,34.1141,-118.4068,12531334.0,3267.0,America/Los_Angeles,2015,9,23
2015-09-24,169,Unhealthy,Ozone,22,Los Angeles,California,34.1141,-118.4068,12531334.0,3267.0,America/Los_Angeles,2015,9,24
2015-09-25,136,Unhealthy for Sensitive Groups,Ozone,21,Los Angeles,California,34.1141,-118.4068,12531334.0,3267.0,America/Los_Angeles,2015,9,25
2015-09-26,154,Unhealthy,Ozone,21,Los Angeles,California,34.1141,-118.4068,12531334.0,3267.0,America/Los_Angeles,2015,9,26
2015-09-27,129,Unhealthy for Sensitive Groups,Ozone,22,Los Angeles,California,34.1141,-118.4068,12531334.0,3267.0,America/Los_Angeles,2015,9,27
2015-09-28,126,Unhealthy for Sensitive Groups,Ozone,20,Los Angeles,California,34.1141,-118.4068,12531334.0,3267.0,America/Los_Angeles,2015,9,28
2015-09-29,105,Unhealthy for Sensitive Groups,Ozone,20,Los Angeles,California,34.1141,-118.4068,12531334.0,3267.0,America/Los_Angeles,2015,9,29
2015-09-30,140,Unhealthy for Sensitive Groups,Ozone,22,Los Angeles,California,34.1141,-118.4068,12531334.0,3267.0,America/Los_Angeles,2015,9,30
2015-10-01,71,Moderate,Ozone,21,Los Angeles,California,34.1141,-118.4068,12531334.0,3267.0,America/Los_Angeles,2015,10,1
2015-10-02,56,Moderate,PM2.5,21,Los Angeles,California,34.1141,-118.4068,12531334.0,3267.0,America/Los_Angeles,2015,10,2
2015-10-03,115,Unhealthy for Sensitive Groups,Ozone,22,Los Angeles,California,34.1141,-118.4068,12531334.0,3267.0,America/Los_Angeles,2015,10,3
2015-10-04,58,Moderate,Ozone,21,Los Angeles,California,34.1141,-118.4068,12531334.0,3267.0,America/Los_Angeles,2015,10,4
2015-10-05,54,Moderate,Ozone,21,Los Angeles,California,34.1141,-118.4068,12531334.0,3267.0,America/Los_Angeles,2015,10,5
2015-10-06,58,Moderate,Ozone,22,Los Angeles,California,34.1141,-118.4068,12531334.0,3267.0,America/Los_Angeles,2015,10,6
2015-10-07,71,Moderate,Ozone,21,Los Angeles,California,34.1141,-118.4068,12531334.0,3267.0,America/Los_Angeles,2015,10,7
2015-10-08,108,Unhealthy for Sensitive Groups,Ozone,21,Los Angeles,California,34.1141,-118.4068,12531334.0,3267.0,America/Los_Angeles,2015,10,8
2015-10-09,101,Unhealthy for Sensitive Groups,Ozone,21,Los Angeles,California,34.1141,-118.4068,12531334.0,3267.0,America/Los_Angeles,2015,10,9
2015-10-10,93,Moderate,Ozone,20,Los Angeles,California,34.1141,-118.4068,12531334.0,3267.0,America/Los_Angeles,2015,10,10
2015-10-11,122,Unhealthy for Sensitive Groups,Ozone,21,Los Angeles,California,34.1141,-118.4068,12531334.0,3267.0,America/Los_Angeles,2015,10,11
2015-10-12,112,Unhealthy for Sensitive Groups,Ozone,22,Los Angeles,California,34.1141,-118.4068,12531334.0,3267.0,America/Los_Angeles,2015,10,12
2015-10-13,122,Unhealthy for Sensitive Groups,Ozone,21,Los Angeles,California,34.1141,-118.4068,12531334.0,3267.0,America/Los_Angeles,2015,10,13
2015-10-14,65,Moderate,PM2.5,21,Los Angeles,California,34.1141,-118.4068,12531334.0,3267.0,America/Los_Angeles,2015,10,14
2015-10-15,59,Moderate,PM2.5,22,Los Angeles,California,34.1141,-118.4068,12531334.0,3267.0,America/Los_Angeles,2015,10,15
2015-10-16,64,Moderate,PM2.5,21,Los Angeles,California,34.1141,-118.4068,12531334.0,3267.0,America/Los_Angeles,2015,10,16
2015-10-17,62,Moderate,PM2.5,21,Los Angeles,California,34.1141,-118.4068,12531334.0,3267.0,America/Los_Angeles,2015,10,17
2015-10-18,56,Moderate,PM2.5,22,Los Angeles,California,34.1141,-118.4068,12531334.0,3267.0,America/Los_Angeles,2015,10,18
2015-10-19,56,Moderate,PM2.5,21,Los Angeles,California,34.1141,-118.4068,12531334.0,3267.0,America/Los_Angeles,2015,10,19
2015-10-20,57,Moderate,PM2.5,21,Los Angeles,California,34.1141,-118.4068,12531334.0,3267.0,America/Los_Angeles,2015,10,20
2015-10-21,55,Moderate,PM2.5,21,Los Angeles,California,34.1141,-118.4068,12531334.0,3267.0,America/Los_Angeles,2015,10,21
2015-10-22,61,Moderate,Ozone,21,Los Angeles,California,34.1141,-118.4068,12531334.0,3267.0,America/Los_Angeles,2015,10,22
2015-10-23,72,Moderate,PM2.5,20,Los Angeles,California,34.1141,-118.4068,12531334.0,3267.0,America/Los_Angeles,2015,10,23
2015-10-24,58,Moderate,Ozone,21,Los Angeles,California,34.1141,-118.4068,12531334.0,3267.0,America/Los_Angeles,2015,10,24
2015-10-25,61,Moderate,PM2.5,21,Los Angeles,California,34.1141,-118.4068,12531334.0,3267.0,America/Los_Angeles,2015,10,25
2015-10-26,105,Unhealthy for Sensitive Groups,Ozone,21,Los Angeles,California,34.1141,-118.4068,12531334.0,3267.0,America/Los_Angeles,2015,10,26
2015-10-27,74,Moderate,PM2.5,21,Los Angeles,California,34.1141,-118.4068,12531334.0,3267.0,America/Los_Angeles,2015,10,27
2015-10-28,72,Moderate,PM2.5,21,Los Angeles,California,34.1141,-118.4068,12531334.0,3267.0,America/Los_Angeles,2015,10,28
2015-10-29,54,Moderate,PM2.5,21,Los Angeles,California,34.1141,-118.4068,12531334.0,3267.0,America/Los_Angeles,2015,10,29
2015-10-30,52,Moderate,NO2,22,Los Angeles,California,34.1141,-118.4068,12531334.0,3267.0,America/Los_Angeles,2015,10,30
2015-10-31,54,Moderate,Ozone,21,Los Angeles,California,34.1141,-118.4068,12531334.0,3267.0,America/Los_Angeles,2015,10,31
2015-11-01,108,Unhealthy for Sensitive Groups,Ozone,21,Los Angeles,California,34.1141,-118.4068,12531334.0,3267.0,America/Los_Angeles,2015,11,1
2015-11-02,59,Moderate,PM2.5,22,Los Angeles,California,34.1141,-118.4068,12531334.0,3267.0,America/Los_Angeles,2015,11,2
2015-11-03,45,Good,PM2.5,21,Los Angeles,California,34.1141,-118.4068,12531334.0,3267.0,America/Los_Angeles,2015,11,3
2015-11-04,52,Moderate,PM2.5,21,Los Angeles,California,34.1141,-118.4068,12531334.0,3267.0,America/Los_Angeles,2015,11,4
2015-11-05,49,Good,PM2.5,22,Los Angeles,California,34.1141,-118.4068,12531334.0,3267.0,America/Los_Angeles,2015,11,5
2015-11-06,52,Moderate,PM2.5,21,Los Angeles,California,34.1141,-118.4068,12531334.0,3267.0,America/Los_Angeles,2015,11,6
2015-11-07,51,Moderate,PM2.5,21,Los Angeles,California,34.1141,-118.4068,12531334.0,3267.0,America/Los_Angeles,2015,11,7
2015-11-08,56,Moderate,PM2.5,22,Los Angeles,California,34.1141,-118.4068,12531334.0,3267.0,America/Los_Angeles,2015,11,8
2015-11-09,59,Moderate,PM2.5,21,Los Angeles,California,34.1141,-118.4068,12531334.0,3267.0,America/Los_Angeles,2015,11,9
2015-11-10,50,Good,PM2.5,21,Los Angeles,California,34.1141,-118.4068,12531334.0,3267.0,America/Los_Angeles,2015,11,10
2015-11-11,48,Good,NO2,22,Los Angeles,California,34.1141,-118.4068,12531334.0,3267.0,America/Los_Angeles,2015,11,11
2015-11-12,58,Moderate,NO2,21,Los Angeles,California,34.1141,-118.4068,12531334.0,3267.0,America/Los_Angeles,2015,11,12
2015-11-13,62,Moderate,NO2,21,Los Angeles,California,34.1141,-118.4068,12531334.0,3267.0,America/Los_Angeles,2015,11,13
2015-11-14,72,Moderate,PM2.5,22,Los Angeles,California,34.1141,-118.4068,12531334.0,3267.0,America/Los_Angeles,2015,11,14
2015-11-15,63,Moderate,PM2.5,21,Los Angeles,California,34.1141,-118.4068,12531334.0,3267.0,America/Los_Angeles,2015,11,15
2015-11-16,46,Good,NO2,21,Los Angeles,California,34.1141,-118.4068,12531334.0,3267.0,America/Los_Angeles,2015,11,16
2015-11-17,55,Moderate,PM2.5,22,Los Angeles,California,34.1141,-118.4068,12531334.0,3267.0,America/Los_Angeles,2015,11,17
2015-11-18,67,Moderate,NO2,21,Los Angeles,California,34.1141,-118.4068,12531334.0,3267.0,America/Los_Angeles,2015,11,18
2015-11-19,72,Moderate,NO2,21,Los Angeles,California,34.1141,-118.4068,12531334.0,3267.0,America/Los_Angeles,2015,11,19
2015-11-20,73,Moderate,NO2,22,Los Angeles,California,34.1141,-118.4068,12531334.0,3267.0,America/Los_Angeles,2015,11,20
2015-11-21,64,Moderate,NO2,21,Los Angeles,California,34.1141,-118.4068,12531334.0,3267.0,America/Los_Angeles,2015,11,21
2015-11-22,49,Good,NO2,21,Los Angeles,California,34.1141,-118.4068,12531334.0,3267.0,America/Los_Angeles,2015,11,22
2015-11-23,61,Moderate,NO2,22,Los Angeles,California,34.1141,-118.4068,12531334.0,3267.0,America/Los_Angeles,2015,11,23
2015-11-24,60,Moderate,PM2.5,21,Los Angeles,California,34.1141,-118.4068,12531334.0,3267.0,America/Los_Angeles,2015,11,24
2015-11-25,52,Moderate,PM2.5,21,Los Angeles,California,34.1141,-118.4068,12531334.0,3267.0,America/Los_Angeles,2015,11,25
2015-11-26,65,Moderate,PM2.5,22,Los Angeles,California,34.1141,-118.4068,12531334.0,3267.0,America/Los_Angeles,2015,11,26
2015-11-27,60,Moderate,PM2.5,21,Los Angeles,California,34.1141,-118.4068,12531334.0,3267.0,America/Los_Angeles,2015,11,27
2015-11-28,57,Moderate,PM2.5,21,Los Angeles,California,34.1141,-118.4068,12531334.0,3267.0,America/Los_Angeles,2015,11,28
2015-11-29,50,Good,PM2.5,22,Los Angeles,California,34.1141,-118.4068,12531334.0,3267.0,America/Los_Angeles,2015,11,29
2015-11-30,62,Moderate,NO2,21,Los Angeles,California,34.1141,-118.4068,12531334.0,3267.0,America/Los_Angeles,2015,11,30
2015-12-01,72,Moderate,NO2,21,Los Angeles,California,34.1141,-118.4068,12531334.0,3267.0,America/Los_Angeles,2015,12,1
2015-12-02,63,Moderate,NO2,21,Los Angeles,California,34.1141,-118.4068,12531334.0,3267.0,America/Los_Angeles,2015,12,2
2015-12-03,61,Moderate,NO2,21,Los Angeles,California,34.1141,-118.4068,12531334.0,3267.0,America/Los_Angeles,2015,12,3
2015-12-04,62,Moderate,PM2.5,21,Los Angeles,California,34.1141,-118.4068,12531334.0,3267.0,America/Los_Angeles,2015,12,4
2015-12-05,65,Moderate,PM2.5,22,Los Angeles,California,34.1141,-118.4068,12531334.0,3267.0,America/Los_Angeles,2015,12,5
2015-12-06,61,Moderate,PM2.5,21,Los Angeles,California,34.1141,-118.4068,12531334.0,3267.0,America/Los_Angeles,2015,12,6
2015-12-07,67,Moderate,PM2.5,21,Los Angeles,California,34.1141,-118.4068,12531334.0,3267.0,America/Los_Angeles,2015,12,7
2015-12-08,71,Moderate,PM2.5,21,Los Angeles,California,34.1141,-118.4068,12531334.0,3267.0,America/Los_Angeles,2015,12,8
2015-12-09,88,Moderate,PM2.5,20,Los Angeles,California,34.1141,-118.4068,12531334.0,3267.0,America/Los_Angeles,2015,12,9
2015-12-10,76,Moderate,PM2.5,21,Los Angeles,California,34.1141,-118.4068,12531334.0,3267.0,America/Los_Angeles,2015,12,10
2015-12-11,47,Good,NO2,22,Los Angeles,California,34.1141,-118.4068,12531334.0,3267.0,America/Los_Angeles,2015,12,11
2015-12-12,43,Good,PM2.5,21,Los Angeles,California,34.1141,-118.4068,12531334.0,3267.0,America/Los_Angeles,2015,12,12
2015-12-13,51,Moderate,PM2.5,21,Los Angeles,California,34.1141,-118.4068,12531334.0,3267.0,America/Los_Angeles,2015,12,13
2015-12-14,38,Good,Ozone,22,Los Angeles,California,34.1141,-118.4068,12531334.0,3267.0,America/Los_Angeles,2015,12,14
2015-12-15,53,Moderate,NO2,21,Los Angeles,California,34.1141,-118.4068,12531334.0,3267.0,America/Los_Angeles,2015,12,15
2015-12-16,58,Moderate,PM2.5,21,Los Angeles,California,34.1141,-118.4068,12531334.0,3267.0,America/Los_Angeles,2015,12,16
2015-12-17,67,Moderate,PM2.5,21,Los Angeles,California,34.1141,-118.4068,12531334.0,3267.0,America/Los_Angeles,2015,12,17
2015-12-18,67,Moderate,PM2.5,21,Los Angeles,California,34.1141,-118.4068,12531334.0,3267.0,America/Los_Angeles,2015,12,18
2015-12-19,81,Moderate,PM2.5,21,Los Angeles,California,34.1141,-118.4068,12531334.0,3267.0,America/Los_Angeles,2015,12,19
2015-12-20,73,Moderate,PM2.5,22,Los Angeles,California,34.1141,-118.4068,12531334.0,3267.0,America/Los_Angeles,2015,12,20
2015-12-21,76,Moderate,PM2.5,21,Los Angeles,California,34.1141,-118.4068,12531334.0,3267.0,America/Los_Angeles,2015,12,21
2015-12-22,67,Moderate,PM2.5,21,Los Angeles,California,34.1141,-118.4068,12531334.0,3267.0,America/Los_Angeles,2015,12,22
2015-12-23,54,Moderate,PM2.5,22,Los Angeles,California,34.1141,-118.4068,12531334.0,3267.0,America/Los_Angeles,2015,12,23
2015-12-24,62,Moderate,PM2.5,21,Los Angeles,California,34.1141,-118.4068,12531334.0,3267.0,America/Los_Angeles,2015,12,24
2015-12-25,52,Moderate,PM2.5,21,Los Angeles,California,34.1141,-118.4068,12531334.0,3267.0,America/Los_Angeles,2015,12,25
2015-12-26,57,Moderate,PM2.5,22,Los Angeles,California,34.1141,-118.4068,12531334.0,3267.0,America/Los_Angeles,2015,12,26
2015-12-27,74,Moderate,PM2.5,21,Los Angeles,California,34.1141,-118.4068,12531334.0,3267.0,America/Los_Angeles,2015,12,27
2015-12-28,67,Moderate,PM2.5,21,Los Angeles,California,34.1141,-118.4068,12531334.0,3267.0,America/Los_Angeles,2015,12,28
2015-12-29,63,Moderate,PM2.5,22,Los Angeles,California,34.1141,-118.4068,12531334.0,3267.0,America/Los_Angeles,2015,12,29
2015-12-30,83,Moderate,PM2.5,21,Los Angeles,California,34.1141,-118.4068,12531334.0,3267.0,America/Los_Angeles,2015,12,30
2015-12-31,84,Moderate,PM2.5,21,Los Angeles,California,34.1141,-118.4068,12531334.0,3267.0,America/Los_Angeles,2015,12,31
2016-01-01,101,Unhealthy for Sensitive Groups,PM2.5,22,Los Angeles,California,34.1141,-118.4068,12531334.0,3267.0,America/Los_Angeles,2016,1,1
2016-01-02,80,Moderate,PM2.5,21,Los Angeles,California,34.1141,-118.4068,12531334.0,3267.0,America/Los_Angeles,2016,1,2
2016-01-03,100,Moderate,PM2.5,21,Los Angeles,California,34.1141,-118.4068,12531334.0,3267.0,America/Los_Angeles,2016,1,3
2016-01-04,64,Moderate,PM2.5,21,Los Angeles,California,34.1141,-118.4068,12531334.0,3267.0,America/Los_Angeles,2016,1,4
2016-01-05,53,Moderate,PM2.5,21,Los Angeles,California,34.1141,-118.4068,12531334.0,3267.0,America/Los_Angeles,2016,1,5
2016-01-06,61,Moderate,PM2.5,21,Los Angeles,California,34.1141,-118.4068,12531334.0,3267.0,America/Los_Angeles,2016,1,6
2016-01-07,57,Moderate,PM2.5,20,Los Angeles,California,34.1141,-118.4068,12531334.0,3267.0,America/Los_Angeles,2016,1,7
2016-01-08,60,Moderate,PM2.5,20,Los Angeles,California,34.1141,-118.4068,12531334.0,3267.0,America/Los_Angeles,2016,1,8
2016-01-09,75,Moderate,PM2.5,20,Los Angeles,California,34.1141,-118.4068,12531334.0,3267.0,America/Los_Angeles,2016,1,9
2016-01-10,75,Moderate,PM2.5,20,Los Angeles,California,34.1141,-118.4068,12531334.0,3267.0,America/Los_Angeles,2016,1,10
2016-01-11,73,Moderate,PM2.5,20,Los Angeles,California,34.1141,-118.4068,12531334.0,3267.0,America/Los_Angeles,2016,1,11
2016-01-12,60,Moderate,PM2.5,21,Los Angeles,California,34.1141,-118.4068,12531334.0,3267.0,America/Los_Angeles,2016,1,12
2016-01-13,71,Moderate,PM2.5,22,Los Angeles,California,34.1141,-118.4068,12531334.0,3267.0,America/Los_Angeles,2016,1,13
2016-01-14,75,Moderate,PM2.5,20,Los Angeles,California,34.1141,-118.4068,12531334.0,3267.0,America/Los_Angeles,2016,1,14
2016-01-15,71,Moderate,PM2.5,21,Los Angeles,California,34.1141,-118.4068,12531334.0,3267.0,America/Los_Angeles,2016,1,15
2016-01-16,81,Moderate,PM2.5,22,Los Angeles,California,34.1141,-118.4068,12531334.0,3267.0,America/Los_Angeles,2016,1,16
2016-01-17,108,Unhealthy for Sensitive Groups,PM2.5,21,Los Angeles,California,34.1141,-118.4068,12531334.0,3267.0,America/Los_Angeles,2016,1,17
2016-01-18,72,Moderate,PM2.5,21,Los Angeles,California,34.1141,-118.4068,12531334.0,3267.0,America/Los_Angeles,2016,1,18
2016-01-19,65,Moderate,PM2.5,22,Los Angeles,California,34.1141,-118.4068,12531334.0,3267.0,America/Los_Angeles,2016,1,19
2016-01-20,73,Moderate,PM2.5,21,Los Angeles,California,34.1141,-118.4068,12531334.0,3267.0,America/Los_Angeles,2016,1,20
2016-01-21,64,Moderate,PM2.5,21,Los Angeles,California,34.1141,-118.4068,12531334.0,3267.0,America/Los_Angeles,2016,1,21
2016-01-22,70,Moderate,PM2.5,22,Los Angeles,California,34.1141,-118.4068,12531334.0,3267.0,America/Los_Angeles,2016,1,22
2016-01-23,70,Moderate,PM2.5,21,Los Angeles,California,34.1141,-118.4068,12531334.0,3267.0,America/Los_Angeles,2016,1,23
2016-01-24,63,Moderate,PM2.5,21,Los Angeles,California,34.1141,-118.4068,12531334.0,3267.0,America/Los_Angeles,2016,1,24
2016-01-25,61,Moderate,PM2.5,22,Los Angeles,California,34.1141,-118.4068,12531334.0,3267.0,America/Los_Angeles,2016,1,25
2016-01-26,68,Moderate,NO2,21,Los Angeles,California,34.1141,-118.4068,12531334.0,3267.0,America/Los_Angeles,2016,1,26
2016-01-27,62,Moderate,NO2,21,Los Angeles,California,34.1141,-118.4068,12531334.0,3267.0,America/Los_Angeles,2016,1,27
2016-01-28,72,Moderate,PM2.5,22,Los Angeles,California,34.1141,-118.4068,12531334.0,3267.0,America/Los_Angeles,2016,1,28
2016-01-29,72,Moderate,PM2.5,21,Los Angeles,California,34.1141,-118.4068,12531334.0,3267.0,America/Los_Angeles,2016,1,29
2016-01-30,66,Moderate,PM2.5,21,Los Angeles,California,34.1141,-118.4068,12531334.0,3267.0,America/Los_Angeles,2016,1,30
2016-01-31,41,Good,Ozone,22,Los Angeles,California,34.1141,-118.4068,12531334.0,3267.0,America/Los_Angeles,2016,1,31
2016-02-01,47,Good,NO2,21,Los Angeles,California,34.1141,-118.4068,12531334.0,3267.0,America/Los_Angeles,2016,2,1
2016-02-02,52,Moderate,NO2,21,Los Angeles,California,34.1141,-118.4068,12531334.0,3267.0,America/Los_Angeles,2016,2,2
2016-02-03,56,Moderate,NO2,22,Los Angeles,California,34.1141,-118.4068,12531334.0,3267.0,America/Los_Angeles,2016,2,3
2016-02-04,58,Moderate,PM2.5,21,Los Angeles,California,34.1141,-118.4068,12531334.0,3267.0,America/Los_Angeles,2016,2,4
2016-02-05,66,Moderate,NO2,21,Los Angeles,California,34.1141,-118.4068,12531334.0,3267.0,America/Los_Angeles,2016,2,5
2016-02-06,55,Moderate,PM2.5,22,Los Angeles,California,34.1141,-118.4068,12531334.0,3267.0,America/Los_Angeles,2016,2,6
2016-02-07,65,Moderate,PM2.5,21,Los Angeles,California,34.1141,-118.4068,12531334.0,3267.0,America/Los_Angeles,2016,2,7
2016-02-08,87,Moderate,NO2,21,Los Angeles,California,34.1141,-118.4068,12531334.0,3267.0,America/Los_Angeles,2016,2,8
2016-02-09,62,Moderate,NO2,22,Los Angeles,California,34.1141,-118.4068,12531334.0,3267.0,America/Los_Angeles,2016,2,9
2016-02-10,68,Moderate,NO2,21,Los Angeles,California,34.1141,-118.4068,12531334.0,3267.0,America/Los_Angeles,2016,2,10
2016-02-11,84,Moderate,PM2.5,21,Los Angeles,California,34.1141,-118.4068,12531334.0,3267.0,America/Los_Angeles,2016,2,11
2016-02-12,105,Unhealthy for Sensitive Groups,Ozone,22,Los Angeles,California,34.1141,-118.4068,12531334.0,3267.0,America/Los_Angeles,2016,2,12
2016-02-13,113,Unhealthy for Sensitive Groups,PM2.5,21,Los Angeles,California,34.1141,-118.4068,12531334.0,3267.0,America/Los_Angeles,2016,2,13
2016-02-14,119,Unhealthy for Sensitive Groups,Ozone,21,Los Angeles,California,34.1141,-118.4068,12531334.0,3267.0,America/Los_Angeles,2016,2,14
2016-02-15,80,Moderate,NO2,21,Los Angeles,California,34.1141,-118.4068,12531334.0,3267.0,America/Los_Angeles,2016,2,15
2016-02-16,63,Moderate,NO2,21,Los Angeles,California,34.1141,-118.4068,12531334.0,3267.0,America/Los_Angeles,2016,2,16
2016-02-17,55,Moderate,PM2.5,21,Los Angeles,California,34.1141,-118.4068,12531334.0,3267.0,America/Los_Angeles,2016,2,17
2016-02-18,44,Good,Ozone,22,Los Angeles,California,34.1141,-118.4068,12531334.0,3267.0,America/Los_Angeles,2016,2,18
2016-02-19,55,Moderate,PM2.5,21,Los Angeles,California,34.1141,-118.4068,12531334.0,3267.0,America/Los_Angeles,2016,2,19
2016-02-20,61,Moderate,PM2.5,21,Los Angeles,California,34.1141,-118.4068,12531334.0,3267.0,America/Los_Angeles,2016,2,20
2016-02-21,74,Moderate,Ozone,22,Los Angeles,California,34.1141,-118.4068,12531334.0,3267.0,America/Los_Angeles,2016,2,21
2016-02-22,69,Moderate,PM2.5,21,Los Angeles,California,34.1141,-118.4068,12531334.0,3267.0,America/Los_Angeles,2016,2,22
2016-02-23,74,Moderate,Ozone,21,Los Angeles,California,34.1141,-118.4068,12531334.0,3267.0,America/Los_Angeles,2016,2,23
2016-02-24,55,Moderate,NO2,22,Los Angeles,California,34.1141,-118.4068,12531334.0,3267.0,America/Los_Angeles,2016,2,24
2016-02-25,67,Moderate,Ozone,21,Los Angeles,California,34.1141,-118.4068,12531334.0,3267.0,America/Los_Angeles,2016,2,25
2016-02-26,84,Moderate,Ozone,21,Los Angeles,California,34.1141,-118.4068,12531334.0,3267.0,America/Los_Angeles,2016,2,26
2016-02-27,90,Moderate,Ozone,22,Los Angeles,California,34.1141,-118.4068,12531334.0,3267.0,America/Los_Angeles,2016,2,27
2016-02-28,115,Unhealthy for Sensitive Groups,Ozone,21,Los Angeles,California,34.1141,-118.4068,12531334.0,3267.0,America/Los_Angeles,2016,2,28
2016-02-29,109,Unhealthy for Sensitive Groups,PM2.5,21,Los Angeles,California,34.1141,-118.4068,12531334.0,3267.0,America/Los_Angeles,2016,2,29
2016-03-01,134,Unhealthy for Sensitive Groups,PM2.5,22,Los Angeles,California,34.1141,-118.4068,12531334.0,3267.0,America/Los_Angeles,2016,3,1
2016-03-02,124,Unhealthy for Sensitive Groups,PM2.5,21,Los Angeles,California,34.1141,-118.4068,12531334.0,3267.0,America/Los_Angeles,2016,3,2
2016-03-03,86,Moderate,PM2.5,21,Los Angeles,California,34.1141,-118.4068,12531334.0,3267.0,America/Los_Angeles,2016,3,3
2016-03-04,85,Moderate,PM2.5,22,Los Angeles,California,34.1141,-118.4068,12531334.0,3267.0,America/Los_Angeles,2016,3,4
2016-03-05,63,Moderate,PM2.5,21,Los Angeles,California,34.1141,-118.4068,12531334.0,3267.0,America/Los_Angeles,2016,3,5
2016-03-06,46,Good,Ozone,21,Los Angeles,California,34.1141,-118.4068,12531334.0,3267.0,America/Los_Angeles,2016,3,6
2016-03-07,44,Good,Ozone,21,Los Angeles,California,34.1141,-118.4068,12531334.0,3267.0,America/Los_Angeles,2016,3,7
2016-03-08,44,Good,Ozone,21,Los Angeles,California,34.1141,-118.4068,12531334.0,3267.0,America/Los_Angeles,2016,3,8
2016-03-09,53,Moderate,PM2.5,21,Los Angeles,California,34.1141,-118.4068,12531334.0,3267.0,America/Los_Angeles,2016,3,9
2016-03-10,67,Moderate,Ozone,21,Los Angeles,California,34.1141,-118.4068,12531334.0,3267.0,America/Los_Angeles,2016,3,10
2016-03-11,45,Good,PM2.5,21,Los Angeles,California,34.1141,-118.4068,12531334.0,3267.0,America/Los_Angeles,2016,3,11
2016-03-12,50,Good,PM2.5,21,Los Angeles,California,34.1141,-118.4068,12531334.0,3267.0,America/Los_Angeles,2016,3,12
2016-03-13,54,Moderate,PM2.5,21,Los Angeles,California,34.1141,-118.4068,12531334.0,3267.0,America/Los_Angeles,2016,3,13
2016-03-14,43,Good,Ozone,21,Los Angeles,California,34.1141,-118.4068,12531334.0,3267.0,America/Los_Angeles,2016,3,14
2016-03-15,55,Moderate,PM2.5,21,Los Angeles,California,34.1141,-118.4068,12531334.0,3267.0,America/Los_Angeles,2016,3,15
2016-03-16,77,Moderate,Ozone,21,Los Angeles,California,34.1141,-118.4068,12531334.0,3267.0,America/Los_Angeles,2016,3,16
2016-03-17,100,Moderate,Ozone,21,Los Angeles,California,34.1141,-118.4068,12531334.0,3267.0,America/Los_Angeles,2016,3,17
2016-03-18,87,Moderate,PM2.5,21,Los Angeles,California,34.1141,-118.4068,12531334.0,3267.0,America/Los_Angeles,2016,3,18
2016-03-19,101,Unhealthy for Sensitive Groups,Ozone,21,Los Angeles,California,34.1141,-118.4068,12531334.0,3267.0,America/Los_Angeles,2016,3,19
2016-03-20,113,Unhealthy for Sensitive Groups,PM2.5,21,Los Angeles,California,34.1141,-118.4068,12531334.0,3267.0,America/Los_Angeles,2016,3,20
2016-03-21,81,Moderate,PM2.5,21,Los Angeles,California,34.1141,-118.4068,12531334.0,3267.0,America/Los_Angeles,2016,3,21
2016-03-22,56,Moderate,PM2.5,21,Los Angeles,California,34.1141,-118.4068,12531334.0,3267.0,America/Los_Angeles,2016,3,22
2016-03-23,51,Moderate,PM2.5,21,Los Angeles,California,34.1141,-118.4068,12531334.0,3267.0,America/Los_Angeles,2016,3,23
2016-03-24,61,Moderate,PM2.5,21,Los Angeles,California,34.1141,-118.4068,12531334.0,3267.0,America/Los_Angeles,2016,3,24
2016-03-25,67,Moderate,Ozone,22,Los Angeles,California,34.1141,-118.4068,12531334.0,3267.0,America/Los_Angeles,2016,3,25
2016-03-26,87,Moderate,Ozone,21,Los Angeles,California,34.1141,-118.4068,12531334.0,3267.0,America/Los_Angeles,2016,3,26
2016-03-27,108,Unhealthy for Sensitive Groups,Ozone,21,Los Angeles,California,34.1141,-118.4068,12531334.0,3267.0,America/Los_Angeles,2016,3,27
2016-03-28,59,Moderate,PM2.5,22,Los Angeles,California,34.1141,-118.4068,12531334.0,3267.0,America/Los_Angeles,2016,3,28
2016-03-29,47,Good,PM2.5,21,Los Angeles,California,34.1141,-118.4068,12531334.0,3267.0,America/Los_Angeles,2016,3,29
2016-03-30,52,Moderate,PM2.5,21,Los Angeles,California,34.1141,-118.4068,12531334.0,3267.0,America/Los_Angeles,2016,3,30
2016-03-31,50,Good,PM2.5,22,Los Angeles,California,34.1141,-118.4068,12531334.0,3267.0,America/Los_Angeles,2016,3,31
2016-04-01,64,Moderate,PM2.5,21,Los Angeles,California,34.1141,-118.4068,12531334.0,3267.0,America/Los_Angeles,2016,4,1
2016-04-02,101,Unhealthy for Sensitive Groups,Ozone,21,Los Angeles,California,34.1141,-118.4068,12531334.0,3267.0,America/Los_Angeles,2016,4,2
2016-04-03,100,Moderate,Ozone,22,Los Angeles,California,34.1141,-118.4068,12531334.0,3267.0,America/Los_Angeles,2016,4,3
2016-04-04,64,Moderate,Ozone,21,Los Angeles,California,34.1141,-118.4068,12531334.0,3267.0,America/Los_Angeles,2016,4,4
2016-04-05,105,Unhealthy for Sensitive Groups,Ozone,21,Los Angeles,California,34.1141,-118.4068,12531334.0,3267.0,America/Los_Angeles,2016,4,5
2016-04-06,74,Moderate,Ozone,21,Los Angeles,California,34.1141,-118.4068,12531334.0,3267.0,America/Los_Angeles,2016,4,6
2016-04-07,67,Moderate,PM2.5,20,Los Angeles,California,34.1141,-118.4068,12531334.0,3267.0,America/Los_Angeles,2016,4,7
2016-04-08,67,Moderate,PM2.5,21,Los Angeles,California,34.1141,-118.4068,12531334.0,3267.0,America/Los_Angeles,2016,4,8
2016-04-09,54,Moderate,PM2.5,22,Los Angeles,California,34.1141,-118.4068,12531334.0,3267.0,America/Los_Angeles,2016,4,9
2016-04-10,49,Good,PM2.5,21,Los Angeles,California,34.1141,-118.4068,12531334.0,3267.0,America/Los_Angeles,2016,4,10
2016-04-11,54,Moderate,PM2.5,21,Los Angeles,California,34.1141,-118.4068,12531334.0,3267.0,America/Los_Angeles,2016,4,11
2016-04-12,54,Moderate,PM2.5,22,Los Angeles,California,34.1141,-118.4068,12531334.0,3267.0,America/Los_Angeles,2016,4,12
2016-04-13,59,Moderate,PM2.5,21,Los Angeles,California,34.1141,-118.4068,12531334.0,3267.0,America/Los_Angeles,2016,4,13
2016-04-14,71,Moderate,Ozone,21,Los Angeles,California,34.1141,-118.4068,12531334.0,3267.0,America/Los_Angeles,2016,4,14
2016-04-15,55,Moderate,PM2.5,22,Los Angeles,California,34.1141,-118.4068,12531334.0,3267.0,America/Los_Angeles,2016,4,15
2016-04-16,61,Moderate,Ozone,21,Los Angeles,California,34.1141,-118.4068,12531334.0,3267.0,America/Los_Angeles,2016,4,16
2016-04-17,97,Moderate,Ozone,21,Los Angeles,California,34.1141,-118.4068,12531334.0,3267.0,America/Los_Angeles,2016,4,17
2016-04-18,108,Unhealthy for Sensitive Groups,Ozone,22,Los Angeles,California,34.1141,-118.4068,12531334.0,3267.0,America/Los_Angeles,2016,4,18
2016-04-19,115,Unhealthy for Sensitive Groups,Ozone,21,Los Angeles,California,34.1141,-118.4068,12531334.0,3267.0,America/Los_Angeles,2016,4,19
2016-04-20,108,Unhealthy for Sensitive Groups,Ozone,20,Los Angeles,California,34.1141,-118.4068,12531334.0,3267.0,America/Los_Angeles,2016,4,20
2016-04-21,112,Unhealthy for Sensitive Groups,Ozone,21,Los Angeles,California,34.1141,-118.4068,12531334.0,3267.0,America/Los_Angeles,2016,4,21
2016-04-22,50,Good,Ozone,21,Los Angeles,California,34.1141,-118.4068,12531334.0,3267.0,America/Los_Angeles,2016,4,22
2016-04-23,67,Moderate,Ozone,21,Los Angeles,California,34.1141,-118.4068,12531334.0,3267.0,America/Los_Angeles,2016,4,23
2016-04-24,77,Moderate,Ozone,22,Los Angeles,California,34.1141,-118.4068,12531334.0,3267.0,America/Los_Angeles,2016,4,24
2016-04-25,64,Moderate,PM2.5,21,Los Angeles,California,34.1141,-118.4068,12531334.0,3267.0,America/Los_Angeles,2016,4,25
2016-04-26,74,Moderate,Ozone,21,Los Angeles,California,34.1141,-118.4068,12531334.0,3267.0,America/Los_Angeles,2016,4,26
2016-04-27,65,Moderate,PM2.5,22,Los Angeles,California,34.1141,-118.4068,12531334.0,3267.0,America/Los_Angeles,2016,4,27
2016-04-28,54,Moderate,PM2.5,21,Los Angeles,California,34.1141,-118.4068,12531334.0,3267.0,America/Los_Angeles,2016,4,28
2016-04-29,58,Moderate,Ozone,21,Los Angeles,California,34.1141,-118.4068,12531334.0,3267.0,America/Los_Angeles,2016,4,29
2016-04-30,55,Moderate,PM2.5,22,Los Angeles,California,34.1141,-118.4068,12531334.0,3267.0,America/Los_Angeles,2016,4,30
2016-05-01,80,Moderate,Ozone,21,Los Angeles,California,34.1141,-118.4068,12531334.0,3267.0,America/Los_Angeles,2016,5,1
2016-05-02,67,Moderate,Ozone,21,Los Angeles,California,34.1141,-118.4068,12531334.0,3267.0,America/Los_Angeles,2016,5,2
2016-05-03,84,Moderate,Ozone,22,Los Angeles,California,34.1141,-118.4068,12531334.0,3267.0,America/Los_Angeles,2016,5,3
2016-05-04,77,Moderate,Ozone,21,Los Angeles,California,34.1141,-118.4068,12531334.0,3267.0,America/Los_Angeles,2016,5,4
2016-05-05,42,Good,PM2.5,21,Los Angeles,California,34.1141,-118.4068,12531334.0,3267.0,America/Los_Angeles,2016,5,5
2016-05-06,44,Good,Ozone,22,Los Angeles,California,34.1141,-118.4068,12531334.0,3267.0,America/Los_Angeles,2016,5,6
2016-05-07,46,Good,Ozone,21,Los Angeles,California,34.1141,-118.4068,12531334.0,3267.0,America/Los_Angeles,2016,5,7
2016-05-08,44,Good,Ozone,21,Los Angeles,California,34.1141,-118.4068,12531334.0,3267.0,America/Los_Angeles,2016,5,8
2016-05-09,50,Good,Ozone,22,Los Angeles,California,34.1141,-118.4068,12531334.0,3267.0,America/Los_Angeles,2016,5,9
2016-05-10,77,Moderate,Ozone,21,Los Angeles,California,34.1141,-118.4068,12531334.0,3267.0,America/Los_Angeles,2016,5,10
2016-05-11,101,Unhealthy for Sensitive Groups,Ozone,21,Los Angeles,California,34.1141,-118.4068,12531334.0,3267.0,America/Los_Angeles,2016,5,11
2016-05-12,105,Unhealthy for Sensitive Groups,Ozone,22,Los Angeles,California,34.1141,-118.4068,12531334.0,3267.0,America/Los_Angeles,2016,5,12
2016-05-13,115,Unhealthy for Sensitive Groups,Ozone,21,Los Angeles,California,34.1141,-118.4068,12531334.0,3267.0,America/Los_Angeles,2016,5,13
2016-05-14,77,Moderate,Ozone,21,Los Angeles,California,34.1141,-118.4068,12531334.0,3267.0,America/Los_Angeles,2016,5,14
2016-05-15,52,Moderate,PM2.5,22,Los Angeles,California,34.1141,-118.4068,12531334.0,3267.0,America/Los_Angeles,2016,5,15
2016-05-16,59,Moderate,PM2.5,21,Los Angeles,California,34.1141,-118.4068,12531334.0,3267.0,America/Los_Angeles,2016,5,16
2016-05-17,64,Moderate,Ozone,21,Los Angeles,California,34.1141,-118.4068,12531334.0,3267.0,America/Los_Angeles,2016,5,17
2016-05-18,63,Moderate,PM2.5,22,Los Angeles,California,34.1141,-118.4068,12531334.0,3267.0,America/Los_Angeles,2016,5,18
2016-05-19,74,Moderate,Ozone,21,Los Angeles,California,34.1141,-118.4068,12531334.0,3267.0,America/Los_Angeles,2016,5,19
2016-05-20,54,Moderate,Ozone,21,Los Angeles,California,34.1141,-118.4068,12531334.0,3267.0,America/Los_Angeles,2016,5,20
2016-05-21,48,Good,Ozone,22,Los Angeles,California,34.1141,-118.4068,12531334.0,3267.0,America/Los_Angeles,2016,5,21
2016-05-22,48,Good,Ozone,21,Los Angeles,California,34.1141,-118.4068,12531334.0,3267.0,America/Los_Angeles,2016,5,22
2016-05-23,49,Good,Ozone,21,Los Angeles,California,34.1141,-118.4068,12531334.0,3267.0,America/Los_Angeles,2016,5,23
2016-05-24,47,Good,PM2.5,21,Los Angeles,California,34.1141,-118.4068,12531334.0,3267.0,America/Los_Angeles,2016,5,24
2016-05-25,42,Good,Ozone,21,Los Angeles,California,34.1141,-118.4068,12531334.0,3267.0,America/Los_Angeles,2016,5,25
2016-05-26,53,Moderate,PM2.5,20,Los Angeles,California,34.1141,-118.4068,12531334.0,3267.0,America/Los_Angeles,2016,5,26
2016-05-27,87,Moderate,Ozone,22,Los Angeles,California,34.1141,-118.4068,12531334.0,3267.0,America/Los_Angeles,2016,5,27
2016-05-28,108,Unhealthy for Sensitive Groups,Ozone,21,Los Angeles,California,34.1141,-118.4068,12531334.0,3267.0,America/Los_Angeles,2016,5,28
2016-05-29,90,Moderate,Ozone,21,Los Angeles,California,34.1141,-118.4068,12531334.0,3267.0,America/Los_Angeles,2016,5,29
2016-05-30,101,Unhealthy for Sensitive Groups,Ozone,21,Los Angeles,California,34.1141,-118.4068,12531334.0,3267.0,America/Los_Angeles,2016,5,30
2016-05-31,100,Moderate,Ozone,21,Los Angeles,California,34.1141,-118.4068,12531334.0,3267.0,America/Los_Angeles,2016,5,31
2016-06-01,100,Moderate,Ozone,20,Los Angeles,California,34.1141,-118.4068,12531334.0,3267.0,America/Los_Angeles,2016,6,1
2016-06-02,190,Unhealthy,Ozone,22,Los Angeles,California,34.1141,-118.4068,12531334.0,3267.0,America/Los_Angeles,2016,6,2
2016-06-03,166,Unhealthy,Ozone,21,Los Angeles,California,34.1141,-118.4068,12531334.0,3267.0,America/Los_Angeles,2016,6,3
2016-06-04,209,Very Unhealthy,Ozone,21,Los Angeles,California,34.1141,-118.4068,12531334.0,3267.0,America/Los_Angeles,2016,6,4
2016-06-05,140,Unhealthy for Sensitive Groups,Ozone,22,Los Angeles,California,34.1141,-118.4068,12531334.0,3267.0,America/Los_Angeles,2016,6,5
2016-06-06,108,Unhealthy for Sensitive Groups,Ozone,21,Los Angeles,California,34.1141,-118.4068,12531334.0,3267.0,America/Los_Angeles,2016,6,6
2016-06-07,84,Moderate,Ozone,21,Los Angeles,California,34.1141,-118.4068,12531334.0,3267.0,America/Los_Angeles,2016,6,7
2016-06-08,164,Unhealthy,Ozone,22,Los Angeles,California,34.1141,-118.4068,12531334.0,3267.0,America/Los_Angeles,2016,6,8
2016-06-09,133,Unhealthy for Sensitive Groups,Ozone,21,Los Angeles,California,34.1141,-118.4068,12531334.0,3267.0,America/Los_Angeles,2016,6,9
2016-06-10,105,Unhealthy for Sensitive Groups,Ozone,21,Los Angeles,California,34.1141,-118.4068,12531334.0,3267.0,America/Los_Angeles,2016,6,10
2016-06-11,54,Moderate,PM2.5,22,Los Angeles,California,34.1141,-118.4068,12531334.0,3267.0,America/Los_Angeles,2016,6,11
2016-06-12,49,Good,Ozone,21,Los Angeles,California,34.1141,-118.4068,12531334.0,3267.0,America/Los_Angeles,2016,6,12
2016-06-13,61,Moderate,Ozone,21,Los Angeles,California,34.1141,-118.4068,12531334.0,3267.0,America/Los_Angeles,2016,6,13
2016-06-14,97,Moderate,Ozone,22,Los Angeles,California,34.1141,-118.4068,12531334.0,3267.0,America/Los_Angeles,2016,6,14
2016-06-15,71,Moderate,Ozone,21,Los Angeles,California,34.1141,-118.4068,12531334.0,3267.0,America/Los_Angeles,2016,6,15
2016-06-16,97,Moderate,Ozone,21,Los Angeles,California,34.1141,-118.4068,12531334.0,3267.0,America/Los_Angeles,2016,6,16
2016-06-17,169,Unhealthy,Ozone,22,Los Angeles,California,34.1141,-118.4068,12531334.0,3267.0,America/Los_Angeles,2016,6,17
2016-06-18,119,Unhealthy for Sensitive Groups,Ozone,21,Los Angeles,California,34.1141,-118.4068,12531334.0,3267.0,America/Los_Angeles,2016,6,18
2016-06-19,169,Unhealthy,Ozone,21,Los Angeles,California,34.1141,-118.4068,12531334.0,3267.0,America/Los_Angeles,2016,6,19
2016-06-20,159,Unhealthy,Ozone,22,Los Angeles,California,34.1141,-118.4068,12531334.0,3267.0,America/Los_Angeles,2016,6,20
2016-06-21,126,Unhealthy for Sensitive Groups,Ozone,21,Los Angeles,California,34.1141,-118.4068,12531334.0,3267.0,America/Los_Angeles,2016,6,21
2016-06-22,119,Unhealthy for Sensitive Groups,Ozone,21,Los Angeles,California,34.1141,-118.4068,12531334.0,3267.0,America/Los_Angeles,2016,6,22
2016-06-23,151,Unhealthy,Ozone,22,Los Angeles,California,34.1141,-118.4068,12531334.0,3267.0,America/Los_Angeles,2016,6,23
2016-06-24,122,Unhealthy for Sensitive Groups,Ozone,21,Los Angeles,California,34.1141,-118.4068,12531334.0,3267.0,America/Los_Angeles,2016,6,24
2016-06-25,187,Unhealthy,Ozone,21,Los Angeles,California,34.1141,-118.4068,12531334.0,3267.0,America/Los_Angeles,2016,6,25
2016-06-26,195,Unhealthy,Ozone,22,Los Angeles,California,34.1141,-118.4068,12531334.0,3267.0,America/Los_Angeles,2016,6,26
2016-06-27,177,Unhealthy,Ozone,21,Los Angeles,California,34.1141,-118.4068,12531334.0,3267.0,America/Los_Angeles,2016,6,27
2016-06-28,133,Unhealthy for Sensitive Groups,Ozone,21,Los Angeles,California,34.1141,-118.4068,12531334.0,3267.0,America/Los_Angeles,2016,6,28
2016-06-29,210,Very Unhealthy,Ozone,21,Los Angeles,California,34.1141,-118.4068,12531334.0,3267.0,America/Los_Angeles,2016,6,29
2016-06-30,166,Unhealthy,Ozone,21,Los Angeles,California,34.1141,-118.4068,12531334.0,3267.0,America/Los_Angeles,2016,6,30
2016-07-01,105,Unhealthy for Sensitive Groups,Ozone,21,Los Angeles,California,34.1141,-118.4068,12531334.0,3267.0,America/Los_Angeles,2016,7,1
2016-07-02,122,Unhealthy for Sensitive Groups,Ozone,22,Los Angeles,California,34.1141,-118.4068,12531334.0,3267.0,America/Los_Angeles,2016,7,2
2016-07-03,84,Moderate,Ozone,21,Los Angeles,California,34.1141,-118.4068,12531334.0,3267.0,America/Los_Angeles,2016,7,3
2016-07-04,90,Moderate,Ozone,21,Los Angeles,California,34.1141,-118.4068,12531334.0,3267.0,America/Los_Angeles,2016,7,4
2016-07-05,129,Unhealthy for Sensitive Groups,Ozone,22,Los Angeles,California,34.1141,-118.4068,12531334.0,3267.0,America/Los_Angeles,2016,7,5
2016-07-06,136,Unhealthy for Sensitive Groups,Ozone,21,Los Angeles,California,34.1141,-118.4068,12531334.0,3267.0,America/Los_Angeles,2016,7,6
2016-07-07,126,Unhealthy for Sensitive Groups,Ozone,21,Los Angeles,California,34.1141,-118.4068,12531334.0,3267.0,America/Los_Angeles,2016,7,7
2016-07-08,126,Unhealthy for Sensitive Groups,Ozone,22,Los Angeles,California,34.1141,-118.4068,12531334.0,3267.0,America/Los_Angeles,2016,7,8
2016-07-09,133,Unhealthy for Sensitive Groups,Ozone,21,Los Angeles,California,34.1141,-118.4068,12531334.0,3267.0,America/Los_Angeles,2016,7,9
2016-07-10,87,Moderate,Ozone,21,Los Angeles,California,34.1141,-118.4068,12531334.0,3267.0,America/Los_Angeles,2016,7,10
2016-07-11,108,Unhealthy for Sensitive Groups,Ozone,22,Los Angeles,California,34.1141,-118.4068,12531334.0,3267.0,America/Los_Angeles,2016,7,11
2016-07-12,133,Unhealthy for Sensitive Groups,Ozone,20,Los Angeles,California,34.1141,-118.4068,12531334.0,3267.0,America/Los_Angeles,2016,7,12
2016-07-13,156,Unhealthy,Ozone,21,Los Angeles,California,34.1141,-118.4068,12531334.0,3267.0,America/Los_Angeles,2016,7,13
2016-07-14,156,Unhealthy,Ozone,22,Los Angeles,California,34.1141,-118.4068,12531334.0,3267.0,America/Los_Angeles,2016,7,14
2016-07-15,126,Unhealthy for Sensitive Groups,Ozone,20,Los Angeles,California,34.1141,-118.4068,12531334.0,3267.0,America/Los_Angeles,2016,7,15
2016-07-16,143,Unhealthy for Sensitive Groups,Ozone,21,Los Angeles,California,34.1141,-118.4068,12531334.0,3267.0,America/Los_Angeles,2016,7,16
2016-07-17,133,Unhealthy for Sensitive Groups,Ozone,22,Los Angeles,California,34.1141,-118.4068,12531334.0,3267.0,America/Los_Angeles,2016,7,17
2016-07-18,115,Unhealthy for Sensitive Groups,Ozone,21,Los Angeles,California,34.1141,-118.4068,12531334.0,3267.0,America/Los_Angeles,2016,7,18
2016-07-19,115,Unhealthy for Sensitive Groups,Ozone,21,Los Angeles,California,34.1141,-118.4068,12531334.0,3267.0,America/Los_Angeles,2016,7,19
2016-07-20,129,Unhealthy for Sensitive Groups,Ozone,22,Los Angeles,California,34.1141,-118.4068,12531334.0,3267.0,America/Los_Angeles,2016,7,20
2016-07-21,105,Unhealthy for Sensitive Groups,Ozone,21,Los Angeles,California,34.1141,-118.4068,12531334.0,3267.0,America/Los_Angeles,2016,7,21
2016-07-22,169,Unhealthy,Ozone,21,Los Angeles,California,34.1141,-118.4068,12531334.0,3267.0,America/Los_Angeles,2016,7,22
2016-07-23,201,Very Unhealthy,PM2.5,22,Los Angeles,California,34.1141,-118.4068,12531334.0,3267.0,America/Los_Angeles,2016,7,23
2016-07-24,156,Unhealthy,PM2.5,21,Los Angeles,California,34.1141,-118.4068,12531334.0,3267.0,America/Los_Angeles,2016,7,24
2016-07-25,134,Unhealthy for Sensitive Groups,PM2.5,21,Los Angeles,California,34.1141,-118.4068,12531334.0,3267.0,America/Los_Angeles,2016,7,25
2016-07-26,133,Unhealthy for Sensitive Groups,Ozone,22,Los Angeles,California,34.1141,-118.4068,12531334.0,3267.0,America/Los_Angeles,2016,7,26
2016-07-27,112,Unhealthy for Sensitive Groups,Ozone,21,Los Angeles,California,34.1141,-118.4068,12531334.0,3267.0,America/Los_Angeles,2016,7,27
2016-07-28,172,Unhealthy,Ozone,21,Los Angeles,California,34.1141,-118.4068,12531334.0,3267.0,America/Los_Angeles,2016,7,28
2016-07-29,206,Very Unhealthy,Ozone,21,Los Angeles,California,34.1141,-118.4068,12531334.0,3267.0,America/Los_Angeles,2016,7,29
2016-07-30,122,Unhealthy for Sensitive Groups,Ozone,21,Los Angeles,California,34.1141,-118.4068,12531334.0,3267.0,America/Los_Angeles,2016,7,30
2016-07-31,101,Unhealthy for Sensitive Groups,Ozone,21,Los Angeles,California,34.1141,-118.4068,12531334.0,3267.0,America/Los_Angeles,2016,7,31
2016-08-01,105,Unhealthy for Sensitive Groups,Ozone,22,Los Angeles,California,34.1141,-118.4068,12531334.0,3267.0,America/Los_Angeles,2016,8,1
2016-08-02,119,Unhealthy for Sensitive Groups,Ozone,21,Los Angeles,California,34.1141,-118.4068,12531334.0,3267.0,America/Los_Angeles,2016,8,2
2016-08-03,122,Unhealthy for Sensitive Groups,Ozone,21,Los Angeles,California,34.1141,-118.4068,12531334.0,3267.0,America/Los_Angeles,2016,8,3
2016-08-04,147,Unhealthy for Sensitive Groups,Ozone,21,Los Angeles,California,34.1141,-118.4068,12531334.0,3267.0,America/Los_Angeles,2016,8,4
2016-08-05,136,Unhealthy for Sensitive Groups,Ozone,21,Los Angeles,California,34.1141,-118.4068,12531334.0,3267.0,America/Los_Angeles,2016,8,5
2016-08-06,140,Unhealthy for Sensitive Groups,Ozone,21,Los Angeles,California,34.1141,-118.4068,12531334.0,3267.0,America/Los_Angeles,2016,8,6
2016-08-07,136,Unhealthy for Sensitive Groups,Ozone,22,Los Angeles,California,34.1141,-118.4068,12531334.0,3267.0,America/Los_Angeles,2016,8,7
2016-08-08,156,Unhealthy,Ozone,20,Los Angeles,California,34.1141,-118.4068,12531334.0,3267.0,America/Los_Angeles,2016,8,8
2016-08-09,129,Unhealthy for Sensitive Groups,Ozone,20,Los Angeles,California,34.1141,-118.4068,12531334.0,3267.0,America/Los_Angeles,2016,8,9
2016-08-10,119,Unhealthy for Sensitive Groups,Ozone,21,Los Angeles,California,34.1141,-118.4068,12531334.0,3267.0,America/Los_Angeles,2016,8,10
2016-08-11,129,Unhealthy for Sensitive Groups,Ozone,21,Los Angeles,California,34.1141,-118.4068,12531334.0,3267.0,America/Los_Angeles,2016,8,11
2016-08-12,77,Moderate,Ozone,21,Los Angeles,California,34.1141,-118.4068,12531334.0,3267.0,America/Los_Angeles,2016,8,12
2016-08-13,136,Unhealthy for Sensitive Groups,Ozone,22,Los Angeles,California,34.1141,-118.4068,12531334.0,3267.0,America/Los_Angeles,2016,8,13
2016-08-14,172,Unhealthy,Ozone,21,Los Angeles,California,34.1141,-118.4068,12531334.0,3267.0,America/Los_Angeles,2016,8,14
2016-08-15,112,Unhealthy for Sensitive Groups,Ozone,21,Los Angeles,California,34.1141,-118.4068,12531334.0,3267.0,America/Los_Angeles,2016,8,15
2016-08-16,101,Unhealthy for Sensitive Groups,Ozone,22,Los Angeles,California,34.1141,-118.4068,12531334.0,3267.0,America/Los_Angeles,2016,8,16
2016-08-17,115,Unhealthy for Sensitive Groups,Ozone,21,Los Angeles,California,34.1141,-118.4068,12531334.0,3267.0,America/Los_Angeles,2016,8,17
2016-08-18,84,Moderate,Ozone,21,Los Angeles,California,34.1141,-118.4068,12531334.0,3267.0,America/Los_Angeles,2016,8,18
2016-08-19,100,Moderate,Ozone,22,Los Angeles,California,34.1141,-118.4068,12531334.0,3267.0,America/Los_Angeles,2016,8,19
2016-08-20,71,Moderate,PM2.5,21,Los Angeles,California,34.1141,-118.4068,12531334.0,3267.0,America/Los_Angeles,2016,8,20
2016-08-21,77,Moderate,Ozone,21,Los Angeles,California,34.1141,-118.4068,12531334.0,3267.0,America/Los_Angeles,2016,8,21
2016-08-22,77,Moderate,PM2.5,22,Los Angeles,California,34.1141,-118.4068,12531334.0,3267.0,America/Los_Angeles,2016,8,22
2016-08-23,122,Unhealthy for Sensitive Groups,Ozone,21,Los Angeles,California,34.1141,-118.4068,12531334.0,3267.0,America/Los_Angeles,2016,8,23
2016-08-24,129,Unhealthy for Sensitive Groups,Ozone,21,Los Angeles,California,34.1141,-118.4068,12531334.0,3267.0,America/Los_Angeles,2016,8,24
2016-08-25,140,Unhealthy for Sensitive Groups,Ozone,22,Los Angeles,California,34.1141,-118.4068,12531334.0,3267.0,America/Los_Angeles,2016,8,25
2016-08-26,97,Moderate,Ozone,21,Los Angeles,California,34.1141,-118.4068,12531334.0,3267.0,America/Los_Angeles,2016,8,26
2016-08-27,108,Unhealthy for Sensitive Groups,Ozone,21,Los Angeles,California,34.1141,-118.4068,12531334.0,3267.0,America/Los_Angeles,2016,8,27
2016-08-28,126,Unhealthy for Sensitive Groups,Ozone,22,Los Angeles,California,34.1141,-118.4068,12531334.0,3267.0,America/Los_Angeles,2016,8,28
2016-08-29,161,Unhealthy,Ozone,21,Los Angeles,California,34.1141,-118.4068,12531334.0,3267.0,America/Los_Angeles,2016,8,29
2016-08-30,187,Unhealthy,Ozone,21,Los Angeles,California,34.1141,-118.4068,12531334.0,3267.0,America/Los_Angeles,2016,8,30
2016-08-31,151,Unhealthy,Ozone,22,Los Angeles,California,34.1141,-118.4068,12531334.0,3267.0,America/Los_Angeles,2016,8,31
2016-09-01,80,Moderate,Ozone,21,Los Angeles,California,34.1141,-118.4068,12531334.0,3267.0,America/Los_Angeles,2016,9,1
2016-09-02,84,Moderate,Ozone,21,Los Angeles,California,34.1141,-118.4068,12531334.0,3267.0,America/Los_Angeles,2016,9,2
2016-09-03,87,Moderate,Ozone,22,Los Angeles,California,34.1141,-118.4068,12531334.0,3267.0,America/Los_Angeles,2016,9,3
2016-09-04,64,Moderate,PM2.5,21,Los Angeles,California,34.1141,-118.4068,12531334.0,3267.0,America/Los_Angeles,2016,9,4
2016-09-05,70,Moderate,PM2.5,21,Los Angeles,California,34.1141,-118.4068,12531334.0,3267.0,America/Los_Angeles,2016,9,5
2016-09-06,93,Moderate,Ozone,22,Los Angeles,California,34.1141,-118.4068,12531334.0,3267.0,America/Los_Angeles,2016,9,6
2016-09-07,129,Unhealthy for Sensitive Groups,Ozone,21,Los Angeles,California,34.1141,-118.4068,12531334.0,3267.0,America/Los_Angeles,2016,9,7
2016-09-08,97,Moderate,Ozone,21,Los Angeles,California,34.1141,-118.4068,12531334.0,3267.0,America/Los_Angeles,2016,9,8
2016-09-09,87,Moderate,Ozone,22,Los Angeles,California,34.1141,-118.4068,12531334.0,3267.0,America/Los_Angeles,2016,9,9
2016-09-10,108,Unhealthy for Sensitive Groups,Ozone,21,Los Angeles,California,34.1141,-118.4068,12531334.0,3267.0,America/Los_Angeles,2016,9,10
2016-09-11,69,Moderate,PM2.5,21,Los Angeles,California,34.1141,-118.4068,12531334.0,3267.0,America/Los_Angeles,2016,9,11
2016-09-12,74,Moderate,PM2.5,22,Los Angeles,California,34.1141,-118.4068,12531334.0,3267.0,America/Los_Angeles,2016,9,12
2016-09-13,55,Moderate,PM2.5,21,Los Angeles,California,34.1141,-118.4068,12531334.0,3267.0,America/Los_Angeles,2016,9,13
2016-09-14,74,Moderate,Ozone,21,Los Angeles,California,34.1141,-118.4068,12531334.0,3267.0,America/Los_Angeles,2016,9,14
2016-09-15,84,Moderate,Ozone,21,Los Angeles,California,34.1141,-118.4068,12531334.0,3267.0,America/Los_Angeles,2016,9,15
2016-09-16,112,Unhealthy for Sensitive Groups,Ozone,21,Los Angeles,California,34.1141,-118.4068,12531334.0,3267.0,America/Los_Angeles,2016,9,16
2016-09-17,126,Unhealthy for Sensitive Groups,Ozone,21,Los Angeles,California,34.1141,-118.4068,12531334.0,3267.0,America/Los_Angeles,2016,9,17
2016-09-18,147,Unhealthy for Sensitive Groups,Ozone,22,Los Angeles,California,34.1141,-118.4068,12531334.0,3267.0,America/Los_Angeles,2016,9,18
2016-09-19,73,Moderate,PM2.5,21,Los Angeles,California,34.1141,-118.4068,12531334.0,3267.0,America/Los_Angeles,2016,9,19
2016-09-20,71,Moderate,Ozone,21,Los Angeles,California,34.1141,-118.4068,12531334.0,3267.0,America/Los_Angeles,2016,9,20
2016-09-21,84,Moderate,Ozone,21,Los Angeles,California,34.1141,-118.4068,12531334.0,3267.0,America/Los_Angeles,2016,9,21
2016-09-22,77,Moderate,PM10,21,Los Angeles,California,34.1141,-118.4068,12531334.0,3267.0,America/Los_Angeles,2016,9,22
2016-09-23,64,Moderate,PM2.5,21,Los Angeles,California,34.1141,-118.4068,12531334.0,3267.0,America/Los_Angeles,2016,9,23
2016-09-24,100,Moderate,Ozone,22,Los Angeles,California,34.1141,-118.4068,12531334.0,3267.0,America/Los_Angeles,2016,9,24
2016-09-25,112,Unhealthy for Sensitive Groups,Ozone,21,Los Angeles,California,34.1141,-118.4068,12531334.0,3267.0,America/Los_Angeles,2016,9,25
2016-09-26,64,Moderate,Ozone,21,Los Angeles,California,34.1141,-118.4068,12531334.0,3267.0,America/Los_Angeles,2016,9,26
2016-09-27,67,Moderate,Ozone,22,Los Angeles,California,34.1141,-118.4068,12531334.0,3267.0,America/Los_Angeles,2016,9,27
2016-09-28,77,Moderate,Ozone,21,Los Angeles,California,34.1141,-118.4068,12531334.0,3267.0,America/Los_Angeles,2016,9,28
2016-09-29,97,Moderate,Ozone,21,Los Angeles,California,34.1141,-118.4068,12531334.0,3267.0,America/Los_Angeles,2016,9,29
2016-09-30,74,Moderate,Ozone,22,Los Angeles,California,34.1141,-118.4068,12531334.0,3267.0,America/Los_Angeles,2016,9,30
2016-10-01,67,Moderate,PM2.5,20,Los Angeles,California,34.1141,-118.4068,12531334.0,3267.0,America/Los_Angeles,2016,10,1
2016-10-02,74,Moderate,Ozone,21,Los Angeles,California,34.1141,-118.4068,12531334.0,3267.0,America/Los_Angeles,2016,10,2
2016-10-03,62,Moderate,PM2.5,21,Los Angeles,California,34.1141,-118.4068,12531334.0,3267.0,America/Los_Angeles,2016,10,3
2016-10-04,60,Moderate,PM2.5,21,Los Angeles,California,34.1141,-118.4068,12531334.0,3267.0,America/Los_Angeles,2016,10,4
2016-10-05,61,Moderate,Ozone,21,Los Angeles,California,34.1141,-118.4068,12531334.0,3267.0,America/Los_Angeles,2016,10,5
2016-10-06,80,Moderate,Ozone,22,Los Angeles,California,34.1141,-118.4068,12531334.0,3267.0,America/Los_Angeles,2016,10,6
2016-10-07,77,Moderate,Ozone,21,Los Angeles,California,34.1141,-118.4068,12531334.0,3267.0,America/Los_Angeles,2016,10,7
2016-10-08,105,Unhealthy for Sensitive Groups,Ozone,21,Los Angeles,California,34.1141,-118.4068,12531334.0,3267.0,America/Los_Angeles,2016,10,8
2016-10-09,108,Unhealthy for Sensitive Groups,Ozone,22,Los Angeles,California,34.1141,-118.4068,12531334.0,3267.0,America/Los_Angeles,2016,10,9
2016-10-10,63,Moderate,NO2,21,Los Angeles,California,34.1141,-118.4068,12531334.0,3267.0,America/Los_Angeles,2016,10,10
2016-10-11,64,Moderate,PM2.5,21,Los Angeles,California,34.1141,-118.4068,12531334.0,3267.0,America/Los_Angeles,2016,10,11
2016-10-12,73,Moderate,PM2.5,21,Los Angeles,California,34.1141,-118.4068,12531334.0,3267.0,America/Los_Angeles,2016,10,12
2016-10-13,76,Moderate,PM2.5,21,Los Angeles,California,34.1141,-118.4068,12531334.0,3267.0,America/Los_Angeles,2016,10,13
2016-10-14,82,Moderate,PM2.5,21,Los Angeles,California,34.1141,-118.4068,12531334.0,3267.0,America/Los_Angeles,2016,10,14
2016-10-15,67,Moderate,PM2.5,22,Los Angeles,California,34.1141,-118.4068,12531334.0,3267.0,America/Los_Angeles,2016,10,15
2016-10-16,53,Moderate,PM10,21,Los Angeles,California,34.1141,-118.4068,12531334.0,3267.0,America/Los_Angeles,2016,10,16
2016-10-17,50,Good,PM2.5,21,Los Angeles,California,34.1141,-118.4068,12531334.0,3267.0,America/Los_Angeles,2016,10,17
2016-10-18,62,Moderate,NO2,22,Los Angeles,California,34.1141,-118.4068,12531334.0,3267.0,America/Los_Angeles,2016,10,18
2016-10-19,81,Moderate,NO2,21,Los Angeles,California,34.1141,-118.4068,12531334.0,3267.0,America/Los_Angeles,2016,10,19
2016-10-20,71,Moderate,NO2,21,Los Angeles,California,34.1141,-118.4068,12531334.0,3267.0,America/Los_Angeles,2016,10,20
2016-10-21,77,Moderate,Ozone,22,Los Angeles,California,34.1141,-118.4068,12531334.0,3267.0,America/Los_Angeles,2016,10,21
2016-10-22,77,Moderate,Ozone,21,Los Angeles,California,34.1141,-118.4068,12531334.0,3267.0,America/Los_Angeles,2016,10,22
2016-10-23,63,Moderate,PM2.5,21,Los Angeles,California,34.1141,-118.4068,12531334.0,3267.0,America/Los_Angeles,2016,10,23
2016-10-24,67,Moderate,PM2.5,21,Los Angeles,California,34.1141,-118.4068,12531334.0,3267.0,America/Los_Angeles,2016,10,24
2016-10-25,60,Moderate,PM2.5,21,Los Angeles,California,34.1141,-118.4068,12531334.0,3267.0,America/Los_Angeles,2016,10,25
2016-10-26,61,Moderate,PM2.5,21,Los Angeles,California,34.1141,-118.4068,12531334.0,3267.0,America/Los_Angeles,2016,10,26
2016-10-27,66,Moderate,NO2,22,Los Angeles,California,34.1141,-118.4068,12531334.0,3267.0,America/Los_Angeles,2016,10,27
2016-10-28,48,Good,PM2.5,21,Los Angeles,California,34.1141,-118.4068,12531334.0,3267.0,America/Los_Angeles,2016,10,28
2016-10-29,51,Moderate,PM2.5,21,Los Angeles,California,34.1141,-118.4068,12531334.0,3267.0,America/Los_Angeles,2016,10,29
2016-10-30,55,Moderate,PM2.5,22,Los Angeles,California,34.1141,-118.4068,12531334.0,3267.0,America/Los_Angeles,2016,10,30
2016-10-31,52,Moderate,PM2.5,21,Los Angeles,California,34.1141,-118.4068,12531334.0,3267.0,America/Los_Angeles,2016,10,31
2016-11-01,59,Moderate,PM2.5,21,Los Angeles,California,34.1141,-118.4068,12531334.0,3267.0,America/Los_Angeles,2016,11,1
2016-11-02,66,Moderate,NO2,21,Los Angeles,California,34.1141,-118.4068,12531334.0,3267.0,America/Los_Angeles,2016,11,2
2016-11-03,80,Moderate,NO2,21,Los Angeles,California,34.1141,-118.4068,12531334.0,3267.0,America/Los_Angeles,2016,11,3
2016-11-04,67,Moderate,PM2.5,21,Los Angeles,California,34.1141,-118.4068,12531334.0,3267.0,America/Los_Angeles,2016,11,4
2016-11-05,77,Moderate,PM2.5,22,Los Angeles,California,34.1141,-118.4068,12531334.0,3267.0,America/Los_Angeles,2016,11,5
2016-11-06,81,Moderate,PM2.5,21,Los Angeles,California,34.1141,-118.4068,12531334.0,3267.0,America/Los_Angeles,2016,11,6
2016-11-07,82,Moderate,PM2.5,21,Los Angeles,California,34.1141,-118.4068,12531334.0,3267.0,America/Los_Angeles,2016,11,7
2016-11-08,95,Moderate,NO2,22,Los Angeles,California,34.1141,-118.4068,12531334.0,3267.0,America/Los_Angeles,2016,11,8
2016-11-09,65,Moderate,NO2,21,Los Angeles,California,34.1141,-118.4068,12531334.0,3267.0,America/Los_Angeles,2016,11,9
2016-11-10,72,Moderate,NO2,21,Los Angeles,California,34.1141,-118.4068,12531334.0,3267.0,America/Los_Angeles,2016,11,10
2016-11-11,68,Moderate,NO2,22,Los Angeles,California,34.1141,-118.4068,12531334.0,3267.0,America/Los_Angeles,2016,11,11
2016-11-12,66,Moderate,PM2.5,21,Los Angeles,California,34.1141,-118.4068,12531334.0,3267.0,America/Los_Angeles,2016,11,12
2016-11-13,74,Moderate,Ozone,21,Los Angeles,California,34.1141,-118.4068,12531334.0,3267.0,America/Los_Angeles,2016,11,13
2016-11-14,73,Moderate,NO2,22,Los Angeles,California,34.1141,-118.4068,12531334.0,3267.0,America/Los_Angeles,2016,11,14
2016-11-15,86,Moderate,PM2.5,21,Los Angeles,California,34.1141,-118.4068,12531334.0,3267.0,America/Los_Angeles,2016,11,15
2016-11-16,75,Moderate,PM2.5,21,Los Angeles,California,34.1141,-118.4068,12531334.0,3267.0,America/Los_Angeles,2016,11,16
2016-11-17,74,Moderate,NO2,21,Los Angeles,California,34.1141,-118.4068,12531334.0,3267.0,America/Los_Angeles,2016,11,17
2016-11-18,54,Moderate,NO2,20,Los Angeles,California,34.1141,-118.4068,12531334.0,3267.0,America/Los_Angeles,2016,11,18
2016-11-19,69,Moderate,PM2.5,21,Los Angeles,California,34.1141,-118.4068,12531334.0,3267.0,America/Los_Angeles,2016,11,19
2016-11-20,62,Moderate,PM2.5,21,Los Angeles,California,34.1141,-118.4068,12531334.0,3267.0,America/Los_Angeles,2016,11,20
2016-11-21,51,Moderate,PM2.5,21,Los Angeles,California,34.1141,-118.4068,12531334.0,3267.0,America/Los_Angeles,2016,11,21
2016-11-22,54,Moderate,PM2.5,21,Los Angeles,California,34.1141,-118.4068,12531334.0,3267.0,America/Los_Angeles,2016,11,22
2016-11-23,71,Moderate,PM2.5,21,Los Angeles,California,34.1141,-118.4068,12531334.0,3267.0,America/Los_Angeles,2016,11,23
2016-11-24,64,Moderate,PM2.5,21,Los Angeles,California,34.1141,-118.4068,12531334.0,3267.0,America/Los_Angeles,2016,11,24
2016-11-25,80,Moderate,PM2.5,21,Los Angeles,California,34.1141,-118.4068,12531334.0,3267.0,America/Los_Angeles,2016,11,25
2016-11-26,87,Moderate,PM2.5,21,Los Angeles,California,34.1141,-118.4068,12531334.0,3267.0,America/Los_Angeles,2016,11,26
2016-11-27,49,Good,PM2.5,21,Los Angeles,California,34.1141,-118.4068,12531334.0,3267.0,America/Los_Angeles,2016,11,27
2016-11-28,59,Moderate,PM2.5,21,Los Angeles,California,34.1141,-118.4068,12531334.0,3267.0,America/Los_Angeles,2016,11,28
2016-11-29,56,Moderate,PM2.5,21,Los Angeles,California,34.1141,-118.4068,12531334.0,3267.0,America/Los_Angeles,2016,11,29
2016-11-30,58,Moderate,PM2.5,21,Los Angeles,California,34.1141,-118.4068,12531334.0,3267.0,America/Los_Angeles,2016,11,30
2016-12-01,69,Moderate,PM2.5,21,Los Angeles,California,34.1141,-118.4068,12531334.0,3267.0,America/Los_Angeles,2016,12,1
2016-12-02,65,Moderate,PM2.5,22,Los Angeles,California,34.1141,-118.4068,12531334.0,3267.0,America/Los_Angeles,2016,12,2
2016-12-03,67,Moderate,PM2.5,21,Los Angeles,California,34.1141,-118.4068,12531334.0,3267.0,America/Los_Angeles,2016,12,3
2016-12-04,89,Moderate,PM2.5,21,Los Angeles,California,34.1141,-118.4068,12531334.0,3267.0,America/Los_Angeles,2016,12,4
2016-12-05,81,Moderate,PM2.5,22,Los Angeles,California,34.1141,-118.4068,12531334.0,3267.0,America/Los_Angeles,2016,12,5
2016-12-06,66,Moderate,PM2.5,21,Los Angeles,California,34.1141,-118.4068,12531334.0,3267.0,America/Los_Angeles,2016,12,6
2016-12-07,74,Moderate,PM2.5,21,Los Angeles,California,34.1141,-118.4068,12531334.0,3267.0,America/Los_Angeles,2016,12,7
2016-12-08,71,Moderate,PM2.5,22,Los Angeles,California,34.1141,-118.4068,12531334.0,3267.0,America/Los_Angeles,2016,12,8
2016-12-09,78,Moderate,PM2.5,21,Los Angeles,California,34.1141,-118.4068,12531334.0,3267.0,America/Los_Angeles,2016,12,9
2016-12-10,116,Unhealthy for Sensitive Groups,PM2.5,21,Los Angeles,California,34.1141,-118.4068,12531334.0,3267.0,America/Los_Angeles,2016,12,10
2016-12-11,97,Moderate,PM2.5,22,Los Angeles,California,34.1141,-118.4068,12531334.0,3267.0,America/Los_Angeles,2016,12,11
2016-12-12,83,Moderate,PM2.5,21,Los Angeles,California,34.1141,-118.4068,12531334.0,3267.0,America/Los_Angeles,2016,12,12
2016-12-13,95,Moderate,PM2.5,21,Los Angeles,California,34.1141,-118.4068,12531334.0,3267.0,America/Los_Angeles,2016,12,13
2016-12-14,135,Unhealthy for Sensitive Groups,PM2.5,22,Los Angeles,California,34.1141,-118.4068,12531334.0,3267.0,America/Los_Angeles,2016,12,14
2016-12-15,106,Unhealthy for Sensitive Groups,PM2.5,21,Los Angeles,California,34.1141,-118.4068,12531334.0,3267.0,America/Los_Angeles,2016,12,15
2016-12-16,42,Good,Ozone,21,Los Angeles,California,34.1141,-118.4068,12531334.0,3267.0,America/Los_Angeles,2016,12,16
2016-12-17,55,Moderate,PM2.5,22,Los Angeles,California,34.1141,-118.4068,12531334.0,3267.0,America/Los_Angeles,2016,12,17
2016-12-18,60,Moderate,PM2.5,21,Los Angeles,California,34.1141,-118.4068,12531334.0,3267.0,America/Los_Angeles,2016,12,18
2016-12-19,70,Moderate,NO2,21,Los Angeles,California,34.1141,-118.4068,12531334.0,3267.0,America/Los_Angeles,2016,12,19
2016-12-20,77,Moderate,NO2,22,Los Angeles,California,34.1141,-118.4068,12531334.0,3267.0,America/Los_Angeles,2016,12,20
2016-12-21,63,Moderate,NO2,21,Los Angeles,California,34.1141,-118.4068,12531334.0,3267.0,America/Los_Angeles,2016,12,21
2016-12-22,48,Good,PM2.5,21,Los Angeles,California,34.1141,-118.4068,12531334.0,3267.0,America/Los_Angeles,2016,12,22
2016-12-23,62,Moderate,PM2.5,22,Los Angeles,California,34.1141,-118.4068,12531334.0,3267.0,America/Los_Angeles,2016,12,23
2016-12-24,45,Good,PM2.5,21,Los Angeles,California,34.1141,-118.4068,12531334.0,3267.0,America/Los_Angeles,2016,12,24
2016-12-25,75,Moderate,PM2.5,20,Los Angeles,California,34.1141,-118.4068,12531334.0,3267.0,America/Los_Angeles,2016,12,25
2016-12-26,64,Moderate,PM2.5,22,Los Angeles,California,34.1141,-118.4068,12531334.0,3267.0,America/Los_Angeles,2016,12,26
2016-12-27,50,Good,NO2,21,Los Angeles,California,34.1141,-118.4068,12531334.0,3267.0,America/Los_Angeles,2016,12,27
2016-12-28,59,Moderate,PM2.5,21,Los Angeles,California,34.1141,-118.4068,12531334.0,3267.0,America/Los_Angeles,2016,12,28
2016-12-29,61,Moderate,PM2.5,22,Los Angeles,California,34.1141,-118.4068,12531334.0,3267.0,America/Los_Angeles,2016,12,29
2016-12-30,50,Good,PM2.5,21,Los Angeles,California,34.1141,-118.4068,12531334.0,3267.0,America/Los_Angeles,2016,12,30
2016-12-31,62,Moderate,PM2.5,21,Los Angeles,California,34.1141,-118.4068,12531334.0,3267.0,America/Los_Angeles,2016,12,31
2017-01-01,145,Unhealthy for Sensitive Groups,PM2.5,22,Los Angeles,California,34.1141,-118.4068,12531334.0,3267.0,America/Los_Angeles,2017,1,1
2017-01-02,59,Moderate,PM2.5,21,Los Angeles,California,34.1141,-118.4068,12531334.0,3267.0,America/Los_Angeles,2017,1,2
2017-01-03,66,Moderate,PM2.5,21,Los Angeles,California,34.1141,-118.4068,12531334.0,3267.0,America/Los_Angeles,2017,1,3
2017-01-04,72,Moderate,PM2.5,21,Los Angeles,California,34.1141,-118.4068,12531334.0,3267.0,America/Los_Angeles,2017,1,4
2017-01-05,43,Good,PM2.5,21,Los Angeles,California,34.1141,-118.4068,12531334.0,3267.0,America/Los_Angeles,2017,1,5
2017-01-06,49,Good,PM2.5,21,Los Angeles,California,34.1141,-118.4068,12531334.0,3267.0,America/Los_Angeles,2017,1,6
2017-01-07,70,Moderate,PM2.5,22,Los Angeles,California,34.1141,-118.4068,12531334.0,3267.0,America/Los_Angeles,2017,1,7
2017-01-08,82,Moderate,PM2.5,20,Los Angeles,California,34.1141,-118.4068,12531334.0,3267.0,America/Los_Angeles,2017,1,8
2017-01-09,55,Moderate,PM2.5,20,Los Angeles,California,34.1141,-118.4068,12531334.0,3267.0,America/Los_Angeles,2017,1,9
2017-01-10,56,Moderate,PM2.5,21,Los Angeles,California,34.1141,-118.4068,12531334.0,3267.0,America/Los_Angeles,2017,1,10
2017-01-11,53,Moderate,PM2.5,21,Los Angeles,California,34.1141,-118.4068,12531334.0,3267.0,America/Los_Angeles,2017,1,11
2017-01-12,48,Good,PM2.5,21,Los Angeles,California,34.1141,-118.4068,12531334.0,3267.0,America/Los_Angeles,2017,1,12
2017-01-13,60,Moderate,PM2.5,22,Los Angeles,California,34.1141,-118.4068,12531334.0,3267.0,America/Los_Angeles,2017,1,13
2017-01-14,72,Moderate,PM2.5,21,Los Angeles,California,34.1141,-118.4068,12531334.0,3267.0,America/Los_Angeles,2017,1,14
2017-01-15,67,Moderate,PM2.5,21,Los Angeles,California,34.1141,-118.4068,12531334.0,3267.0,America/Los_Angeles,2017,1,15
2017-01-16,72,Moderate,PM2.5,22,Los Angeles,California,34.1141,-118.4068,12531334.0,3267.0,America/Los_Angeles,2017,1,16
2017-01-17,67,Moderate,PM2.5,21,Los Angeles,California,34.1141,-118.4068,12531334.0,3267.0,America/Los_Angeles,2017,1,17
2017-01-18,69,Moderate,PM2.5,21,Los Angeles,California,34.1141,-118.4068,12531334.0,3267.0,America/Los_Angeles,2017,1,18
2017-01-19,53,Moderate,PM2.5,22,Los Angeles,California,34.1141,-118.4068,12531334.0,3267.0,America/Los_Angeles,2017,1,19
2017-01-20,45,Good,Ozone,20,Los Angeles,California,34.1141,-118.4068,12531334.0,3267.0,America/Los_Angeles,2017,1,20
2017-01-21,44,Good,PM2.5,21,Los Angeles,California,34.1141,-118.4068,12531334.0,3267.0,America/Los_Angeles,2017,1,21
2017-01-22,51,Moderate,PM2.5,22,Los Angeles,California,34.1141,-118.4068,12531334.0,3267.0,America/Los_Angeles,2017,1,22
2017-01-23,55,Moderate,NO2,21,Los Angeles,California,34.1141,-118.4068,12531334.0,3267.0,America/Los_Angeles,2017,1,23
2017-01-24,62,Moderate,PM2.5,21,Los Angeles,California,34.1141,-118.4068,12531334.0,3267.0,America/Los_Angeles,2017,1,24
2017-01-25,64,Moderate,PM2.5,21,Los Angeles,California,34.1141,-118.4068,12531334.0,3267.0,America/Los_Angeles,2017,1,25
2017-01-26,69,Moderate,PM2.5,21,Los Angeles,California,34.1141,-118.4068,12531334.0,3267.0,America/Los_Angeles,2017,1,26
2017-01-27,65,Moderate,PM2.5,21,Los Angeles,California,34.1141,-118.4068,12531334.0,3267.0,America/Los_Angeles,2017,1,27
2017-01-28,75,Moderate,PM2.5,22,Los Angeles,California,34.1141,-118.4068,12531334.0,3267.0,America/Los_Angeles,2017,1,28
2017-01-29,66,Moderate,PM2.5,21,Los Angeles,California,34.1141,-118.4068,12531334.0,3267.0,America/Los_Angeles,2017,1,29
2017-01-30,77,Moderate,NO2,21,Los Angeles,California,34.1141,-118.4068,12531334.0,3267.0,America/Los_Angeles,2017,1,30
2017-01-31,75,Moderate,PM2.5,22,Los Angeles,California,34.1141,-118.4068,12531334.0,3267.0,America/Los_Angeles,2017,1,31
2017-02-01,71,Moderate,PM2.5,21,Los Angeles,California,34.1141,-118.4068,12531334.0,3267.0,America/Los_Angeles,2017,2,1
2017-02-02,74,Moderate,PM2.5,21,Los Angeles,California,34.1141,-118.4068,12531334.0,3267.0,America/Los_Angeles,2017,2,2
2017-02-03,64,Moderate,PM2.5,22,Los Angeles,California,34.1141,-118.4068,12531334.0,3267.0,America/Los_Angeles,2017,2,3
2017-02-04,53,Moderate,PM2.5,21,Los Angeles,California,34.1141,-118.4068,12531334.0,3267.0,America/Los_Angeles,2017,2,4
2017-02-05,66,Moderate,PM2.5,21,Los Angeles,California,34.1141,-118.4068,12531334.0,3267.0,America/Los_Angeles,2017,2,5
2017-02-06,45,Good,PM2.5,22,Los Angeles,California,34.1141,-118.4068,12531334.0,3267.0,America/Los_Angeles,2017,2,6
2017-02-07,41,Good,PM2.5,21,Los Angeles,California,34.1141,-118.4068,12531334.0,3267.0,America/Los_Angeles,2017,2,7
2017-02-08,49,Good,PM2.5,21,Los Angeles,California,34.1141,-118.4068,12531334.0,3267.0,America/Los_Angeles,2017,2,8
2017-02-09,54,Moderate,PM2.5,22,Los Angeles,California,34.1141,-118.4068,12531334.0,3267.0,America/Los_Angeles,2017,2,9
2017-02-10,57,Moderate,PM2.5,21,Los Angeles,California,34.1141,-118.4068,12531334.0,3267.0,America/Los_Angeles,2017,2,10
2017-02-11,49,Good,PM2.5,21,Los Angeles,California,34.1141,-118.4068,12531334.0,3267.0,America/Los_Angeles,2017,2,11
2017-02-12,55,Moderate,PM2.5,21,Los Angeles,California,34.1141,-118.4068,12531334.0,3267.0,America/Los_Angeles,2017,2,12
2017-02-13,58,Moderate,PM2.5,21,Los Angeles,California,34.1141,-118.4068,12531334.0,3267.0,America/Los_Angeles,2017,2,13
2017-02-14,59,Moderate,PM2.5,21,Los Angeles,California,34.1141,-118.4068,12531334.0,3267.0,America/Los_Angeles,2017,2,14
2017-02-15,70,Moderate,PM2.5,21,Los Angeles,California,34.1141,-118.4068,12531334.0,3267.0,America/Los_Angeles,2017,2,15
2017-02-16,61,Moderate,PM2.5,21,Los Angeles,California,34.1141,-118.4068,12531334.0,3267.0,America/Los_Angeles,2017,2,16
2017-02-17,49,Good,Ozone,21,Los Angeles,California,34.1141,-118.4068,12531334.0,3267.0,America/Los_Angeles,2017,2,17
2017-02-18,50,Good,Ozone,21,Los Angeles,California,34.1141,-118.4068,12531334.0,3267.0,America/Los_Angeles,2017,2,18
2017-02-19,46,Good,PM2.5,21,Los Angeles,California,34.1141,-118.4068,12531334.0,3267.0,America/Los_Angeles,2017,2,19
2017-02-20,51,Moderate,PM2.5,21,Los Angeles,California,34.1141,-118.4068,12531334.0,3267.0,America/Los_Angeles,2017,2,20
2017-02-21,56,Moderate,PM2.5,21,Los Angeles,California,34.1141,-118.4068,12531334.0,3267.0,America/Los_Angeles,2017,2,21
2017-02-22,48,Good,NO2,21,Los Angeles,California,34.1141,-118.4068,12531334.0,3267.0,America/Los_Angeles,2017,2,22
2017-02-23,50,Good,NO2,21,Los Angeles,California,34.1141,-118.4068,12531334.0,3267.0,America/Los_Angeles,2017,2,23
2017-02-24,63,Moderate,NO2,21,Los Angeles,California,34.1141,-118.4068,12531334.0,3267.0,America/Los_Angeles,2017,2,24
2017-02-25,60,Moderate,PM2.5,21,Los Angeles,California,34.1141,-118.4068,12531334.0,3267.0,America/Los_Angeles,2017,2,25
2017-02-26,48,Good,Ozone,21,Los Angeles,California,34.1141,-118.4068,12531334.0,3267.0,America/Los_Angeles,2017,2,26
2017-02-27,48,Good,NO2,21,Los Angeles,California,34.1141,-118.4068,12531334.0,3267.0,America/Los_Angeles,2017,2,27
2017-02-28,57,Moderate,NO2,21,Los Angeles,California,34.1141,-118.4068,12531334.0,3267.0,America/Los_Angeles,2017,2,28
2017-03-01,60,Moderate,NO2,21,Los Angeles,California,34.1141,-118.4068,12531334.0,3267.0,America/Los_Angeles,2017,3,1
2017-03-02,66,Moderate,NO2,21,Los Angeles,California,34.1141,-118.4068,12531334.0,3267.0,America/Los_Angeles,2017,3,2
2017-03-03,56,Moderate,NO2,21,Los Angeles,California,34.1141,-118.4068,12531334.0,3267.0,America/Los_Angeles,2017,3,3
2017-03-04,61,Moderate,PM2.5,21,Los Angeles,California,34.1141,-118.4068,12531334.0,3267.0,America/Los_Angeles,2017,3,4
2017-03-05,46,Good,Ozone,21,Los Angeles,California,34.1141,-118.4068,12531334.0,3267.0,America/Los_Angeles,2017,3,5
2017-03-06,48,Good,NO2,21,Los Angeles,California,34.1141,-118.4068,12531334.0,3267.0,America/Los_Angeles,2017,3,6
2017-03-07,52,Moderate,NO2,21,Los Angeles,California,34.1141,-118.4068,12531334.0,3267.0,America/Los_Angeles,2017,3,7
2017-03-08,62,Moderate,NO2,21,Los Angeles,California,34.1141,-118.4068,12531334.0,3267.0,America/Los_Angeles,2017,3,8
2017-03-09,77,Moderate,Ozone,21,Los Angeles,California,34.1141,-118.4068,12531334.0,3267.0,America/Los_Angeles,2017,3,9
2017-03-10,101,Unhealthy for Sensitive Groups,Ozone,21,Los Angeles,California,34.1141,-118.4068,12531334.0,3267.0,America/Los_Angeles,2017,3,10
2017-03-11,112,Unhealthy for Sensitive Groups,Ozone,21,Los Angeles,California,34.1141,-118.4068,12531334.0,3267.0,America/Los_Angeles,2017,3,11
2017-03-12,115,Unhealthy for Sensitive Groups,Ozone,21,Los Angeles,California,34.1141,-118.4068,12531334.0,3267.0,America/Los_Angeles,2017,3,12
2017-03-13,133,Unhealthy for Sensitive Groups,Ozone,21,Los Angeles,California,34.1141,-118.4068,12531334.0,3267.0,America/Los_Angeles,2017,3,13
2017-03-14,102,Unhealthy for Sensitive Groups,PM2.5,21,Los Angeles,California,34.1141,-118.4068,12531334.0,3267.0,America/Los_Angeles,2017,3,14
2017-03-15,84,Moderate,Ozone,21,Los Angeles,California,34.1141,-118.4068,12531334.0,3267.0,America/Los_Angeles,2017,3,15
2017-03-16,72,Moderate,PM2.5,21,Los Angeles,California,34.1141,-118.4068,12531334.0,3267.0,America/Los_Angeles,2017,3,16
2017-03-17,89,Moderate,PM2.5,21,Los Angeles,California,34.1141,-118.4068,12531334.0,3267.0,America/Los_Angeles,2017,3,17
2017-03-18,101,Unhealthy for Sensitive Groups,PM2.5,21,Los Angeles,California,34.1141,-118.4068,12531334.0,3267.0,America/Los_Angeles,2017,3,18
2017-03-19,79,Moderate,PM2.5,21,Los Angeles,California,34.1141,-118.4068,12531334.0,3267.0,America/Los_Angeles,2017,3,19
2017-03-20,62,Moderate,PM2.5,21,Los Angeles,California,34.1141,-118.4068,12531334.0,3267.0,America/Los_Angeles,2017,3,20
2017-03-21,54,Moderate,PM2.5,21,Los Angeles,California,34.1141,-118.4068,12531334.0,3267.0,America/Los_Angeles,2017,3,21
2017-03-22,54,Moderate,PM2.5,21,Los Angeles,California,34.1141,-118.4068,12531334.0,3267.0,America/Los_Angeles,2017,3,22
2017-03-23,47,Good,Ozone,21,Los Angeles,California,34.1141,-118.4068,12531334.0,3267.0,America/Los_Angeles,2017,3,23
2017-03-24,56,Moderate,PM2.5,21,Los Angeles,California,34.1141,-118.4068,12531334.0,3267.0,America/Los_Angeles,2017,3,24
2017-03-25,45,Good,PM2.5,21,Los Angeles,California,34.1141,-118.4068,12531334.0,3267.0,America/Los_Angeles,2017,3,25
2017-03-26,56,Moderate,PM2.5,21,Los Angeles,California,34.1141,-118.4068,12531334.0,3267.0,America/Los_Angeles,2017,3,26
2017-03-27,48,Good,PM2.5,21,Los Angeles,California,34.1141,-118.4068,12531334.0,3267.0,America/Los_Angeles,2017,3,27
2017-03-28,58,Moderate,Ozone,21,Los Angeles,California,34.1141,-118.4068,12531334.0,3267.0,America/Los_Angeles,2017,3,28
2017-03-29,64,Moderate,Ozone,21,Los Angeles,California,34.1141,-118.4068,12531334.0,3267.0,America/Los_Angeles,2017,3,29
2017-03-30,56,Moderate,PM2.5,21,Los Angeles,California,34.1141,-118.4068,12531334.0,3267.0,America/Los_Angeles,2017,3,30
2017-03-31,55,Moderate,PM2.5,21,Los Angeles,California,34.1141,-118.4068,12531334.0,3267.0,America/Los_Angeles,2017,3,31
2017-04-01,61,Moderate,Ozone,21,Los Angeles,California,34.1141,-118.4068,12531334.0,3267.0,America/Los_Angeles,2017,4,1
2017-04-02,61,Moderate,Ozone,21,Los Angeles,California,34.1141,-118.4068,12531334.0,3267.0,America/Los_Angeles,2017,4,2
2017-04-03,75,Moderate,PM2.5,21,Los Angeles,California,34.1141,-118.4068,12531334.0,3267.0,America/Los_Angeles,2017,4,3
2017-04-04,77,Moderate,PM2.5,21,Los Angeles,California,34.1141,-118.4068,12531334.0,3267.0,America/Los_Angeles,2017,4,4
2017-04-05,100,Moderate,Ozone,21,Los Angeles,California,34.1141,-118.4068,12531334.0,3267.0,America/Los_Angeles,2017,4,5
2017-04-06,69,Moderate,PM2.5,21,Los Angeles,California,34.1141,-118.4068,12531334.0,3267.0,America/Los_Angeles,2017,4,6
2017-04-07,77,Moderate,Ozone,21,Los Angeles,California,34.1141,-118.4068,12531334.0,3267.0,America/Los_Angeles,2017,4,7
2017-04-08,50,Good,Ozone,21,Los Angeles,California,34.1141,-118.4068,12531334.0,3267.0,America/Los_Angeles,2017,4,8
2017-04-09,67,Moderate,Ozone,21,Los Angeles,California,34.1141,-118.4068,12531334.0,3267.0,America/Los_Angeles,2017,4,9
2017-04-10,97,Moderate,Ozone,21,Los Angeles,California,34.1141,-118.4068,12531334.0,3267.0,America/Los_Angeles,2017,4,10
2017-04-11,87,Moderate,Ozone,21,Los Angeles,California,34.1141,-118.4068,12531334.0,3267.0,America/Los_Angeles,2017,4,11
2017-04-12,55,Moderate,PM2.5,21,Los Angeles,California,34.1141,-118.4068,12531334.0,3267.0,America/Los_Angeles,2017,4,12
2017-04-13,44,Good,Ozone,21,Los Angeles,California,34.1141,-118.4068,12531334.0,3267.0,America/Los_Angeles,2017,4,13
2017-04-14,58,Moderate,Ozone,21,Los Angeles,California,34.1141,-118.4068,12531334.0,3267.0,America/Los_Angeles,2017,4,14
2017-04-15,112,Unhealthy for Sensitive Groups,Ozone,21,Los Angeles,California,34.1141,-118.4068,12531334.0,3267.0,America/Los_Angeles,2017,4,15
2017-04-16,108,Unhealthy for Sensitive Groups,Ozone,21,Los Angeles,California,34.1141,-118.4068,12531334.0,3267.0,America/Los_Angeles,2017,4,16
2017-04-17,41,Good,NO2,21,Los Angeles,California,34.1141,-118.4068,12531334.0,3267.0,America/Los_Angeles,2017,4,17
2017-04-18,34,Good,NO2,21,Los Angeles,California,34.1141,-118.4068,12531334.0,3267.0,America/Los_Angeles,2017,4,18
2017-04-19,49,Good,Ozone,21,Los Angeles,California,34.1141,-118.4068,12531334.0,3267.0,America/Los_Angeles,2017,4,19
2017-04-20,71,Moderate,Ozone,21,Los Angeles,California,34.1141,-118.4068,12531334.0,3267.0,America/Los_Angeles,2017,4,20
2017-04-21,140,Unhealthy for Sensitive Groups,Ozone,21,Los Angeles,California,34.1141,-118.4068,12531334.0,3267.0,America/Los_Angeles,2017,4,21
2017-04-22,161,Unhealthy,Ozone,21,Los Angeles,California,34.1141,-118.4068,12531334.0,3267.0,America/Los_Angeles,2017,4,22
2017-04-23,84,Moderate,Ozone,21,Los Angeles,California,34.1141,-118.4068,12531334.0,3267.0,America/Los_Angeles,2017,4,23
2017-04-24,57,Moderate,PM2.5,21,Los Angeles,California,34.1141,-118.4068,12531334.0,3267.0,America/Los_Angeles,2017,4,24
2017-04-25,71,Moderate,Ozone,21,Los Angeles,California,34.1141,-118.4068,12531334.0,3267.0,America/Los_Angeles,2017,4,25
2017-04-26,67,Moderate,Ozone,21,Los Angeles,California,34.1141,-118.4068,12531334.0,3267.0,America/Los_Angeles,2017,4,26
2017-04-27,74,Moderate,Ozone,21,Los Angeles,California,34.1141,-118.4068,12531334.0,3267.0,America/Los_Angeles,2017,4,27
2017-04-28,84,Moderate,Ozone,21,Los Angeles,California,34.1141,-118.4068,12531334.0,3267.0,America/Los_Angeles,2017,4,28
2017-04-29,100,Moderate,Ozone,21,Los Angeles,California,34.1141,-118.4068,12531334.0,3267.0,America/Los_Angeles,2017,4,29
2017-04-30,112,Unhealthy for Sensitive Groups,Ozone,21,Los Angeles,California,34.1141,-118.4068,12531334.0,3267.0,America/Los_Angeles,2017,4,30
2017-05-01,140,Unhealthy for Sensitive Groups,Ozone,21,Los Angeles,California,34.1141,-118.4068,12531334.0,3267.0,America/Los_Angeles,2017,5,1
2017-05-02,147,Unhealthy for Sensitive Groups,Ozone,21,Los Angeles,California,34.1141,-118.4068,12531334.0,3267.0,America/Los_Angeles,2017,5,2
2017-05-03,156,Unhealthy,Ozone,21,Los Angeles,California,34.1141,-118.4068,12531334.0,3267.0,America/Los_Angeles,2017,5,3
2017-05-04,126,Unhealthy for Sensitive Groups,Ozone,21,Los Angeles,California,34.1141,-118.4068,12531334.0,3267.0,America/Los_Angeles,2017,5,4
2017-05-05,80,Moderate,PM2.5,21,Los Angeles,California,34.1141,-118.4068,12531334.0,3267.0,America/Los_Angeles,2017,5,5
2017-05-06,52,Moderate,PM2.5,21,Los Angeles,California,34.1141,-118.4068,12531334.0,3267.0,America/Los_Angeles,2017,5,6
2017-05-07,56,Moderate,PM2.5,21,Los Angeles,California,34.1141,-118.4068,12531334.0,3267.0,America/Los_Angeles,2017,5,7
2017-05-08,57,Moderate,PM2.5,21,Los Angeles,California,34.1141,-118.4068,12531334.0,3267.0,America/Los_Angeles,2017,5,8
2017-05-09,64,Moderate,PM2.5,21,Los Angeles,California,34.1141,-118.4068,12531334.0,3267.0,America/Los_Angeles,2017,5,9
2017-05-10,56,Moderate,PM2.5,21,Los Angeles,California,34.1141,-118.4068,12531334.0,3267.0,America/Los_Angeles,2017,5,10
2017-05-11,61,Moderate,Ozone,21,Los Angeles,California,34.1141,-118.4068,12531334.0,3267.0,America/Los_Angeles,2017,5,11
2017-05-12,70,Moderate,PM2.5,21,Los Angeles,California,34.1141,-118.4068,12531334.0,3267.0,America/Los_Angeles,2017,5,12
2017-05-13,67,Moderate,Ozone,21,Los Angeles,California,34.1141,-118.4068,12531334.0,3267.0,America/Los_Angeles,2017,5,13
2017-05-14,67,Moderate,Ozone,21,Los Angeles,California,34.1141,-118.4068,12531334.0,3267.0,America/Los_Angeles,2017,5,14
2017-05-15,52,Moderate,PM2.5,21,Los Angeles,California,34.1141,-118.4068,12531334.0,3267.0,America/Los_Angeles,2017,5,15
2017-05-16,54,Moderate,PM2.5,21,Los Angeles,California,34.1141,-118.4068,12531334.0,3267.0,America/Los_Angeles,2017,5,16
2017-05-17,59,Moderate,PM2.5,21,Los Angeles,California,34.1141,-118.4068,12531334.0,3267.0,America/Los_Angeles,2017,5,17
2017-05-18,61,Moderate,NO2,21,Los Angeles,California,34.1141,-118.4068,12531334.0,3267.0,America/Los_Angeles,2017,5,18
2017-05-19,84,Moderate,Ozone,20,Los Angeles,California,34.1141,-118.4068,12531334.0,3267.0,America/Los_Angeles,2017,5,19
2017-05-20,129,Unhealthy for Sensitive Groups,Ozone,21,Los Angeles,California,34.1141,-118.4068,12531334.0,3267.0,America/Los_Angeles,2017,5,20
2017-05-21,143,Unhealthy for Sensitive Groups,Ozone,21,Los Angeles,California,34.1141,-118.4068,12531334.0,3267.0,America/Los_Angeles,2017,5,21
2017-05-22,154,Unhealthy,Ozone,21,Los Angeles,California,34.1141,-118.4068,12531334.0,3267.0,America/Los_Angeles,2017,5,22
2017-05-23,112,Unhealthy for Sensitive Groups,Ozone,21,Los Angeles,California,34.1141,-118.4068,12531334.0,3267.0,America/Los_Angeles,2017,5,23
2017-05-24,119,Unhealthy for Sensitive Groups,Ozone,21,Los Angeles,California,34.1141,-118.4068,12531334.0,3267.0,America/Los_Angeles,2017,5,24
2017-05-25,54,Moderate,PM2.5,21,Los Angeles,California,34.1141,-118.4068,12531334.0,3267.0,America/Los_Angeles,2017,5,25
2017-05-26,45,Good,Ozone,21,Los Angeles,California,34.1141,-118.4068,12531334.0,3267.0,America/Los_Angeles,2017,5,26
2017-05-27,64,Moderate,Ozone,21,Los Angeles,California,34.1141,-118.4068,12531334.0,3267.0,America/Los_Angeles,2017,5,27
2017-05-28,108,Unhealthy for Sensitive Groups,Ozone,22,Los Angeles,California,34.1141,-118.4068,12531334.0,3267.0,America/Los_Angeles,2017,5,28
2017-05-29,97,Moderate,Ozone,21,Los Angeles,California,34.1141,-118.4068,12531334.0,3267.0,America/Los_Angeles,2017,5,29
2017-05-30,93,Moderate,Ozone,21,Los Angeles,California,34.1141,-118.4068,12531334.0,3267.0,America/Los_Angeles,2017,5,30
2017-05-31,80,Moderate,PM2.5,22,Los Angeles,California,34.1141,-118.4068,12531334.0,3267.0,America/Los_Angeles,2017,5,31
2017-06-01,93,Moderate,Ozone,21,Los Angeles,California,34.1141,-118.4068,12531334.0,3267.0,America/Los_Angeles,2017,6,1
2017-06-02,136,Unhealthy for Sensitive Groups,Ozone,21,Los Angeles,California,34.1141,-118.4068,12531334.0,3267.0,America/Los_Angeles,2017,6,2
2017-06-03,169,Unhealthy,Ozone,22,Los Angeles,California,34.1141,-118.4068,12531334.0,3267.0,America/Los_Angeles,2017,6,3
2017-06-04,150,Unhealthy for Sensitive Groups,Ozone,21,Los Angeles,California,34.1141,-118.4068,12531334.0,3267.0,America/Los_Angeles,2017,6,4
2017-06-05,101,Unhealthy for Sensitive Groups,Ozone,21,Los Angeles,California,34.1141,-118.4068,12531334.0,3267.0,America/Los_Angeles,2017,6,5
2017-06-06,80,Moderate,PM2.5,22,Los Angeles,California,34.1141,-118.4068,12531334.0,3267.0,America/Los_Angeles,2017,6,6
2017-06-07,101,Unhealthy for Sensitive Groups,Ozone,20,Los Angeles,California,34.1141,-118.4068,12531334.0,3267.0,America/Los_Angeles,2017,6,7
2017-06-08,77,Moderate,Ozone,21,Los Angeles,California,34.1141,-118.4068,12531334.0,3267.0,America/Los_Angeles,2017,6,8
2017-06-09,50,Good,Ozone,22,Los Angeles,California,34.1141,-118.4068,12531334.0,3267.0,America/Los_Angeles,2017,6,9
2017-06-10,47,Good,PM2.5,21,Los Angeles,California,34.1141,-118.4068,12531334.0,3267.0,America/Los_Angeles,2017,6,10
2017-06-11,48,Good,PM2.5,21,Los Angeles,California,34.1141,-118.4068,12531334.0,3267.0,America/Los_Angeles,2017,6,11
2017-06-12,44,Good,Ozone,22,Los Angeles,California,34.1141,-118.4068,12531334.0,3267.0,America/Los_Angeles,2017,6,12
2017-06-13,93,Moderate,Ozone,21,Los Angeles,California,34.1141,-118.4068,12531334.0,3267.0,America/Los_Angeles,2017,6,13
2017-06-14,159,Unhealthy,Ozone,21,Los Angeles,California,34.1141,-118.4068,12531334.0,3267.0,America/Los_Angeles,2017,6,14
2017-06-15,143,Unhealthy for Sensitive Groups,Ozone,22,Los Angeles,California,34.1141,-118.4068,12531334.0,3267.0,America/Los_Angeles,2017,6,15
2017-06-16,195,Unhealthy,Ozone,21,Los Angeles,California,34.1141,-118.4068,12531334.0,3267.0,America/Los_Angeles,2017,6,16
2017-06-17,190,Unhealthy,Ozone,21,Los Angeles,California,34.1141,-118.4068,12531334.0,3267.0,America/Los_Angeles,2017,6,17
2017-06-18,164,Unhealthy,Ozone,22,Los Angeles,California,34.1141,-118.4068,12531334.0,3267.0,America/Los_Angeles,2017,6,18
2017-06-19,172,Unhealthy,Ozone,21,Los Angeles,California,34.1141,-118.4068,12531334.0,3267.0,America/Los_Angeles,2017,6,19
2017-06-20,197,Unhealthy,Ozone,21,Los Angeles,California,34.1141,-118.4068,12531334.0,3267.0,America/Los_Angeles,2017,6,20
2017-06-21,164,Unhealthy,Ozone,22,Los Angeles,California,34.1141,-118.4068,12531334.0,3267.0,America/Los_Angeles,2017,6,21
2017-06-22,115,Unhealthy for Sensitive Groups,Ozone,21,Los Angeles,California,34.1141,-118.4068,12531334.0,3267.0,America/Los_Angeles,2017,6,22
2017-06-23,156,Unhealthy,Ozone,21,Los Angeles,California,34.1141,-118.4068,12531334.0,3267.0,America/Los_Angeles,2017,6,23
2017-06-24,151,Unhealthy,Ozone,22,Los Angeles,California,34.1141,-118.4068,12531334.0,3267.0,America/Los_Angeles,2017,6,24
2017-06-25,195,Unhealthy,Ozone,21,Los Angeles,California,34.1141,-118.4068,12531334.0,3267.0,America/Los_Angeles,2017,6,25
2017-06-26,129,Unhealthy for Sensitive Groups,Ozone,21,Los Angeles,California,34.1141,-118.4068,12531334.0,3267.0,America/Los_Angeles,2017,6,26
2017-06-27,115,Unhealthy for Sensitive Groups,Ozone,22,Los Angeles,California,34.1141,-118.4068,12531334.0,3267.0,America/Los_Angeles,2017,6,27
2017-06-28,115,Unhealthy for Sensitive Groups,Ozone,21,Los Angeles,California,34.1141,-118.4068,12531334.0,3267.0,America/Los_Angeles,2017,6,28
2017-06-29,150,Unhealthy for Sensitive Groups,Ozone,21,Los Angeles,California,34.1141,-118.4068,12531334.0,3267.0,America/Los_Angeles,2017,6,29
2017-06-30,151,Unhealthy,Ozone,22,Los Angeles,California,34.1141,-118.4068,12531334.0,3267.0,America/Los_Angeles,2017,6,30
2017-07-01,143,Unhealthy for Sensitive Groups,Ozone,21,Los Angeles,California,34.1141,-118.4068,12531334.0,3267.0,America/Los_Angeles,2017,7,1
2017-07-02,115,Unhealthy for Sensitive Groups,Ozone,20,Los Angeles,California,34.1141,-118.4068,12531334.0,3267.0,America/Los_Angeles,2017,7,2
2017-07-03,159,Unhealthy,Ozone,21,Los Angeles,California,34.1141,-118.4068,12531334.0,3267.0,America/Los_Angeles,2017,7,3
2017-07-04,169,Unhealthy,Ozone,20,Los Angeles,California,34.1141,-118.4068,12531334.0,3267.0,America/Los_Angeles,2017,7,4
2017-07-05,182,Unhealthy,Ozone,20,Los Angeles,California,34.1141,-118.4068,12531334.0,3267.0,America/Los_Angeles,2017,7,5
2017-07-06,204,Very Unhealthy,Ozone,21,Los Angeles,California,34.1141,-118.4068,12531334.0,3267.0,America/Los_Angeles,2017,7,6
2017-07-07,224,Very Unhealthy,Ozone,20,Los Angeles,California,34.1141,-118.4068,12531334.0,3267.0,America/Los_Angeles,2017,7,7
2017-07-08,209,Very Unhealthy,Ozone,20,Los Angeles,California,34.1141,-118.4068,12531334.0,3267.0,America/Los_Angeles,2017,7,8
2017-07-09,101,Unhealthy for Sensitive Groups,Ozone,21,Los Angeles,California,34.1141,-118.4068,12531334.0,3267.0,America/Los_Angeles,2017,7,9
2017-07-10,112,Unhealthy for Sensitive Groups,Ozone,20,Los Angeles,California,34.1141,-118.4068,12531334.0,3267.0,America/Los_Angeles,2017,7,10
2017-07-11,71,Moderate,Ozone,20,Los Angeles,California,34.1141,-118.4068,12531334.0,3267.0,America/Los_Angeles,2017,7,11
2017-07-12,84,Moderate,Ozone,21,Los Angeles,California,34.1141,-118.4068,12531334.0,3267.0,America/Los_Angeles,2017,7,12
2017-07-13,97,Moderate,Ozone,20,Los Angeles,California,34.1141,-118.4068,12531334.0,3267.0,America/Los_Angeles,2017,7,13
2017-07-14,156,Unhealthy,Ozone,20,Los Angeles,California,34.1141,-118.4068,12531334.0,3267.0,America/Los_Angeles,2017,7,14
2017-07-15,203,Very Unhealthy,Ozone,21,Los Angeles,California,34.1141,-118.4068,12531334.0,3267.0,America/Los_Angeles,2017,7,15
2017-07-16,159,Unhealthy,Ozone,20,Los Angeles,California,34.1141,-118.4068,12531334.0,3267.0,America/Los_Angeles,2017,7,16
2017-07-17,101,Unhealthy for Sensitive Groups,Ozone,20,Los Angeles,California,34.1141,-118.4068,12531334.0,3267.0,America/Los_Angeles,2017,7,17
2017-07-18,154,Unhealthy,Ozone,21,Los Angeles,California,34.1141,-118.4068,12531334.0,3267.0,America/Los_Angeles,2017,7,18
2017-07-19,164,Unhealthy,Ozone,20,Los Angeles,California,34.1141,-118.4068,12531334.0,3267.0,America/Los_Angeles,2017,7,19
2017-07-20,136,Unhealthy for Sensitive Groups,Ozone,20,Los Angeles,California,34.1141,-118.4068,12531334.0,3267.0,America/Los_Angeles,2017,7,20
2017-07-21,154,Unhealthy,Ozone,21,Los Angeles,California,34.1141,-118.4068,12531334.0,3267.0,America/Los_Angeles,2017,7,21
2017-07-22,177,Unhealthy,Ozone,20,Los Angeles,California,34.1141,-118.4068,12531334.0,3267.0,America/Los_Angeles,2017,7,22
2017-07-23,164,Unhealthy,Ozone,20,Los Angeles,California,34.1141,-118.4068,12531334.0,3267.0,America/Los_Angeles,2017,7,23
2017-07-24,68,Moderate,PM2.5,21,Los Angeles,California,34.1141,-118.4068,12531334.0,3267.0,America/Los_Angeles,2017,7,24
2017-07-25,84,Moderate,Ozone,20,Los Angeles,California,34.1141,-118.4068,12531334.0,3267.0,America/Los_Angeles,2017,7,25
2017-07-26,100,Moderate,Ozone,20,Los Angeles,California,34.1141,-118.4068,12531334.0,3267.0,America/Los_Angeles,2017,7,26
2017-07-27,105,Unhealthy for Sensitive Groups,Ozone,21,Los Angeles,California,34.1141,-118.4068,12531334.0,3267.0,America/Los_Angeles,2017,7,27
2017-07-28,126,Unhealthy for Sensitive Groups,Ozone,20,Los Angeles,California,34.1141,-118.4068,12531334.0,3267.0,America/Los_Angeles,2017,7,28
2017-07-29,133,Unhealthy for Sensitive Groups,Ozone,20,Los Angeles,California,34.1141,-118.4068,12531334.0,3267.0,America/Los_Angeles,2017,7,29
2017-07-30,122,Unhealthy for Sensitive Groups,Ozone,21,Los Angeles,California,34.1141,-118.4068,12531334.0,3267.0,America/Los_Angeles,2017,7,30
2017-07-31,164,Unhealthy,Ozone,20,Los Angeles,California,34.1141,-118.4068,12531334.0,3267.0,America/Los_Angeles,2017,7,31
2017-08-01,140,Unhealthy for Sensitive Groups,Ozone,20,Los Angeles,California,34.1141,-118.4068,12531334.0,3267.0,America/Los_Angeles,2017,8,1
2017-08-02,122,Unhealthy for Sensitive Groups,Ozone,21,Los Angeles,California,34.1141,-118.4068,12531334.0,3267.0,America/Los_Angeles,2017,8,2
2017-08-03,161,Unhealthy,Ozone,20,Los Angeles,California,34.1141,-118.4068,12531334.0,3267.0,America/Los_Angeles,2017,8,3
2017-08-04,126,Unhealthy for Sensitive Groups,Ozone,19,Los Angeles,California,34.1141,-118.4068,12531334.0,3267.0,America/Los_Angeles,2017,8,4
2017-08-05,115,Unhealthy for Sensitive Groups,Ozone,21,Los Angeles,California,34.1141,-118.4068,12531334.0,3267.0,America/Los_Angeles,2017,8,5
2017-08-06,119,Unhealthy for Sensitive Groups,Ozone,20,Los Angeles,California,34.1141,-118.4068,12531334.0,3267.0,America/Los_Angeles,2017,8,6
2017-08-07,108,Unhealthy for Sensitive Groups,Ozone,20,Los Angeles,California,34.1141,-118.4068,12531334.0,3267.0,America/Los_Angeles,2017,8,7
2017-08-08,122,Unhealthy for Sensitive Groups,Ozone,21,Los Angeles,California,34.1141,-118.4068,12531334.0,3267.0,America/Los_Angeles,2017,8,8
2017-08-09,119,Unhealthy for Sensitive Groups,Ozone,20,Los Angeles,California,34.1141,-118.4068,12531334.0,3267.0,America/Los_Angeles,2017,8,9
2017-08-10,143,Unhealthy for Sensitive Groups,Ozone,20,Los Angeles,California,34.1141,-118.4068,12531334.0,3267.0,America/Los_Angeles,2017,8,10
2017-08-11,140,Unhealthy for Sensitive Groups,Ozone,21,Los Angeles,California,34.1141,-118.4068,12531334.0,3267.0,America/Los_Angeles,2017,8,11
2017-08-12,156,Unhealthy,Ozone,20,Los Angeles,California,34.1141,-118.4068,12531334.0,3267.0,America/Los_Angeles,2017,8,12
2017-08-13,150,Unhealthy for Sensitive Groups,Ozone,20,Los Angeles,California,34.1141,-118.4068,12531334.0,3267.0,America/Los_Angeles,2017,8,13
2017-08-14,97,Moderate,Ozone,21,Los Angeles,California,34.1141,-118.4068,12531334.0,3267.0,America/Los_Angeles,2017,8,14
2017-08-15,58,Moderate,PM2.5,20,Los Angeles,California,34.1141,-118.4068,12531334.0,3267.0,America/Los_Angeles,2017,8,15
2017-08-16,90,Moderate,Ozone,20,Los Angeles,California,34.1141,-118.4068,12531334.0,3267.0,America/Los_Angeles,2017,8,16
2017-08-17,93,Moderate,Ozone,21,Los Angeles,California,34.1141,-118.4068,12531334.0,3267.0,America/Los_Angeles,2017,8,17
2017-08-18,112,Unhealthy for Sensitive Groups,Ozone,19,Los Angeles,California,34.1141,-118.4068,12531334.0,3267.0,America/Los_Angeles,2017,8,18
2017-08-19,105,Unhealthy for Sensitive Groups,Ozone,19,Los Angeles,California,34.1141,-118.4068,12531334.0,3267.0,America/Los_Angeles,2017,8,19
2017-08-20,84,Moderate,PM2.5,20,Los Angeles,California,34.1141,-118.4068,12531334.0,3267.0,America/Los_Angeles,2017,8,20
2017-08-21,85,Moderate,PM2.5,19,Los Angeles,California,34.1141,-118.4068,12531334.0,3267.0,America/Los_Angeles,2017,8,21
2017-08-22,97,Moderate,Ozone,19,Los Angeles,California,34.1141,-118.4068,12531334.0,3267.0,America/Los_Angeles,2017,8,22
2017-08-23,126,Unhealthy for Sensitive Groups,Ozone,20,Los Angeles,California,34.1141,-118.4068,12531334.0,3267.0,America/Los_Angeles,2017,8,23
2017-08-24,115,Unhealthy for Sensitive Groups,Ozone,19,Los Angeles,California,34.1141,-118.4068,12531334.0,3267.0,America/Los_Angeles,2017,8,24
2017-08-25,154,Unhealthy,Ozone,19,Los Angeles,California,34.1141,-118.4068,12531334.0,3267.0,America/Los_Angeles,2017,8,25
2017-08-26,190,Unhealthy,Ozone,20,Los Angeles,California,34.1141,-118.4068,12531334.0,3267.0,America/Los_Angeles,2017,8,26
2017-08-27,164,Unhealthy,Ozone,19,Los Angeles,California,34.1141,-118.4068,12531334.0,3267.0,America/Los_Angeles,2017,8,27
2017-08-28,201,Very Unhealthy,Ozone,19,Los Angeles,California,34.1141,-118.4068,12531334.0,3267.0,America/Los_Angeles,2017,8,28
2017-08-29,208,Very Unhealthy,Ozone,20,Los Angeles,California,34.1141,-118.4068,12531334.0,3267.0,America/Los_Angeles,2017,8,29
2017-08-30,209,Very Unhealthy,Ozone,19,Los Angeles,California,34.1141,-118.4068,12531334.0,3267.0,America/Los_Angeles,2017,8,30
2017-08-31,174,Unhealthy,Ozone,19,Los Angeles,California,34.1141,-118.4068,12531334.0,3267.0,America/Los_Angeles,2017,8,31
2017-09-01,206,Very Unhealthy,Ozone,20,Los Angeles,California,34.1141,-118.4068,12531334.0,3267.0,America/Los_Angeles,2017,9,1
2017-09-02,156,Unhealthy,Ozone,19,Los Angeles,California,34.1141,-118.4068,12531334.0,3267.0,America/Los_Angeles,2017,9,2
2017-09-03,77,Moderate,Ozone,19,Los Angeles,California,34.1141,-118.4068,12531334.0,3267.0,America/Los_Angeles,2017,9,3
2017-09-04,64,Moderate,PM2.5,20,Los Angeles,California,34.1141,-118.4068,12531334.0,3267.0,America/Los_Angeles,2017,9,4
2017-09-05,69,Moderate,PM2.5,19,Los Angeles,California,34.1141,-118.4068,12531334.0,3267.0,America/Los_Angeles,2017,9,5
2017-09-06,65,Moderate,PM2.5,19,Los Angeles,California,34.1141,-118.4068,12531334.0,3267.0,America/Los_Angeles,2017,9,6
2017-09-07,112,Unhealthy for Sensitive Groups,Ozone,20,Los Angeles,California,34.1141,-118.4068,12531334.0,3267.0,America/Los_Angeles,2017,9,7
2017-09-08,80,Moderate,Ozone,19,Los Angeles,California,34.1141,-118.4068,12531334.0,3267.0,America/Los_Angeles,2017,9,8
2017-09-09,101,Unhealthy for Sensitive Groups,Ozone,19,Los Angeles,California,34.1141,-118.4068,12531334.0,3267.0,America/Los_Angeles,2017,9,9
2017-09-10,177,Unhealthy,Ozone,20,Los Angeles,California,34.1141,-118.4068,12531334.0,3267.0,America/Los_Angeles,2017,9,10
2017-09-11,119,Unhealthy for Sensitive Groups,Ozone,19,Los Angeles,California,34.1141,-118.4068,12531334.0,3267.0,America/Los_Angeles,2017,9,11
2017-09-12,84,Moderate,Ozone,19,Los Angeles,California,34.1141,-118.4068,12531334.0,3267.0,America/Los_Angeles,2017,9,12
2017-09-13,63,Moderate,PM2.5,20,Los Angeles,California,34.1141,-118.4068,12531334.0,3267.0,America/Los_Angeles,2017,9,13
2017-09-14,58,Moderate,PM2.5,19,Los Angeles,California,34.1141,-118.4068,12531334.0,3267.0,America/Los_Angeles,2017,9,14
2017-09-15,57,Moderate,PM2.5,19,Los Angeles,California,34.1141,-118.4068,12531334.0,3267.0,America/Los_Angeles,2017,9,15
2017-09-16,80,Moderate,Ozone,20,Los Angeles,California,34.1141,-118.4068,12531334.0,3267.0,America/Los_Angeles,2017,9,16
2017-09-17,93,Moderate,Ozone,19,Los Angeles,California,34.1141,-118.4068,12531334.0,3267.0,America/Los_Angeles,2017,9,17
2017-09-18,101,Unhealthy for Sensitive Groups,Ozone,19,Los Angeles,California,34.1141,-118.4068,12531334.0,3267.0,America/Los_Angeles,2017,9,18
2017-09-19,72,Moderate,PM2.5,20,Los Angeles,California,34.1141,-118.4068,12531334.0,3267.0,America/Los_Angeles,2017,9,19
2017-09-20,67,Moderate,Ozone,19,Los Angeles,California,34.1141,-118.4068,12531334.0,3267.0,America/Los_Angeles,2017,9,20
2017-09-21,59,Moderate,PM2.5,19,Los Angeles,California,34.1141,-118.4068,12531334.0,3267.0,America/Los_Angeles,2017,9,21
2017-09-22,58,Moderate,PM2.5,20,Los Angeles,California,34.1141,-118.4068,12531334.0,3267.0,America/Los_Angeles,2017,9,22
2017-09-23,64,Moderate,Ozone,19,Los Angeles,California,34.1141,-118.4068,12531334.0,3267.0,America/Los_Angeles,2017,9,23
2017-09-24,84,Moderate,Ozone,19,Los Angeles,California,34.1141,-118.4068,12531334.0,3267.0,America/Los_Angeles,2017,9,24
2017-09-25,64,Moderate,Ozone,20,Los Angeles,California,34.1141,-118.4068,12531334.0,3267.0,America/Los_Angeles,2017,9,25
2017-09-26,93,Moderate,Ozone,19,Los Angeles,California,34.1141,-118.4068,12531334.0,3267.0,America/Los_Angeles,2017,9,26
2017-09-27,84,Moderate,Ozone,19,Los Angeles,California,34.1141,-118.4068,12531334.0,3267.0,America/Los_Angeles,2017,9,27
2017-09-28,93,Moderate,Ozone,20,Los Angeles,California,34.1141,-118.4068,12531334.0,3267.0,America/Los_Angeles,2017,9,28
2017-09-29,119,Unhealthy for Sensitive Groups,Ozone,19,Los Angeles,California,34.1141,-118.4068,12531334.0,3267.0,America/Los_Angeles,2017,9,29
2017-09-30,147,Unhealthy for Sensitive Groups,Ozone,19,Los Angeles,California,34.1141,-118.4068,12531334.0,3267.0,America/Los_Angeles,2017,9,30
2017-10-01,90,Moderate,Ozone,20,Los Angeles,California,34.1141,-118.4068,12531334.0,3267.0,America/Los_Angeles,2017,10,1
2017-10-02,71,Moderate,Ozone,19,Los Angeles,California,34.1141,-118.4068,12531334.0,3267.0,America/Los_Angeles,2017,10,2
2017-10-03,68,Moderate,PM2.5,19,Los Angeles,California,34.1141,-118.4068,12531334.0,3267.0,America/Los_Angeles,2017,10,3
2017-10-04,71,Moderate,Ozone,20,Los Angeles,California,34.1141,-118.4068,12531334.0,3267.0,America/Los_Angeles,2017,10,4
2017-10-05,112,Unhealthy for Sensitive Groups,Ozone,19,Los Angeles,California,34.1141,-118.4068,12531334.0,3267.0,America/Los_Angeles,2017,10,5
2017-10-06,129,Unhealthy for Sensitive Groups,Ozone,19,Los Angeles,California,34.1141,-118.4068,12531334.0,3267.0,America/Los_Angeles,2017,10,6
2017-10-07,136,Unhealthy for Sensitive Groups,Ozone,19,Los Angeles,California,34.1141,-118.4068,12531334.0,3267.0,America/Los_Angeles,2017,10,7
2017-10-08,119,Unhealthy for Sensitive Groups,Ozone,18,Los Angeles,California,34.1141,-118.4068,12531334.0,3267.0,America/Los_Angeles,2017,10,8
2017-10-09,67,Moderate,PM2.5,18,Los Angeles,California,34.1141,-118.4068,12531334.0,3267.0,America/Los_Angeles,2017,10,9
2017-10-10,69,Moderate,PM2.5,20,Los Angeles,California,34.1141,-118.4068,12531334.0,3267.0,America/Los_Angeles,2017,10,10
2017-10-11,74,Moderate,Ozone,19,Los Angeles,California,34.1141,-118.4068,12531334.0,3267.0,America/Los_Angeles,2017,10,11
2017-10-12,87,Moderate,Ozone,19,Los Angeles,California,34.1141,-118.4068,12531334.0,3267.0,America/Los_Angeles,2017,10,12
2017-10-13,97,Moderate,Ozone,20,Los Angeles,California,34.1141,-118.4068,12531334.0,3267.0,America/Los_Angeles,2017,10,13
2017-10-14,136,Unhealthy for Sensitive Groups,Ozone,19,Los Angeles,California,34.1141,-118.4068,12531334.0,3267.0,America/Los_Angeles,2017,10,14
2017-10-15,100,Moderate,Ozone,19,Los Angeles,California,34.1141,-118.4068,12531334.0,3267.0,America/Los_Angeles,2017,10,15
2017-10-16,87,Moderate,NO2,20,Los Angeles,California,34.1141,-118.4068,12531334.0,3267.0,America/Los_Angeles,2017,10,16
2017-10-17,108,Unhealthy for Sensitive Groups,Ozone,19,Los Angeles,California,34.1141,-118.4068,12531334.0,3267.0,America/Los_Angeles,2017,10,17
2017-10-18,119,Unhealthy for Sensitive Groups,Ozone,19,Los Angeles,California,34.1141,-118.4068,12531334.0,3267.0,America/Los_Angeles,2017,10,18
2017-10-19,94,Moderate,PM2.5,20,Los Angeles,California,34.1141,-118.4068,12531334.0,3267.0,America/Los_Angeles,2017,10,19
2017-10-20,64,Moderate,PM2.5,19,Los Angeles,California,34.1141,-118.4068,12531334.0,3267.0,America/Los_Angeles,2017,10,20
2017-10-21,55,Moderate,PM2.5,18,Los Angeles,California,34.1141,-118.4068,12531334.0,3267.0,America/Los_Angeles,2017,10,21
2017-10-22,67,Moderate,Ozone,19,Los Angeles,California,34.1141,-118.4068,12531334.0,3267.0,America/Los_Angeles,2017,10,22
2017-10-23,73,Moderate,NO2,18,Los Angeles,California,34.1141,-118.4068,12531334.0,3267.0,America/Los_Angeles,2017,10,23
2017-10-24,104,Unhealthy for Sensitive Groups,NO2,18,Los Angeles,California,34.1141,-118.4068,12531334.0,3267.0,America/Los_Angeles,2017,10,24
2017-10-25,71,Moderate,NO2,19,Los Angeles,California,34.1141,-118.4068,12531334.0,3267.0,America/Los_Angeles,2017,10,25
2017-10-26,76,Moderate,NO2,18,Los Angeles,California,34.1141,-118.4068,12531334.0,3267.0,America/Los_Angeles,2017,10,26
2017-10-27,97,Moderate,Ozone,18,Los Angeles,California,34.1141,-118.4068,12531334.0,3267.0,America/Los_Angeles,2017,10,27
2017-10-28,94,Moderate,PM2.5,19,Los Angeles,California,34.1141,-118.4068,12531334.0,3267.0,America/Los_Angeles,2017,10,28
2017-10-29,118,Unhealthy for Sensitive Groups,PM2.5,18,Los Angeles,California,34.1141,-118.4068,12531334.0,3267.0,America/Los_Angeles,2017,10,29
2017-10-30,64,Moderate,PM2.5,18,Los Angeles,California,34.1141,-118.4068,12531334.0,3267.0,America/Los_Angeles,2017,10,30
2017-10-31,63,Moderate,PM2.5,19,Los Angeles,California,34.1141,-118.4068,12531334.0,3267.0,America/Los_Angeles,2017,10,31
2017-11-01,59,Moderate,PM2.5,19,Los Angeles,California,34.1141,-118.4068,12531334.0,3267.0,America/Los_Angeles,2017,11,1
2017-11-02,50,Good,PM2.5,19,Los Angeles,California,34.1141,-118.4068,12531334.0,3267.0,America/Los_Angeles,2017,11,2
2017-11-03,54,Moderate,PM2.5,20,Los Angeles,California,34.1141,-118.4068,12531334.0,3267.0,America/Los_Angeles,2017,11,3
2017-11-04,51,Moderate,PM2.5,19,Los Angeles,California,34.1141,-118.4068,12531334.0,3267.0,America/Los_Angeles,2017,11,4
2017-11-05,43,Good,PM2.5,19,Los Angeles,California,34.1141,-118.4068,12531334.0,3267.0,America/Los_Angeles,2017,11,5
2017-11-06,48,Good,PM2.5,20,Los Angeles,California,34.1141,-118.4068,12531334.0,3267.0,America/Los_Angeles,2017,11,6
2017-11-07,50,Good,PM2.5,19,Los Angeles,California,34.1141,-118.4068,12531334.0,3267.0,America/Los_Angeles,2017,11,7
2017-11-08,48,Good,NO2,19,Los Angeles,California,34.1141,-118.4068,12531334.0,3267.0,America/Los_Angeles,2017,11,8
2017-11-09,45,Good,PM2.5,20,Los Angeles,California,34.1141,-118.4068,12531334.0,3267.0,America/Los_Angeles,2017,11,9
2017-11-10,57,Moderate,PM2.5,19,Los Angeles,California,34.1141,-118.4068,12531334.0,3267.0,America/Los_Angeles,2017,11,10
2017-11-11,66,Moderate,PM2.5,19,Los Angeles,California,34.1141,-118.4068,12531334.0,3267.0,America/Los_Angeles,2017,11,11
2017-11-12,92,Moderate,PM2.5,20,Los Angeles,California,34.1141,-118.4068,12531334.0,3267.0,America/Los_Angeles,2017,11,12
2017-11-13,88,Moderate,PM2.5,19,Los Angeles,California,34.1141,-118.4068,12531334.0,3267.0,America/Los_Angeles,2017,11,13
2017-11-14,95,Moderate,PM2.5,19,Los Angeles,California,34.1141,-118.4068,12531334.0,3267.0,America/Los_Angeles,2017,11,14
2017-11-15,91,Moderate,PM2.5,20,Los Angeles,California,34.1141,-118.4068,12531334.0,3267.0,America/Los_Angeles,2017,11,15
2017-11-16,88,Moderate,NO2,19,Los Angeles,California,34.1141,-118.4068,12531334.0,3267.0,America/Los_Angeles,2017,11,16
2017-11-17,47,Good,PM2.5,19,Los Angeles,California,34.1141,-118.4068,12531334.0,3267.0,America/Los_Angeles,2017,11,17
2017-11-18,59,Moderate,PM2.5,20,Los Angeles,California,34.1141,-118.4068,12531334.0,3267.0,America/Los_Angeles,2017,11,18
2017-11-19,67,Moderate,PM2.5,19,Los Angeles,California,34.1141,-118.4068,12531334.0,3267.0,America/Los_Angeles,2017,11,19
2017-11-20,74,Moderate,PM2.5,19,Los Angeles,California,34.1141,-118.4068,12531334.0,3267.0,America/Los_Angeles,2017,11,20
2017-11-21,79,Moderate,NO2,20,Los Angeles,California,34.1141,-118.4068,12531334.0,3267.0,America/Los_Angeles,2017,11,21
2017-11-22,85,Moderate,NO2,19,Los Angeles,California,34.1141,-118.4068,12531334.0,3267.0,America/Los_Angeles,2017,11,22
2017-11-23,54,Moderate,PM2.5,19,Los Angeles,California,34.1141,-118.4068,12531334.0,3267.0,America/Los_Angeles,2017,11,23
2017-11-24,74,Moderate,PM2.5,20,Los Angeles,California,34.1141,-118.4068,12531334.0,3267.0,America/Los_Angeles,2017,11,24
2017-11-25,81,Moderate,PM2.5,19,Los Angeles,California,34.1141,-118.4068,12531334.0,3267.0,America/Los_Angeles,2017,11,25
2017-11-26,126,Unhealthy for Sensitive Groups,PM2.5,19,Los Angeles,California,34.1141,-118.4068,12531334.0,3267.0,America/Los_Angeles,2017,11,26
2017-11-27,71,Moderate,PM2.5,20,Los Angeles,California,34.1141,-118.4068,12531334.0,3267.0,America/Los_Angeles,2017,11,27
2017-11-28,57,Moderate,NO2,18,Los Angeles,California,34.1141,-118.4068,12531334.0,3267.0,America/Los_Angeles,2017,11,28
2017-11-29,68,Moderate,PM2.5,19,Los Angeles,California,34.1141,-118.4068,12531334.0,3267.0,America/Los_Angeles,2017,11,29
2017-11-30,79,Moderate,PM2.5,20,Los Angeles,California,34.1141,-118.4068,12531334.0,3267.0,America/Los_Angeles,2017,11,30
2017-12-01,78,Moderate,PM2.5,19,Los Angeles,California,34.1141,-118.4068,12531334.0,3267.0,America/Los_Angeles,2017,12,1
2017-12-02,80,Moderate,PM2.5,19,Los Angeles,California,34.1141,-118.4068,12531334.0,3267.0,America/Los_Angeles,2017,12,2
2017-12-03,77,Moderate,PM2.5,20,Los Angeles,California,34.1141,-118.4068,12531334.0,3267.0,America/Los_Angeles,2017,12,3
2017-12-04,87,Moderate,PM10,19,Los Angeles,California,34.1141,-118.4068,12531334.0,3267.0,America/Los_Angeles,2017,12,4
2017-12-05,79,Moderate,PM10,19,Los Angeles,California,34.1141,-118.4068,12531334.0,3267.0,America/Los_Angeles,2017,12,5
2017-12-06,107,Unhealthy for Sensitive Groups,PM2.5,19,Los Angeles,California,34.1141,-118.4068,12531334.0,3267.0,America/Los_Angeles,2017,12,6
2017-12-07,91,Moderate,NO2,19,Los Angeles,California,34.1141,-118.4068,12531334.0,3267.0,America/Los_Angeles,2017,12,7
2017-12-08,101,Unhealthy for Sensitive Groups,PM2.5,19,Los Angeles,California,34.1141,-118.4068,12531334.0,3267.0,America/Los_Angeles,2017,12,8
2017-12-09,70,Moderate,PM2.5,20,Los Angeles,California,34.1141,-118.4068,12531334.0,3267.0,America/Los_Angeles,2017,12,9
2017-12-10,62,Moderate,PM2.5,19,Los Angeles,California,34.1141,-118.4068,12531334.0,3267.0,America/Los_Angeles,2017,12,10
2017-12-11,67,Moderate,PM2.5,19,Los Angeles,California,34.1141,-118.4068,12531334.0,3267.0,America/Los_Angeles,2017,12,11
2017-12-12,89,Moderate,PM2.5,20,Los Angeles,California,34.1141,-118.4068,12531334.0,3267.0,America/Los_Angeles,2017,12,12
2017-12-13,88,Moderate,PM2.5,19,Los Angeles,California,34.1141,-118.4068,12531334.0,3267.0,America/Los_Angeles,2017,12,13
2017-12-14,107,Unhealthy for Sensitive Groups,PM2.5,19,Los Angeles,California,34.1141,-118.4068,12531334.0,3267.0,America/Los_Angeles,2017,12,14
2017-12-15,100,Moderate,PM2.5,20,Los Angeles,California,34.1141,-118.4068,12531334.0,3267.0,America/Los_Angeles,2017,12,15
2017-12-16,90,Moderate,PM2.5,19,Los Angeles,California,34.1141,-118.4068,12531334.0,3267.0,America/Los_Angeles,2017,12,16
2017-12-17,89,Moderate,PM2.5,19,Los Angeles,California,34.1141,-118.4068,12531334.0,3267.0,America/Los_Angeles,2017,12,17
2017-12-18,56,Moderate,PM2.5,20,Los Angeles,California,34.1141,-118.4068,12531334.0,3267.0,America/Los_Angeles,2017,12,18
2017-12-19,75,Moderate,PM2.5,19,Los Angeles,California,34.1141,-118.4068,12531334.0,3267.0,America/Los_Angeles,2017,12,19
2017-12-20,72,Moderate,PM2.5,19,Los Angeles,California,34.1141,-118.4068,12531334.0,3267.0,America/Los_Angeles,2017,12,20
2017-12-21,62,Moderate,NO2,20,Los Angeles,California,34.1141,-118.4068,12531334.0,3267.0,America/Los_Angeles,2017,12,21
2017-12-22,70,Moderate,PM2.5,19,Los Angeles,California,34.1141,-118.4068,12531334.0,3267.0,America/Los_Angeles,2017,12,22
2017-12-23,84,Moderate,PM2.5,19,Los Angeles,California,34.1141,-118.4068,12531334.0,3267.0,America/Los_Angeles,2017,12,23
2017-12-24,157,Unhealthy,PM2.5,20,Los Angeles,California,34.1141,-118.4068,12531334.0,3267.0,America/Los_Angeles,2017,12,24
2017-12-25,169,Unhealthy,PM2.5,19,Los Angeles,California,34.1141,-118.4068,12531334.0,3267.0,America/Los_Angeles,2017,12,25
2017-12-26,155,Unhealthy,PM2.5,19,Los Angeles,California,34.1141,-118.4068,12531334.0,3267.0,America/Los_Angeles,2017,12,26
2017-12-27,154,Unhealthy,PM2.5,20,Los Angeles,California,34.1141,-118.4068,12531334.0,3267.0,America/Los_Angeles,2017,12,27
2017-12-28,131,Unhealthy for Sensitive Groups,PM2.5,19,Los Angeles,California,34.1141,-118.4068,12531334.0,3267.0,America/Los_Angeles,2017,12,28
2017-12-29,90,Moderate,PM2.5,19,Los Angeles,California,34.1141,-118.4068,12531334.0,3267.0,America/Los_Angeles,2017,12,29
2017-12-30,115,Unhealthy for Sensitive Groups,PM2.5,20,Los Angeles,California,34.1141,-118.4068,12531334.0,3267.0,America/Los_Angeles,2017,12,30
2017-12-31,141,Unhealthy for Sensitive Groups,PM2.5,19,Los Angeles,California,34.1141,-118.4068,12531334.0,3267.0,America/Los_Angeles,2017,12,31
2018-01-01,180,Unhealthy,PM2.5,20,Los Angeles,California,34.1141,-118.4068,12531334.0,3267.0,America/Los_Angeles,2018,1,1
2018-01-02,157,Unhealthy,PM2.5,21,Los Angeles,California,34.1141,-118.4068,12531334.0,3267.0,America/Los_Angeles,2018,1,2
2018-01-03,134,Unhealthy for Sensitive Groups,PM2.5,19,Los Angeles,California,34.1141,-118.4068,12531334.0,3267.0,America/Los_Angeles,2018,1,3
2018-01-04,98,Moderate,PM2.5,20,Los Angeles,California,34.1141,-118.4068,12531334.0,3267.0,America/Los_Angeles,2018,1,4
2018-01-05,69,Moderate,PM2.5,21,Los Angeles,California,34.1141,-118.4068,12531334.0,3267.0,America/Los_Angeles,2018,1,5
2018-01-06,66,Moderate,PM2.5,20,Los Angeles,California,34.1141,-118.4068,12531334.0,3267.0,America/Los_Angeles,2018,1,6
2018-01-07,92,Moderate,PM2.5,20,Los Angeles,California,34.1141,-118.4068,12531334.0,3267.0,America/Los_Angeles,2018,1,7
2018-01-08,73,Moderate,PM2.5,21,Los Angeles,California,34.1141,-118.4068,12531334.0,3267.0,America/Los_Angeles,2018,1,8
2018-01-09,48,Good,PM2.5,20,Los Angeles,California,34.1141,-118.4068,12531334.0,3267.0,America/Los_Angeles,2018,1,9
2018-01-10,64,Moderate,PM2.5,20,Los Angeles,California,34.1141,-118.4068,12531334.0,3267.0,America/Los_Angeles,2018,1,10
2018-01-11,83,Moderate,PM2.5,21,Los Angeles,California,34.1141,-118.4068,12531334.0,3267.0,America/Los_Angeles,2018,1,11
2018-01-12,112,Unhealthy for Sensitive Groups,PM2.5,20,Los Angeles,California,34.1141,-118.4068,12531334.0,3267.0,America/Los_Angeles,2018,1,12
2018-01-13,55,Moderate,PM2.5,20,Los Angeles,California,34.1141,-118.4068,12531334.0,3267.0,America/Los_Angeles,2018,1,13
2018-01-14,49,Good,PM2.5,21,Los Angeles,California,34.1141,-118.4068,12531334.0,3267.0,America/Los_Angeles,2018,1,14
2018-01-15,81,Moderate,PM2.5,20,Los Angeles,California,34.1141,-118.4068,12531334.0,3267.0,America/Los_Angeles,2018,1,15
2018-01-16,92,Moderate,PM2.5,20,Los Angeles,California,34.1141,-118.4068,12531334.0,3267.0,America/Los_Angeles,2018,1,16
2018-01-17,98,Moderate,PM2.5,20,Los Angeles,California,34.1141,-118.4068,12531334.0,3267.0,America/Los_Angeles,2018,1,17
2018-01-18,82,Moderate,PM2.5,20,Los Angeles,California,34.1141,-118.4068,12531334.0,3267.0,America/Los_Angeles,2018,1,18
2018-01-19,69,Moderate,PM2.5,20,Los Angeles,California,34.1141,-118.4068,12531334.0,3267.0,America/Los_Angeles,2018,1,19
2018-01-20,40,Good,Ozone,20,Los Angeles,California,34.1141,-118.4068,12531334.0,3267.0,America/Los_Angeles,2018,1,20
2018-01-21,56,Moderate,PM2.5,20,Los Angeles,California,34.1141,-118.4068,12531334.0,3267.0,America/Los_Angeles,2018,1,21
2018-01-22,65,Moderate,PM2.5,20,Los Angeles,California,34.1141,-118.4068,12531334.0,3267.0,America/Los_Angeles,2018,1,22
2018-01-23,56,Moderate,PM2.5,20,Los Angeles,California,34.1141,-118.4068,12531334.0,3267.0,America/Los_Angeles,2018,1,23
2018-01-24,48,Good,NO2,19,Los Angeles,California,34.1141,-118.4068,12531334.0,3267.0,America/Los_Angeles,2018,1,24
2018-01-25,54,Moderate,PM2.5,19,Los Angeles,California,34.1141,-118.4068,12531334.0,3267.0,America/Los_Angeles,2018,1,25
2018-01-26,56,Moderate,PM2.5,20,Los Angeles,California,34.1141,-118.4068,12531334.0,3267.0,America/Los_Angeles,2018,1,26
2018-01-27,65,Moderate,PM2.5,19,Los Angeles,California,34.1141,-118.4068,12531334.0,3267.0,America/Los_Angeles,2018,1,27
2018-01-28,68,Moderate,PM2.5,19,Los Angeles,California,34.1141,-118.4068,12531334.0,3267.0,America/Los_Angeles,2018,1,28
2018-01-29,68,Moderate,NO2,20,Los Angeles,California,34.1141,-118.4068,12531334.0,3267.0,America/Los_Angeles,2018,1,29
2018-01-30,56,Moderate,NO2,19,Los Angeles,California,34.1141,-118.4068,12531334.0,3267.0,America/Los_Angeles,2018,1,30
2018-01-31,78,Moderate,NO2,19,Los Angeles,California,34.1141,-118.4068,12531334.0,3267.0,America/Los_Angeles,2018,1,31
2018-02-01,101,Unhealthy for Sensitive Groups,PM2.5,20,Los Angeles,California,34.1141,-118.4068,12531334.0,3267.0,America/Los_Angeles,2018,2,1
2018-02-02,94,Moderate,PM2.5,19,Los Angeles,California,34.1141,-118.4068,12531334.0,3267.0,America/Los_Angeles,2018,2,2
2018-02-03,109,Unhealthy for Sensitive Groups,PM2.5,20,Los Angeles,California,34.1141,-118.4068,12531334.0,3267.0,America/Los_Angeles,2018,2,3
2018-02-04,97,Moderate,PM2.5,21,Los Angeles,California,34.1141,-118.4068,12531334.0,3267.0,America/Los_Angeles,2018,2,4
2018-02-05,88,Moderate,PM2.5,20,Los Angeles,California,34.1141,-118.4068,12531334.0,3267.0,America/Los_Angeles,2018,2,5
2018-02-06,109,Unhealthy for Sensitive Groups,PM2.5,19,Los Angeles,California,34.1141,-118.4068,12531334.0,3267.0,America/Los_Angeles,2018,2,6
2018-02-07,79,Moderate,PM2.5,21,Los Angeles,California,34.1141,-118.4068,12531334.0,3267.0,America/Los_Angeles,2018,2,7
2018-02-08,81,Moderate,NO2,20,Los Angeles,California,34.1141,-118.4068,12531334.0,3267.0,America/Los_Angeles,2018,2,8
2018-02-09,69,Moderate,PM2.5,20,Los Angeles,California,34.1141,-118.4068,12531334.0,3267.0,America/Los_Angeles,2018,2,9
2018-02-10,88,Moderate,PM2.5,21,Los Angeles,California,34.1141,-118.4068,12531334.0,3267.0,America/Los_Angeles,2018,2,10
2018-02-11,73,Moderate,PM2.5,20,Los Angeles,California,34.1141,-118.4068,12531334.0,3267.0,America/Los_Angeles,2018,2,11
2018-02-12,51,Moderate,PM2.5,20,Los Angeles,California,34.1141,-118.4068,12531334.0,3267.0,America/Los_Angeles,2018,2,12
2018-02-13,50,Good,PM2.5,21,Los Angeles,California,34.1141,-118.4068,12531334.0,3267.0,America/Los_Angeles,2018,2,13
2018-02-14,54,Moderate,PM2.5,20,Los Angeles,California,34.1141,-118.4068,12531334.0,3267.0,America/Los_Angeles,2018,2,14
2018-02-15,55,Moderate,PM2.5,20,Los Angeles,California,34.1141,-118.4068,12531334.0,3267.0,America/Los_Angeles,2018,2,15
2018-02-16,58,Moderate,NO2,21,Los Angeles,California,34.1141,-118.4068,12531334.0,3267.0,America/Los_Angeles,2018,2,16
2018-02-17,55,Moderate,PM2.5,20,Los Angeles,California,34.1141,-118.4068,12531334.0,3267.0,America/Los_Angeles,2018,2,17
2018-02-18,56,Moderate,PM2.5,20,Los Angeles,California,34.1141,-118.4068,12531334.0,3267.0,America/Los_Angeles,2018,2,18
2018-02-19,65,Moderate,PM10,21,Los Angeles,California,34.1141,-118.4068,12531334.0,3267.0,America/Los_Angeles,2018,2,19
2018-02-20,51,Moderate,NO2,20,Los Angeles,California,34.1141,-118.4068,12531334.0,3267.0,America/Los_Angeles,2018,2,20
2018-02-21,50,Good,NO2,20,Los Angeles,California,34.1141,-118.4068,12531334.0,3267.0,America/Los_Angeles,2018,2,21
2018-02-22,60,Moderate,PM2.5,21,Los Angeles,California,34.1141,-118.4068,12531334.0,3267.0,America/Los_Angeles,2018,2,22
2018-02-23,45,Good,Ozone,20,Los Angeles,California,34.1141,-118.4068,12531334.0,3267.0,America/Los_Angeles,2018,2,23
2018-02-24,49,Good,PM2.5,20,Los Angeles,California,34.1141,-118.4068,12531334.0,3267.0,America/Los_Angeles,2018,2,24
2018-02-25,49,Good,Ozone,21,Los Angeles,California,34.1141,-118.4068,12531334.0,3267.0,America/Los_Angeles,2018,2,25
2018-02-26,56,Moderate,NO2,20,Los Angeles,California,34.1141,-118.4068,12531334.0,3267.0,America/Los_Angeles,2018,2,26
2018-02-27,47,Good,NO2,20,Los Angeles,California,34.1141,-118.4068,12531334.0,3267.0,America/Los_Angeles,2018,2,27
2018-02-28,59,Moderate,PM2.5,20,Los Angeles,California,34.1141,-118.4068,12531334.0,3267.0,America/Los_Angeles,2018,2,28
2018-03-01,59,Moderate,PM2.5,20,Los Angeles,California,34.1141,-118.4068,12531334.0,3267.0,America/Los_Angeles,2018,3,1
2018-03-02,50,Good,PM2.5,20,Los Angeles,California,34.1141,-118.4068,12531334.0,3267.0,America/Los_Angeles,2018,3,2
2018-03-03,48,Good,PM2.5,21,Los Angeles,California,34.1141,-118.4068,12531334.0,3267.0,America/Los_Angeles,2018,3,3
2018-03-04,57,Moderate,PM2.5,20,Los Angeles,California,34.1141,-118.4068,12531334.0,3267.0,America/Los_Angeles,2018,3,4
2018-03-05,51,Moderate,NO2,20,Los Angeles,California,34.1141,-118.4068,12531334.0,3267.0,America/Los_Angeles,2018,3,5
2018-03-06,60,Moderate,NO2,21,Los Angeles,California,34.1141,-118.4068,12531334.0,3267.0,America/Los_Angeles,2018,3,6
2018-03-07,61,Moderate,NO2,20,Los Angeles,California,34.1141,-118.4068,12531334.0,3267.0,America/Los_Angeles,2018,3,7
2018-03-08,63,Moderate,PM2.5,20,Los Angeles,California,34.1141,-118.4068,12531334.0,3267.0,America/Los_Angeles,2018,3,8
2018-03-09,67,Moderate,PM2.5,21,Los Angeles,California,34.1141,-118.4068,12531334.0,3267.0,America/Los_Angeles,2018,3,9
2018-03-10,76,Moderate,PM2.5,20,Los Angeles,California,34.1141,-118.4068,12531334.0,3267.0,America/Los_Angeles,2018,3,10
2018-03-11,53,Moderate,PM2.5,20,Los Angeles,California,34.1141,-118.4068,12531334.0,3267.0,America/Los_Angeles,2018,3,11
2018-03-12,62,Moderate,PM2.5,21,Los Angeles,California,34.1141,-118.4068,12531334.0,3267.0,America/Los_Angeles,2018,3,12
2018-03-13,61,Moderate,PM2.5,20,Los Angeles,California,34.1141,-118.4068,12531334.0,3267.0,America/Los_Angeles,2018,3,13
2018-03-14,41,Good,Ozone,19,Los Angeles,California,34.1141,-118.4068,12531334.0,3267.0,America/Los_Angeles,2018,3,14
2018-03-15,45,Good,Ozone,21,Los Angeles,California,34.1141,-118.4068,12531334.0,3267.0,America/Los_Angeles,2018,3,15
2018-03-16,42,Good,Ozone,20,Los Angeles,California,34.1141,-118.4068,12531334.0,3267.0,America/Los_Angeles,2018,3,16
2018-03-17,43,Good,Ozone,20,Los Angeles,California,34.1141,-118.4068,12531334.0,3267.0,America/Los_Angeles,2018,3,17
2018-03-18,52,Moderate,PM2.5,21,Los Angeles,California,34.1141,-118.4068,12531334.0,3267.0,America/Los_Angeles,2018,3,18
2018-03-19,52,Moderate,PM2.5,20,Los Angeles,California,34.1141,-118.4068,12531334.0,3267.0,America/Los_Angeles,2018,3,19
2018-03-20,56,Moderate,PM2.5,20,Los Angeles,California,34.1141,-118.4068,12531334.0,3267.0,America/Los_Angeles,2018,3,20
2018-03-21,60,Moderate,PM2.5,21,Los Angeles,California,34.1141,-118.4068,12531334.0,3267.0,America/Los_Angeles,2018,3,21
2018-03-22,57,Moderate,PM2.5,20,Los Angeles,California,34.1141,-118.4068,12531334.0,3267.0,America/Los_Angeles,2018,3,22
2018-03-23,51,Moderate,PM2.5,20,Los Angeles,California,34.1141,-118.4068,12531334.0,3267.0,America/Los_Angeles,2018,3,23
2018-03-24,53,Moderate,PM2.5,21,Los Angeles,California,34.1141,-118.4068,12531334.0,3267.0,America/Los_Angeles,2018,3,24
2018-03-25,49,Good,Ozone,20,Los Angeles,California,34.1141,-118.4068,12531334.0,3267.0,America/Los_Angeles,2018,3,25
2018-03-26,46,Good,Ozone,20,Los Angeles,California,34.1141,-118.4068,12531334.0,3267.0,America/Los_Angeles,2018,3,26
2018-03-27,50,Good,Ozone,20,Los Angeles,California,34.1141,-118.4068,12531334.0,3267.0,America/Los_Angeles,2018,3,27
2018-03-28,58,Moderate,PM2.5,20,Los Angeles,California,34.1141,-118.4068,12531334.0,3267.0,America/Los_Angeles,2018,3,28
2018-03-29,84,Moderate,Ozone,20,Los Angeles,California,34.1141,-118.4068,12531334.0,3267.0,America/Los_Angeles,2018,3,29
2018-03-30,105,Unhealthy for Sensitive Groups,Ozone,21,Los Angeles,California,34.1141,-118.4068,12531334.0,3267.0,America/Los_Angeles,2018,3,30
2018-03-31,90,Moderate,Ozone,19,Los Angeles,California,34.1141,-118.4068,12531334.0,3267.0,America/Los_Angeles,2018,3,31
2018-04-01,83,Moderate,PM2.5,20,Los Angeles,California,34.1141,-118.4068,12531334.0,3267.0,America/Los_Angeles,2018,4,1
2018-04-02,73,Moderate,PM2.5,21,Los Angeles,California,34.1141,-118.4068,12531334.0,3267.0,America/Los_Angeles,2018,4,2
2018-04-03,66,Moderate,PM2.5,20,Los Angeles,California,34.1141,-118.4068,12531334.0,3267.0,America/Los_Angeles,2018,4,3
2018-04-04,81,Moderate,PM2.5,20,Los Angeles,California,34.1141,-118.4068,12531334.0,3267.0,America/Los_Angeles,2018,4,4
2018-04-05,101,Unhealthy for Sensitive Groups,PM2.5,21,Los Angeles,California,34.1141,-118.4068,12531334.0,3267.0,America/Los_Angeles,2018,4,5
2018-04-06,63,Moderate,PM2.5,20,Los Angeles,California,34.1141,-118.4068,12531334.0,3267.0,America/Los_Angeles,2018,4,6
2018-04-07,56,Moderate,PM2.5,20,Los Angeles,California,34.1141,-118.4068,12531334.0,3267.0,America/Los_Angeles,2018,4,7
2018-04-08,55,Moderate,PM2.5,21,Los Angeles,California,34.1141,-118.4068,12531334.0,3267.0,America/Los_Angeles,2018,4,8
2018-04-09,87,Moderate,Ozone,20,Los Angeles,California,34.1141,-118.4068,12531334.0,3267.0,America/Los_Angeles,2018,4,9
2018-04-10,112,Unhealthy for Sensitive Groups,Ozone,20,Los Angeles,California,34.1141,-118.4068,12531334.0,3267.0,America/Los_Angeles,2018,4,10
2018-04-11,71,Moderate,Ozone,21,Los Angeles,California,34.1141,-118.4068,12531334.0,3267.0,America/Los_Angeles,2018,4,11
2018-04-12,58,Moderate,Ozone,20,Los Angeles,California,34.1141,-118.4068,12531334.0,3267.0,America/Los_Angeles,2018,4,12
2018-04-13,64,Moderate,Ozone,20,Los Angeles,California,34.1141,-118.4068,12531334.0,3267.0,America/Los_Angeles,2018,4,13
2018-04-14,112,Unhealthy for Sensitive Groups,Ozone,21,Los Angeles,California,34.1141,-118.4068,12531334.0,3267.0,America/Los_Angeles,2018,4,14
2018-04-15,87,Moderate,Ozone,20,Los Angeles,California,34.1141,-118.4068,12531334.0,3267.0,America/Los_Angeles,2018,4,15
2018-04-16,56,Moderate,PM2.5,20,Los Angeles,California,34.1141,-118.4068,12531334.0,3267.0,America/Los_Angeles,2018,4,16
2018-04-17,61,Moderate,Ozone,21,Los Angeles,California,34.1141,-118.4068,12531334.0,3267.0,America/Los_Angeles,2018,4,17
2018-04-18,87,Moderate,Ozone,19,Los Angeles,California,34.1141,-118.4068,12531334.0,3267.0,America/Los_Angeles,2018,4,18
2018-04-19,47,Good,Ozone,19,Los Angeles,California,34.1141,-118.4068,12531334.0,3267.0,America/Los_Angeles,2018,4,19
2018-04-20,58,Moderate,PM2.5,20,Los Angeles,California,34.1141,-118.4068,12531334.0,3267.0,America/Los_Angeles,2018,4,20
2018-04-21,112,Unhealthy for Sensitive Groups,Ozone,19,Los Angeles,California,34.1141,-118.4068,12531334.0,3267.0,America/Los_Angeles,2018,4,21
2018-04-22,105,Unhealthy for Sensitive Groups,Ozone,19,Los Angeles,California,34.1141,-118.4068,12531334.0,3267.0,America/Los_Angeles,2018,4,22
2018-04-23,101,Unhealthy for Sensitive Groups,Ozone,20,Los Angeles,California,34.1141,-118.4068,12531334.0,3267.0,America/Los_Angeles,2018,4,23
2018-04-24,108,Unhealthy for Sensitive Groups,Ozone,19,Los Angeles,California,34.1141,-118.4068,12531334.0,3267.0,America/Los_Angeles,2018,4,24
2018-04-25,112,Unhealthy for Sensitive Groups,Ozone,19,Los Angeles,California,34.1141,-118.4068,12531334.0,3267.0,America/Los_Angeles,2018,4,25
2018-04-26,70,Moderate,PM2.5,20,Los Angeles,California,34.1141,-118.4068,12531334.0,3267.0,America/Los_Angeles,2018,4,26
2018-04-27,69,Moderate,PM2.5,20,Los Angeles,California,34.1141,-118.4068,12531334.0,3267.0,America/Los_Angeles,2018,4,27
2018-04-28,62,Moderate,PM2.5,20,Los Angeles,California,34.1141,-118.4068,12531334.0,3267.0,America/Los_Angeles,2018,4,28
2018-04-29,58,Moderate,Ozone,21,Los Angeles,California,34.1141,-118.4068,12531334.0,3267.0,America/Los_Angeles,2018,4,29
2018-04-30,59,Moderate,PM2.5,20,Los Angeles,California,34.1141,-118.4068,12531334.0,3267.0,America/Los_Angeles,2018,4,30
2018-05-01,64,Moderate,PM2.5,20,Los Angeles,California,34.1141,-118.4068,12531334.0,3267.0,America/Los_Angeles,2018,5,1
2018-05-02,66,Moderate,PM2.5,21,Los Angeles,California,34.1141,-118.4068,12531334.0,3267.0,America/Los_Angeles,2018,5,2
2018-05-03,65,Moderate,PM2.5,20,Los Angeles,California,34.1141,-118.4068,12531334.0,3267.0,America/Los_Angeles,2018,5,3
2018-05-04,105,Unhealthy for Sensitive Groups,Ozone,20,Los Angeles,California,34.1141,-118.4068,12531334.0,3267.0,America/Los_Angeles,2018,5,4
2018-05-05,133,Unhealthy for Sensitive Groups,Ozone,21,Los Angeles,California,34.1141,-118.4068,12531334.0,3267.0,America/Los_Angeles,2018,5,5
2018-05-06,108,Unhealthy for Sensitive Groups,Ozone,20,Los Angeles,California,34.1141,-118.4068,12531334.0,3267.0,America/Los_Angeles,2018,5,6
2018-05-07,108,Unhealthy for Sensitive Groups,Ozone,20,Los Angeles,California,34.1141,-118.4068,12531334.0,3267.0,America/Los_Angeles,2018,5,7
2018-05-08,164,Unhealthy,Ozone,21,Los Angeles,California,34.1141,-118.4068,12531334.0,3267.0,America/Los_Angeles,2018,5,8
2018-05-09,122,Unhealthy for Sensitive Groups,Ozone,20,Los Angeles,California,34.1141,-118.4068,12531334.0,3267.0,America/Los_Angeles,2018,5,9
2018-05-10,87,Moderate,Ozone,20,Los Angeles,California,34.1141,-118.4068,12531334.0,3267.0,America/Los_Angeles,2018,5,10
2018-05-11,64,Moderate,PM2.5,21,Los Angeles,California,34.1141,-118.4068,12531334.0,3267.0,America/Los_Angeles,2018,5,11
2018-05-12,56,Moderate,PM2.5,20,Los Angeles,California,34.1141,-118.4068,12531334.0,3267.0,America/Los_Angeles,2018,5,12
2018-05-13,56,Moderate,PM2.5,20,Los Angeles,California,34.1141,-118.4068,12531334.0,3267.0,America/Los_Angeles,2018,5,13
2018-05-14,64,Moderate,Ozone,21,Los Angeles,California,34.1141,-118.4068,12531334.0,3267.0,America/Los_Angeles,2018,5,14
2018-05-15,77,Moderate,Ozone,20,Los Angeles,California,34.1141,-118.4068,12531334.0,3267.0,America/Los_Angeles,2018,5,15
2018-05-16,71,Moderate,Ozone,20,Los Angeles,California,34.1141,-118.4068,12531334.0,3267.0,America/Los_Angeles,2018,5,16
2018-05-17,64,Moderate,Ozone,21,Los Angeles,California,34.1141,-118.4068,12531334.0,3267.0,America/Los_Angeles,2018,5,17
2018-05-18,71,Moderate,Ozone,20,Los Angeles,California,34.1141,-118.4068,12531334.0,3267.0,America/Los_Angeles,2018,5,18
2018-05-19,75,Moderate,PM2.5,20,Los Angeles,California,34.1141,-118.4068,12531334.0,3267.0,America/Los_Angeles,2018,5,19
2018-05-20,68,Moderate,PM2.5,21,Los Angeles,California,34.1141,-118.4068,12531334.0,3267.0,America/Los_Angeles,2018,5,20
2018-05-21,62,Moderate,PM2.5,20,Los Angeles,California,34.1141,-118.4068,12531334.0,3267.0,America/Los_Angeles,2018,5,21
2018-05-22,64,Moderate,Ozone,20,Los Angeles,California,34.1141,-118.4068,12531334.0,3267.0,America/Los_Angeles,2018,5,22
2018-05-23,67,Moderate,Ozone,20,Los Angeles,California,34.1141,-118.4068,12531334.0,3267.0,America/Los_Angeles,2018,5,23
2018-05-24,64,Moderate,Ozone,20,Los Angeles,California,34.1141,-118.4068,12531334.0,3267.0,America/Los_Angeles,2018,5,24
2018-05-25,49,Good,PM2.5,20,Los Angeles,California,34.1141,-118.4068,12531334.0,3267.0,America/Los_Angeles,2018,5,25
2018-05-26,55,Moderate,PM2.5,21,Los Angeles,California,34.1141,-118.4068,12531334.0,3267.0,America/Los_Angeles,2018,5,26
2018-05-27,68,Moderate,PM2.5,20,Los Angeles,California,34.1141,-118.4068,12531334.0,3267.0,America/Los_Angeles,2018,5,27
2018-05-28,90,Moderate,Ozone,20,Los Angeles,California,34.1141,-118.4068,12531334.0,3267.0,America/Los_Angeles,2018,5,28
2018-05-29,93,Moderate,Ozone,21,Los Angeles,California,34.1141,-118.4068,12531334.0,3267.0,America/Los_Angeles,2018,5,29
2018-05-30,58,Moderate,PM2.5,20,Los Angeles,California,34.1141,-118.4068,12531334.0,3267.0,America/Los_Angeles,2018,5,30
2018-05-31,57,Moderate,PM2.5,20,Los Angeles,California,34.1141,-118.4068,12531334.0,3267.0,America/Los_Angeles,2018,5,31
2018-06-01,87,Moderate,Ozone,21,Los Angeles,California,34.1141,-118.4068,12531334.0,3267.0,America/Los_Angeles,2018,6,1
2018-06-02,136,Unhealthy for Sensitive Groups,Ozone,20,Los Angeles,California,34.1141,-118.4068,12531334.0,3267.0,America/Los_Angeles,2018,6,2
2018-06-03,133,Unhealthy for Sensitive Groups,Ozone,20,Los Angeles,California,34.1141,-118.4068,12531334.0,3267.0,America/Los_Angeles,2018,6,3
2018-06-04,129,Unhealthy for Sensitive Groups,Ozone,21,Los Angeles,California,34.1141,-118.4068,12531334.0,3267.0,America/Los_Angeles,2018,6,4
2018-06-05,81,Moderate,PM2.5,20,Los Angeles,California,34.1141,-118.4068,12531334.0,3267.0,America/Los_Angeles,2018,6,5
2018-06-06,84,Moderate,Ozone,20,Los Angeles,California,34.1141,-118.4068,12531334.0,3267.0,America/Los_Angeles,2018,6,6
2018-06-07,105,Unhealthy for Sensitive Groups,Ozone,21,Los Angeles,California,34.1141,-118.4068,12531334.0,3267.0,America/Los_Angeles,2018,6,7
2018-06-08,140,Unhealthy for Sensitive Groups,Ozone,20,Los Angeles,California,34.1141,-118.4068,12531334.0,3267.0,America/Los_Angeles,2018,6,8
2018-06-09,122,Unhealthy for Sensitive Groups,Ozone,20,Los Angeles,California,34.1141,-118.4068,12531334.0,3267.0,America/Los_Angeles,2018,6,9
2018-06-10,101,Unhealthy for Sensitive Groups,Ozone,21,Los Angeles,California,34.1141,-118.4068,12531334.0,3267.0,America/Los_Angeles,2018,6,10
2018-06-11,140,Unhealthy for Sensitive Groups,Ozone,20,Los Angeles,California,34.1141,-118.4068,12531334.0,3267.0,America/Los_Angeles,2018,6,11
2018-06-12,119,Unhealthy for Sensitive Groups,Ozone,20,Los Angeles,California,34.1141,-118.4068,12531334.0,3267.0,America/Los_Angeles,2018,6,12
2018-06-13,126,Unhealthy for Sensitive Groups,Ozone,21,Los Angeles,California,34.1141,-118.4068,12531334.0,3267.0,America/Los_Angeles,2018,6,13
2018-06-14,108,Unhealthy for Sensitive Groups,Ozone,20,Los Angeles,California,34.1141,-118.4068,12531334.0,3267.0,America/Los_Angeles,2018,6,14
2018-06-15,74,Moderate,Ozone,20,Los Angeles,California,34.1141,-118.4068,12531334.0,3267.0,America/Los_Angeles,2018,6,15
2018-06-16,68,Moderate,PM2.5,21,Los Angeles,California,34.1141,-118.4068,12531334.0,3267.0,America/Los_Angeles,2018,6,16
2018-06-17,59,Moderate,PM2.5,20,Los Angeles,California,34.1141,-118.4068,12531334.0,3267.0,America/Los_Angeles,2018,6,17
2018-06-18,74,Moderate,Ozone,20,Los Angeles,California,34.1141,-118.4068,12531334.0,3267.0,America/Los_Angeles,2018,6,18
2018-06-19,115,Unhealthy for Sensitive Groups,Ozone,20,Los Angeles,California,34.1141,-118.4068,12531334.0,3267.0,America/Los_Angeles,2018,6,19
2018-06-20,172,Unhealthy,Ozone,20,Los Angeles,California,34.1141,-118.4068,12531334.0,3267.0,America/Los_Angeles,2018,6,20
2018-06-21,172,Unhealthy,Ozone,20,Los Angeles,California,34.1141,-118.4068,12531334.0,3267.0,America/Los_Angeles,2018,6,21
2018-06-22,185,Unhealthy,Ozone,21,Los Angeles,California,34.1141,-118.4068,12531334.0,3267.0,America/Los_Angeles,2018,6,22
2018-06-23,126,Unhealthy for Sensitive Groups,Ozone,20,Los Angeles,California,34.1141,-118.4068,12531334.0,3267.0,America/Los_Angeles,2018,6,23
2018-06-24,122,Unhealthy for Sensitive Groups,Ozone,20,Los Angeles,California,34.1141,-118.4068,12531334.0,3267.0,America/Los_Angeles,2018,6,24
2018-06-25,126,Unhealthy for Sensitive Groups,Ozone,21,Los Angeles,California,34.1141,-118.4068,12531334.0,3267.0,America/Los_Angeles,2018,6,25
2018-06-26,126,Unhealthy for Sensitive Groups,Ozone,19,Los Angeles,California,34.1141,-118.4068,12531334.0,3267.0,America/Los_Angeles,2018,6,26
2018-06-27,115,Unhealthy for Sensitive Groups,Ozone,20,Los Angeles,California,34.1141,-118.4068,12531334.0,3267.0,America/Los_Angeles,2018,6,27
2018-06-28,115,Unhealthy for Sensitive Groups,Ozone,20,Los Angeles,California,34.1141,-118.4068,12531334.0,3267.0,America/Los_Angeles,2018,6,28
2018-06-29,93,Moderate,Ozone,20,Los Angeles,California,34.1141,-118.4068,12531334.0,3267.0,America/Los_Angeles,2018,6,29
2018-06-30,101,Unhealthy for Sensitive Groups,Ozone,20,Los Angeles,California,34.1141,-118.4068,12531334.0,3267.0,America/Los_Angeles,2018,6,30
2018-07-01,90,Moderate,Ozone,20,Los Angeles,California,34.1141,-118.4068,12531334.0,3267.0,America/Los_Angeles,2018,7,1
2018-07-02,93,Moderate,Ozone,20,Los Angeles,California,34.1141,-118.4068,12531334.0,3267.0,America/Los_Angeles,2018,7,2
2018-07-03,84,Moderate,Ozone,20,Los Angeles,California,34.1141,-118.4068,12531334.0,3267.0,America/Los_Angeles,2018,7,3
2018-07-04,118,Unhealthy for Sensitive Groups,PM2.5,20,Los Angeles,California,34.1141,-118.4068,12531334.0,3267.0,America/Los_Angeles,2018,7,4
2018-07-05,166,Unhealthy,PM2.5,20,Los Angeles,California,34.1141,-118.4068,12531334.0,3267.0,America/Los_Angeles,2018,7,5
2018-07-06,156,Unhealthy,Ozone,20,Los Angeles,California,34.1141,-118.4068,12531334.0,3267.0,America/Los_Angeles,2018,7,6
2018-07-07,185,Unhealthy,Ozone,21,Los Angeles,California,34.1141,-118.4068,12531334.0,3267.0,America/Los_Angeles,2018,7,7
2018-07-08,122,Unhealthy for Sensitive Groups,Ozone,20,Los Angeles,California,34.1141,-118.4068,12531334.0,3267.0,America/Los_Angeles,2018,7,8
2018-07-09,108,Unhealthy for Sensitive Groups,Ozone,20,Los Angeles,California,34.1141,-118.4068,12531334.0,3267.0,America/Los_Angeles,2018,7,9
2018-07-10,108,Unhealthy for Sensitive Groups,Ozone,21,Los Angeles,California,34.1141,-118.4068,12531334.0,3267.0,America/Los_Angeles,2018,7,10
2018-07-11,90,Moderate,Ozone,20,Los Angeles,California,34.1141,-118.4068,12531334.0,3267.0,America/Los_Angeles,2018,7,11
2018-07-12,58,Moderate,Ozone,20,Los Angeles,California,34.1141,-118.4068,12531334.0,3267.0,America/Los_Angeles,2018,7,12
2018-07-13,80,Moderate,Ozone,20,Los Angeles,California,34.1141,-118.4068,12531334.0,3267.0,America/Los_Angeles,2018,7,13
2018-07-14,87,Moderate,Ozone,20,Los Angeles,California,34.1141,-118.4068,12531334.0,3267.0,America/Los_Angeles,2018,7,14
2018-07-15,93,Moderate,Ozone,20,Los Angeles,California,34.1141,-118.4068,12531334.0,3267.0,America/Los_Angeles,2018,7,15
2018-07-16,97,Moderate,Ozone,21,Los Angeles,California,34.1141,-118.4068,12531334.0,3267.0,America/Los_Angeles,2018,7,16
2018-07-17,129,Unhealthy for Sensitive Groups,Ozone,20,Los Angeles,California,34.1141,-118.4068,12531334.0,3267.0,America/Los_Angeles,2018,7,17
2018-07-18,115,Unhealthy for Sensitive Groups,Ozone,20,Los Angeles,California,34.1141,-118.4068,12531334.0,3267.0,America/Los_Angeles,2018,7,18
2018-07-19,122,Unhealthy for Sensitive Groups,Ozone,21,Los Angeles,California,34.1141,-118.4068,12531334.0,3267.0,America/Los_Angeles,2018,7,19
2018-07-20,84,Moderate,Ozone,20,Los Angeles,California,34.1141,-118.4068,12531334.0,3267.0,America/Los_Angeles,2018,7,20
2018-07-21,67,Moderate,Ozone,20,Los Angeles,California,34.1141,-118.4068,12531334.0,3267.0,America/Los_Angeles,2018,7,21
2018-07-22,74,Moderate,Ozone,21,Los Angeles,California,34.1141,-118.4068,12531334.0,3267.0,America/Los_Angeles,2018,7,22
2018-07-23,150,Unhealthy for Sensitive Groups,Ozone,20,Los Angeles,California,34.1141,-118.4068,12531334.0,3267.0,America/Los_Angeles,2018,7,23
2018-07-24,195,Unhealthy,Ozone,19,Los Angeles,California,34.1141,-118.4068,12531334.0,3267.0,America/Los_Angeles,2018,7,24
2018-07-25,185,Unhealthy,Ozone,21,Los Angeles,California,34.1141,-118.4068,12531334.0,3267.0,America/Los_Angeles,2018,7,25
2018-07-26,190,Unhealthy,Ozone,20,Los Angeles,California,34.1141,-118.4068,12531334.0,3267.0,America/Los_Angeles,2018,7,26
2018-07-27,172,Unhealthy,Ozone,20,Los Angeles,California,34.1141,-118.4068,12531334.0,3267.0,America/Los_Angeles,2018,7,27
2018-07-28,136,Unhealthy for Sensitive Groups,Ozone,21,Los Angeles,California,34.1141,-118.4068,12531334.0,3267.0,America/Los_Angeles,2018,7,28
2018-07-29,108,Unhealthy for Sensitive Groups,Ozone,20,Los Angeles,California,34.1141,-118.4068,12531334.0,3267.0,America/Los_Angeles,2018,7,29
2018-07-30,122,Unhealthy for Sensitive Groups,Ozone,20,Los Angeles,California,34.1141,-118.4068,12531334.0,3267.0,America/Los_Angeles,2018,7,30
2018-07-31,97,Moderate,Ozone,20,Los Angeles,California,34.1141,-118.4068,12531334.0,3267.0,America/Los_Angeles,2018,7,31
2018-08-01,80,Moderate,Ozone,19,Los Angeles,California,34.1141,-118.4068,12531334.0,3267.0,America/Los_Angeles,2018,8,1
2018-08-02,115,Unhealthy for Sensitive Groups,Ozone,19,Los Angeles,California,34.1141,-118.4068,12531334.0,3267.0,America/Los_Angeles,2018,8,2
2018-08-03,112,Unhealthy for Sensitive Groups,Ozone,21,Los Angeles,California,34.1141,-118.4068,12531334.0,3267.0,America/Los_Angeles,2018,8,3
2018-08-04,154,Unhealthy,Ozone,20,Los Angeles,California,34.1141,-118.4068,12531334.0,3267.0,America/Los_Angeles,2018,8,4
2018-08-05,151,Unhealthy,Ozone,20,Los Angeles,California,34.1141,-118.4068,12531334.0,3267.0,America/Los_Angeles,2018,8,5
2018-08-06,197,Unhealthy,Ozone,21,Los Angeles,California,34.1141,-118.4068,12531334.0,3267.0,America/Los_Angeles,2018,8,6
2018-08-07,201,Very Unhealthy,Ozone,20,Los Angeles,California,34.1141,-118.4068,12531334.0,3267.0,America/Los_Angeles,2018,8,7
2018-08-08,112,Unhealthy for Sensitive Groups,Ozone,20,Los Angeles,California,34.1141,-118.4068,12531334.0,3267.0,America/Los_Angeles,2018,8,8
2018-08-09,172,Unhealthy,Ozone,21,Los Angeles,California,34.1141,-118.4068,12531334.0,3267.0,America/Los_Angeles,2018,8,9
2018-08-10,93,Moderate,Ozone,20,Los Angeles,California,34.1141,-118.4068,12531334.0,3267.0,America/Los_Angeles,2018,8,10
2018-08-11,74,Moderate,Ozone,20,Los Angeles,California,34.1141,-118.4068,12531334.0,3267.0,America/Los_Angeles,2018,8,11
2018-08-12,90,Moderate,Ozone,21,Los Angeles,California,34.1141,-118.4068,12531334.0,3267.0,America/Los_Angeles,2018,8,12
2018-08-13,87,Moderate,Ozone,19,Los Angeles,California,34.1141,-118.4068,12531334.0,3267.0,America/Los_Angeles,2018,8,13
2018-08-14,80,Moderate,Ozone,20,Los Angeles,California,34.1141,-118.4068,12531334.0,3267.0,America/Los_Angeles,2018,8,14
2018-08-15,100,Moderate,Ozone,21,Los Angeles,California,34.1141,-118.4068,12531334.0,3267.0,America/Los_Angeles,2018,8,15
2018-08-16,97,Moderate,Ozone,20,Los Angeles,California,34.1141,-118.4068,12531334.0,3267.0,America/Los_Angeles,2018,8,16
2018-08-17,129,Unhealthy for Sensitive Groups,Ozone,20,Los Angeles,California,34.1141,-118.4068,12531334.0,3267.0,America/Los_Angeles,2018,8,17
2018-08-18,126,Unhealthy for Sensitive Groups,Ozone,21,Los Angeles,California,34.1141,-118.4068,12531334.0,3267.0,America/Los_Angeles,2018,8,18
2018-08-19,136,Unhealthy for Sensitive Groups,Ozone,20,Los Angeles,California,34.1141,-118.4068,12531334.0,3267.0,America/Los_Angeles,2018,8,19
2018-08-20,101,Unhealthy for Sensitive Groups,Ozone,20,Los Angeles,California,34.1141,-118.4068,12531334.0,3267.0,America/Los_Angeles,2018,8,20
2018-08-21,112,Unhealthy for Sensitive Groups,Ozone,21,Los Angeles,California,34.1141,-118.4068,12531334.0,3267.0,America/Los_Angeles,2018,8,21
2018-08-22,93,Moderate,Ozone,20,Los Angeles,California,34.1141,-118.4068,12531334.0,3267.0,America/Los_Angeles,2018,8,22
2018-08-23,93,Moderate,Ozone,20,Los Angeles,California,34.1141,-118.4068,12531334.0,3267.0,America/Los_Angeles,2018,8,23
2018-08-24,126,Unhealthy for Sensitive Groups,Ozone,21,Los Angeles,California,34.1141,-118.4068,12531334.0,3267.0,America/Los_Angeles,2018,8,24
2018-08-25,147,Unhealthy for Sensitive Groups,Ozone,20,Los Angeles,California,34.1141,-118.4068,12531334.0,3267.0,America/Los_Angeles,2018,8,25
2018-08-26,133,Unhealthy for Sensitive Groups,Ozone,20,Los Angeles,California,34.1141,-118.4068,12531334.0,3267.0,America/Los_Angeles,2018,8,26
2018-08-27,119,Unhealthy for Sensitive Groups,Ozone,21,Los Angeles,California,34.1141,-118.4068,12531334.0,3267.0,America/Los_Angeles,2018,8,27
2018-08-28,101,Unhealthy for Sensitive Groups,Ozone,20,Los Angeles,California,34.1141,-118.4068,12531334.0,3267.0,America/Los_Angeles,2018,8,28
2018-08-29,71,Moderate,Ozone,20,Los Angeles,California,34.1141,-118.4068,12531334.0,3267.0,America/Los_Angeles,2018,8,29
2018-08-30,97,Moderate,Ozone,21,Los Angeles,California,34.1141,-118.4068,12531334.0,3267.0,America/Los_Angeles,2018,8,30
2018-08-31,164,Unhealthy,Ozone,20,Los Angeles,California,34.1141,-118.4068,12531334.0,3267.0,America/Los_Angeles,2018,8,31
2018-09-01,115,Unhealthy for Sensitive Groups,Ozone,20,Los Angeles,California,34.1141,-118.4068,12531334.0,3267.0,America/Los_Angeles,2018,9,1
2018-09-02,101,Unhealthy for Sensitive Groups,Ozone,21,Los Angeles,California,34.1141,-118.4068,12531334.0,3267.0,America/Los_Angeles,2018,9,2
2018-09-03,84,Moderate,Ozone,20,Los Angeles,California,34.1141,-118.4068,12531334.0,3267.0,America/Los_Angeles,2018,9,3
2018-09-04,97,Moderate,Ozone,20,Los Angeles,California,34.1141,-118.4068,12531334.0,3267.0,America/Los_Angeles,2018,9,4
2018-09-05,90,Moderate,Ozone,21,Los Angeles,California,34.1141,-118.4068,12531334.0,3267.0,America/Los_Angeles,2018,9,5
2018-09-06,97,Moderate,Ozone,20,Los Angeles,California,34.1141,-118.4068,12531334.0,3267.0,America/Los_Angeles,2018,9,6
2018-09-07,147,Unhealthy for Sensitive Groups,Ozone,20,Los Angeles,California,34.1141,-118.4068,12531334.0,3267.0,America/Los_Angeles,2018,9,7
2018-09-08,192,Unhealthy,Ozone,21,Los Angeles,California,34.1141,-118.4068,12531334.0,3267.0,America/Los_Angeles,2018,9,8
2018-09-09,143,Unhealthy for Sensitive Groups,Ozone,20,Los Angeles,California,34.1141,-118.4068,12531334.0,3267.0,America/Los_Angeles,2018,9,9
2018-09-10,126,Unhealthy for Sensitive Groups,Ozone,20,Los Angeles,California,34.1141,-118.4068,12531334.0,3267.0,America/Los_Angeles,2018,9,10
2018-09-11,122,Unhealthy for Sensitive Groups,Ozone,21,Los Angeles,California,34.1141,-118.4068,12531334.0,3267.0,America/Los_Angeles,2018,9,11
2018-09-12,115,Unhealthy for Sensitive Groups,Ozone,20,Los Angeles,California,34.1141,-118.4068,12531334.0,3267.0,America/Los_Angeles,2018,9,12
2018-09-13,101,Unhealthy for Sensitive Groups,Ozone,20,Los Angeles,California,34.1141,-118.4068,12531334.0,3267.0,America/Los_Angeles,2018,9,13
2018-09-14,67,Moderate,Ozone,21,Los Angeles,California,34.1141,-118.4068,12531334.0,3267.0,America/Los_Angeles,2018,9,14
2018-09-15,93,Moderate,Ozone,20,Los Angeles,California,34.1141,-118.4068,12531334.0,3267.0,America/Los_Angeles,2018,9,15
2018-09-16,87,Moderate,Ozone,20,Los Angeles,California,34.1141,-118.4068,12531334.0,3267.0,America/Los_Angeles,2018,9,16
2018-09-17,87,Moderate,Ozone,21,Los Angeles,California,34.1141,-118.4068,12531334.0,3267.0,America/Los_Angeles,2018,9,17
2018-09-18,105,Unhealthy for Sensitive Groups,Ozone,20,Los Angeles,California,34.1141,-118.4068,12531334.0,3267.0,America/Los_Angeles,2018,9,18
2018-09-19,133,Unhealthy for Sensitive Groups,Ozone,20,Los Angeles,California,34.1141,-118.4068,12531334.0,3267.0,America/Los_Angeles,2018,9,19
2018-09-20,108,Unhealthy for Sensitive Groups,Ozone,21,Los Angeles,California,34.1141,-118.4068,12531334.0,3267.0,America/Los_Angeles,2018,9,20
2018-09-21,105,Unhealthy for Sensitive Groups,Ozone,20,Los Angeles,California,34.1141,-118.4068,12531334.0,3267.0,America/Los_Angeles,2018,9,21
2018-09-22,115,Unhealthy for Sensitive Groups,Ozone,20,Los Angeles,California,34.1141,-118.4068,12531334.0,3267.0,America/Los_Angeles,2018,9,22
2018-09-23,97,Moderate,Ozone,21,Los Angeles,California,34.1141,-118.4068,12531334.0,3267.0,America/Los_Angeles,2018,9,23
2018-09-24,62,Moderate,PM2.5,20,Los Angeles,California,34.1141,-118.4068,12531334.0,3267.0,America/Los_Angeles,2018,9,24
2018-09-25,71,Moderate,PM2.5,20,Los Angeles,California,34.1141,-118.4068,12531334.0,3267.0,America/Los_Angeles,2018,9,25
2018-09-26,112,Unhealthy for Sensitive Groups,Ozone,21,Los Angeles,California,34.1141,-118.4068,12531334.0,3267.0,America/Los_Angeles,2018,9,26
2018-09-27,150,Unhealthy for Sensitive Groups,Ozone,20,Los Angeles,California,34.1141,-118.4068,12531334.0,3267.0,America/Los_Angeles,2018,9,27
2018-09-28,100,Moderate,Ozone,20,Los Angeles,California,34.1141,-118.4068,12531334.0,3267.0,America/Los_Angeles,2018,9,28
2018-09-29,64,Moderate,Ozone,21,Los Angeles,California,34.1141,-118.4068,12531334.0,3267.0,America/Los_Angeles,2018,9,29
2018-09-30,53,Moderate,PM2.5,20,Los Angeles,California,34.1141,-118.4068,12531334.0,3267.0,America/Los_Angeles,2018,9,30
2018-10-01,68,Moderate,PM2.5,20,Los Angeles,California,34.1141,-118.4068,12531334.0,3267.0,America/Los_Angeles,2018,10,1
2018-10-02,45,Good,PM2.5,21,Los Angeles,California,34.1141,-118.4068,12531334.0,3267.0,America/Los_Angeles,2018,10,2
2018-10-03,41,Good,PM2.5,20,Los Angeles,California,34.1141,-118.4068,12531334.0,3267.0,America/Los_Angeles,2018,10,3
2018-10-04,34,Good,Ozone,20,Los Angeles,California,34.1141,-118.4068,12531334.0,3267.0,America/Los_Angeles,2018,10,4
2018-10-05,44,Good,Ozone,21,Los Angeles,California,34.1141,-118.4068,12531334.0,3267.0,America/Los_Angeles,2018,10,5
2018-10-06,54,Moderate,Ozone,20,Los Angeles,California,34.1141,-118.4068,12531334.0,3267.0,America/Los_Angeles,2018,10,6
2018-10-07,52,Moderate,PM2.5,20,Los Angeles,California,34.1141,-118.4068,12531334.0,3267.0,America/Los_Angeles,2018,10,7
2018-10-08,53,Moderate,PM2.5,21,Los Angeles,California,34.1141,-118.4068,12531334.0,3267.0,America/Los_Angeles,2018,10,8
2018-10-09,52,Moderate,PM2.5,20,Los Angeles,California,34.1141,-118.4068,12531334.0,3267.0,America/Los_Angeles,2018,10,9
2018-10-10,49,Good,Ozone,20,Los Angeles,California,34.1141,-118.4068,12531334.0,3267.0,America/Los_Angeles,2018,10,10
2018-10-11,51,Moderate,PM2.5,21,Los Angeles,California,34.1141,-118.4068,12531334.0,3267.0,America/Los_Angeles,2018,10,11
2018-10-12,52,Moderate,PM2.5,20,Los Angeles,California,34.1141,-118.4068,12531334.0,3267.0,America/Los_Angeles,2018,10,12
2018-10-13,45,Good,Ozone,20,Los Angeles,California,34.1141,-118.4068,12531334.0,3267.0,America/Los_Angeles,2018,10,13
2018-10-14,54,Moderate,PM2.5,21,Los Angeles,California,34.1141,-118.4068,12531334.0,3267.0,America/Los_Angeles,2018,10,14
2018-10-15,58,Moderate,PM10,20,Los Angeles,California,34.1141,-118.4068,12531334.0,3267.0,America/Los_Angeles,2018,10,15
2018-10-16,58,Moderate,NO2,20,Los Angeles,California,34.1141,-118.4068,12531334.0,3267.0,America/Los_Angeles,2018,10,16
2018-10-17,60,Moderate,NO2,20,Los Angeles,California,34.1141,-118.4068,12531334.0,3267.0,America/Los_Angeles,2018,10,17
2018-10-18,66,Moderate,NO2,20,Los Angeles,California,34.1141,-118.4068,12531334.0,3267.0,America/Los_Angeles,2018,10,18
2018-10-19,69,Moderate,NO2,20,Los Angeles,California,34.1141,-118.4068,12531334.0,3267.0,America/Los_Angeles,2018,10,19
2018-10-20,67,Moderate,Ozone,21,Los Angeles,California,34.1141,-118.4068,12531334.0,3267.0,America/Los_Angeles,2018,10,20
2018-10-21,90,Moderate,Ozone,20,Los Angeles,California,34.1141,-118.4068,12531334.0,3267.0,America/Los_Angeles,2018,10,21
2018-10-22,74,Moderate,Ozone,20,Los Angeles,California,34.1141,-118.4068,12531334.0,3267.0,America/Los_Angeles,2018,10,22
2018-10-23,80,Moderate,PM2.5,21,Los Angeles,California,34.1141,-118.4068,12531334.0,3267.0,America/Los_Angeles,2018,10,23
2018-10-24,68,Moderate,PM2.5,20,Los Angeles,California,34.1141,-118.4068,12531334.0,3267.0,America/Los_Angeles,2018,10,24
2018-10-25,100,Moderate,Ozone,20,Los Angeles,California,34.1141,-118.4068,12531334.0,3267.0,America/Los_Angeles,2018,10,25
2018-10-26,101,Unhealthy for Sensitive Groups,Ozone,21,Los Angeles,California,34.1141,-118.4068,12531334.0,3267.0,America/Los_Angeles,2018,10,26
2018-10-27,126,Unhealthy for Sensitive Groups,Ozone,20,Los Angeles,California,34.1141,-118.4068,12531334.0,3267.0,America/Los_Angeles,2018,10,27
2018-10-28,129,Unhealthy for Sensitive Groups,Ozone,20,Los Angeles,California,34.1141,-118.4068,12531334.0,3267.0,America/Los_Angeles,2018,10,28
2018-10-29,133,Unhealthy for Sensitive Groups,Ozone,21,Los Angeles,California,34.1141,-118.4068,12531334.0,3267.0,America/Los_Angeles,2018,10,29
2018-10-30,72,Moderate,PM2.5,20,Los Angeles,California,34.1141,-118.4068,12531334.0,3267.0,America/Los_Angeles,2018,10,30
2018-10-31,62,Moderate,PM2.5,20,Los Angeles,California,34.1141,-118.4068,12531334.0,3267.0,America/Los_Angeles,2018,10,31
2018-11-01,58,Moderate,PM2.5,21,Los Angeles,California,34.1141,-118.4068,12531334.0,3267.0,America/Los_Angeles,2018,11,1
2018-11-02,63,Moderate,PM2.5,20,Los Angeles,California,34.1141,-118.4068,12531334.0,3267.0,America/Los_Angeles,2018,11,2
2018-11-03,74,Moderate,Ozone,20,Los Angeles,California,34.1141,-118.4068,12531334.0,3267.0,America/Los_Angeles,2018,11,3
2018-11-04,90,Moderate,Ozone,21,Los Angeles,California,34.1141,-118.4068,12531334.0,3267.0,America/Los_Angeles,2018,11,4
2018-11-05,71,Moderate,PM2.5,20,Los Angeles,California,34.1141,-118.4068,12531334.0,3267.0,America/Los_Angeles,2018,11,5
2018-11-06,59,Moderate,PM2.5,20,Los Angeles,California,34.1141,-118.4068,12531334.0,3267.0,America/Los_Angeles,2018,11,6
2018-11-07,61,Moderate,PM2.5,21,Los Angeles,California,34.1141,-118.4068,12531334.0,3267.0,America/Los_Angeles,2018,11,7
2018-11-08,88,Moderate,PM10,20,Los Angeles,California,34.1141,-118.4068,12531334.0,3267.0,America/Los_Angeles,2018,11,8
2018-11-09,73,Moderate,NO2,20,Los Angeles,California,34.1141,-118.4068,12531334.0,3267.0,America/Los_Angeles,2018,11,9
2018-11-10,117,Unhealthy for Sensitive Groups,PM2.5,21,Los Angeles,California,34.1141,-118.4068,12531334.0,3267.0,America/Los_Angeles,2018,11,10
2018-11-11,122,Unhealthy for Sensitive Groups,PM2.5,20,Los Angeles,California,34.1141,-118.4068,12531334.0,3267.0,America/Los_Angeles,2018,11,11
2018-11-12,66,Moderate,NO2,20,Los Angeles,California,34.1141,-118.4068,12531334.0,3267.0,America/Los_Angeles,2018,11,12
2018-11-13,73,Moderate,NO2,21,Los Angeles,California,34.1141,-118.4068,12531334.0,3267.0,America/Los_Angeles,2018,11,13
2018-11-14,66,Moderate,NO2,20,Los Angeles,California,34.1141,-118.4068,12531334.0,3267.0,America/Los_Angeles,2018,11,14
2018-11-15,68,Moderate,NO2,20,Los Angeles,California,34.1141,-118.4068,12531334.0,3267.0,America/Los_Angeles,2018,11,15
2018-11-16,70,Moderate,PM2.5,20,Los Angeles,California,34.1141,-118.4068,12531334.0,3267.0,America/Los_Angeles,2018,11,16
2018-11-17,78,Moderate,PM2.5,20,Los Angeles,California,34.1141,-118.4068,12531334.0,3267.0,America/Los_Angeles,2018,11,17
2018-11-18,112,Unhealthy for Sensitive Groups,PM2.5,20,Los Angeles,California,34.1141,-118.4068,12531334.0,3267.0,America/Los_Angeles,2018,11,18
2018-11-19,130,Unhealthy for Sensitive Groups,PM2.5,21,Los Angeles,California,34.1141,-118.4068,12531334.0,3267.0,America/Los_Angeles,2018,11,19
2018-11-20,102,Unhealthy for Sensitive Groups,PM2.5,20,Los Angeles,California,34.1141,-118.4068,12531334.0,3267.0,America/Los_Angeles,2018,11,20
2018-11-21,81,Moderate,PM2.5,20,Los Angeles,California,34.1141,-118.4068,12531334.0,3267.0,America/Los_Angeles,2018,11,21
2018-11-22,54,Moderate,PM2.5,20,Los Angeles,California,34.1141,-118.4068,12531334.0,3267.0,America/Los_Angeles,2018,11,22
2018-11-23,59,Moderate,PM2.5,20,Los Angeles,California,34.1141,-118.4068,12531334.0,3267.0,America/Los_Angeles,2018,11,23
2018-11-24,61,Moderate,PM2.5,20,Los Angeles,California,34.1141,-118.4068,12531334.0,3267.0,America/Los_Angeles,2018,11,24
2018-11-25,60,Moderate,PM2.5,21,Los Angeles,California,34.1141,-118.4068,12531334.0,3267.0,America/Los_Angeles,2018,11,25
2018-11-26,57,Moderate,NO2,20,Los Angeles,California,34.1141,-118.4068,12531334.0,3267.0,America/Los_Angeles,2018,11,26
2018-11-27,62,Moderate,NO2,20,Los Angeles,California,34.1141,-118.4068,12531334.0,3267.0,America/Los_Angeles,2018,11,27
2018-11-28,54,Moderate,PM2.5,21,Los Angeles,California,34.1141,-118.4068,12531334.0,3267.0,America/Los_Angeles,2018,11,28
2018-11-29,39,Good,Ozone,20,Los Angeles,California,34.1141,-118.4068,12531334.0,3267.0,America/Los_Angeles,2018,11,29
2018-11-30,41,Good,NO2,20,Los Angeles,California,34.1141,-118.4068,12531334.0,3267.0,America/Los_Angeles,2018,11,30
2018-12-01,47,Good,PM2.5,21,Los Angeles,California,34.1141,-118.4068,12531334.0,3267.0,America/Los_Angeles,2018,12,1
2018-12-02,39,Good,Ozone,20,Los Angeles,California,34.1141,-118.4068,12531334.0,3267.0,America/Los_Angeles,2018,12,2
2018-12-03,56,Moderate,PM2.5,20,Los Angeles,California,34.1141,-118.4068,12531334.0,3267.0,America/Los_Angeles,2018,12,3
2018-12-04,54,Moderate,NO2,21,Los Angeles,California,34.1141,-118.4068,12531334.0,3267.0,America/Los_Angeles,2018,12,4
2018-12-05,58,Moderate,NO2,20,Los Angeles,California,34.1141,-118.4068,12531334.0,3267.0,America/Los_Angeles,2018,12,5
2018-12-06,46,Good,NO2,20,Los Angeles,California,34.1141,-118.4068,12531334.0,3267.0,America/Los_Angeles,2018,12,6
2018-12-07,42,Good,NO2,21,Los Angeles,California,34.1141,-118.4068,12531334.0,3267.0,America/Los_Angeles,2018,12,7
2018-12-08,57,Moderate,PM2.5,20,Los Angeles,California,34.1141,-118.4068,12531334.0,3267.0,America/Los_Angeles,2018,12,8
2018-12-09,62,Moderate,PM2.5,20,Los Angeles,California,34.1141,-118.4068,12531334.0,3267.0,America/Los_Angeles,2018,12,9
2018-12-10,85,Moderate,PM2.5,21,Los Angeles,California,34.1141,-118.4068,12531334.0,3267.0,America/Los_Angeles,2018,12,10
2018-12-11,81,Moderate,PM2.5,20,Los Angeles,California,34.1141,-118.4068,12531334.0,3267.0,America/Los_Angeles,2018,12,11
2018-12-12,77,Moderate,PM2.5,20,Los Angeles,California,34.1141,-118.4068,12531334.0,3267.0,America/Los_Angeles,2018,12,12
2018-12-13,80,Moderate,PM2.5,21,Los Angeles,California,34.1141,-118.4068,12531334.0,3267.0,America/Los_Angeles,2018,12,13
2018-12-14,78,Moderate,NO2,20,Los Angeles,California,34.1141,-118.4068,12531334.0,3267.0,America/Los_Angeles,2018,12,14
2018-12-15,134,Unhealthy for Sensitive Groups,PM2.5,20,Los Angeles,California,34.1141,-118.4068,12531334.0,3267.0,America/Los_Angeles,2018,12,15
2018-12-16,90,Moderate,PM2.5,21,Los Angeles,California,34.1141,-118.4068,12531334.0,3267.0,America/Los_Angeles,2018,12,16
2018-12-17,60,Moderate,PM2.5,20,Los Angeles,California,34.1141,-118.4068,12531334.0,3267.0,America/Los_Angeles,2018,12,17
2018-12-18,56,Moderate,PM2.5,20,Los Angeles,California,34.1141,-118.4068,12531334.0,3267.0,America/Los_Angeles,2018,12,18
2018-12-19,83,Moderate,PM2.5,21,Los Angeles,California,34.1141,-118.4068,12531334.0,3267.0,America/Los_Angeles,2018,12,19
2018-12-20,85,Moderate,PM2.5,20,Los Angeles,California,34.1141,-118.4068,12531334.0,3267.0,America/Los_Angeles,2018,12,20
2018-12-21,81,Moderate,PM2.5,20,Los Angeles,California,34.1141,-118.4068,12531334.0,3267.0,America/Los_Angeles,2018,12,21
2018-12-22,102,Unhealthy for Sensitive Groups,PM2.5,21,Los Angeles,California,34.1141,-118.4068,12531334.0,3267.0,America/Los_Angeles,2018,12,22
2018-12-23,127,Unhealthy for Sensitive Groups,PM2.5,20,Los Angeles,California,34.1141,-118.4068,12531334.0,3267.0,America/Los_Angeles,2018,12,23
2018-12-24,147,Unhealthy for Sensitive Groups,PM2.5,20,Los Angeles,California,34.1141,-118.4068,12531334.0,3267.0,America/Los_Angeles,2018,12,24
2018-12-25,39,Good,Ozone,21,Los Angeles,California,34.1141,-118.4068,12531334.0,3267.0,America/Los_Angeles,2018,12,25
2018-12-26,61,Moderate,PM2.5,20,Los Angeles,California,34.1141,-118.4068,12531334.0,3267.0,America/Los_Angeles,2018,12,26
2018-12-27,47,Good,PM2.5,20,Los Angeles,California,34.1141,-118.4068,12531334.0,3267.0,America/Los_Angeles,2018,12,27
2018-12-28,57,Moderate,NO2,21,Los Angeles,California,34.1141,-118.4068,12531334.0,3267.0,America/Los_Angeles,2018,12,28
2018-12-29,75,Moderate,PM2.5,20,Los Angeles,California,34.1141,-118.4068,12531334.0,3267.0,America/Los_Angeles,2018,12,29
2018-12-30,96,Moderate,PM2.5,20,Los Angeles,California,34.1141,-118.4068,12531334.0,3267.0,America/Los_Angeles,2018,12,30
2018-12-31,59,Moderate,PM2.5,21,Los Angeles,California,34.1141,-118.4068,12531334.0,3267.0,America/Los_Angeles,2018,12,31
2019-01-01,67,Moderate,PM2.5,20,Los Angeles,California,34.1141,-118.4068,12531334.0,3267.0,America/Los_Angeles,2019,1,1
2019-01-02,93,Moderate,PM2.5,20,Los Angeles,California,34.1141,-118.4068,12531334.0,3267.0,America/Los_Angeles,2019,1,2
2019-01-03,67,Moderate,PM2.5,20,Los Angeles,California,34.1141,-118.4068,12531334.0,3267.0,America/Los_Angeles,2019,1,3
2019-01-04,85,Moderate,PM2.5,20,Los Angeles,California,34.1141,-118.4068,12531334.0,3267.0,America/Los_Angeles,2019,1,4
2019-01-05,83,Moderate,PM2.5,20,Los Angeles,California,34.1141,-118.4068,12531334.0,3267.0,America/Los_Angeles,2019,1,5
2019-01-06,52,Moderate,PM2.5,19,Los Angeles,California,34.1141,-118.4068,12531334.0,3267.0,America/Los_Angeles,2019,1,6
2019-01-07,53,Moderate,NO2,20,Los Angeles,California,34.1141,-118.4068,12531334.0,3267.0,America/Los_Angeles,2019,1,7
2019-01-08,62,Moderate,PM2.5,20,Los Angeles,California,34.1141,-118.4068,12531334.0,3267.0,America/Los_Angeles,2019,1,8
2019-01-09,74,Moderate,PM2.5,20,Los Angeles,California,34.1141,-118.4068,12531334.0,3267.0,America/Los_Angeles,2019,1,9
2019-01-10,67,Moderate,PM2.5,19,Los Angeles,California,34.1141,-118.4068,12531334.0,3267.0,America/Los_Angeles,2019,1,10
2019-01-11,91,Moderate,PM2.5,19,Los Angeles,California,34.1141,-118.4068,12531334.0,3267.0,America/Los_Angeles,2019,1,11
2019-01-12,51,Moderate,PM2.5,21,Los Angeles,California,34.1141,-118.4068,12531334.0,3267.0,America/Los_Angeles,2019,1,12
2019-01-13,67,Moderate,PM2.5,20,Los Angeles,California,34.1141,-118.4068,12531334.0,3267.0,America/Los_Angeles,2019,1,13
2019-01-14,53,Moderate,PM2.5,20,Los Angeles,California,34.1141,-118.4068,12531334.0,3267.0,America/Los_Angeles,2019,1,14
2019-01-15,46,Good,PM2.5,21,Los Angeles,California,34.1141,-118.4068,12531334.0,3267.0,America/Los_Angeles,2019,1,15
2019-01-16,38,Good,NO2,20,Los Angeles,California,34.1141,-118.4068,12531334.0,3267.0,America/Los_Angeles,2019,1,16
2019-01-17,44,Good,NO2,20,Los Angeles,California,34.1141,-118.4068,12531334.0,3267.0,America/Los_Angeles,2019,1,17
2019-01-18,57,Moderate,PM2.5,21,Los Angeles,California,34.1141,-118.4068,12531334.0,3267.0,America/Los_Angeles,2019,1,18
2019-01-19,53,Moderate,PM2.5,19,Los Angeles,California,34.1141,-118.4068,12531334.0,3267.0,America/Los_Angeles,2019,1,19
2019-01-20,45,Good,PM2.5,19,Los Angeles,California,34.1141,-118.4068,12531334.0,3267.0,America/Los_Angeles,2019,1,20
2019-01-21,40,Good,Ozone,20,Los Angeles,California,34.1141,-118.4068,12531334.0,3267.0,America/Los_Angeles,2019,1,21
2019-01-22,71,Moderate,NO2,19,Los Angeles,California,34.1141,-118.4068,12531334.0,3267.0,America/Los_Angeles,2019,1,22
2019-01-23,63,Moderate,NO2,19,Los Angeles,California,34.1141,-118.4068,12531334.0,3267.0,America/Los_Angeles,2019,1,23
2019-01-24,76,Moderate,NO2,20,Los Angeles,California,34.1141,-118.4068,12531334.0,3267.0,America/Los_Angeles,2019,1,24
2019-01-25,62,Moderate,NO2,19,Los Angeles,California,34.1141,-118.4068,12531334.0,3267.0,America/Los_Angeles,2019,1,25
2019-01-26,62,Moderate,PM2.5,20,Los Angeles,California,34.1141,-118.4068,12531334.0,3267.0,America/Los_Angeles,2019,1,26
2019-01-27,81,Moderate,PM2.5,21,Los Angeles,California,34.1141,-118.4068,12531334.0,3267.0,America/Los_Angeles,2019,1,27
2019-01-28,106,Unhealthy for Sensitive Groups,PM2.5,20,Los Angeles,California,34.1141,-118.4068,12531334.0,3267.0,America/Los_Angeles,2019,1,28
2019-01-29,95,Moderate,PM2.5,20,Los Angeles,California,34.1141,-118.4068,12531334.0,3267.0,America/Los_Angeles,2019,1,29
2019-01-30,72,Moderate,PM2.5,21,Los Angeles,California,34.1141,-118.4068,12531334.0,3267.0,America/Los_Angeles,2019,1,30
2019-01-31,66,Moderate,PM2.5,20,Los Angeles,California,34.1141,-118.4068,12531334.0,3267.0,America/Los_Angeles,2019,1,31
2019-02-01,40,Good,PM2.5,20,Los Angeles,California,34.1141,-118.4068,12531334.0,3267.0,America/Los_Angeles,2019,2,1
2019-02-02,41,Good,Ozone,20,Los Angeles,California,34.1141,-118.4068,12531334.0,3267.0,America/Los_Angeles,2019,2,2
2019-02-03,41,Good,Ozone,20,Los Angeles,California,34.1141,-118.4068,12531334.0,3267.0,America/Los_Angeles,2019,2,3
2019-02-04,42,Good,Ozone,20,Los Angeles,California,34.1141,-118.4068,12531334.0,3267.0,America/Los_Angeles,2019,2,4
2019-02-05,46,Good,NO2,20,Los Angeles,California,34.1141,-118.4068,12531334.0,3267.0,America/Los_Angeles,2019,2,5
2019-02-06,52,Moderate,NO2,20,Los Angeles,California,34.1141,-118.4068,12531334.0,3267.0,America/Los_Angeles,2019,2,6
2019-02-07,56,Moderate,PM2.5,20,Los Angeles,California,34.1141,-118.4068,12531334.0,3267.0,America/Los_Angeles,2019,2,7
2019-02-08,59,Moderate,PM2.5,20,Los Angeles,California,34.1141,-118.4068,12531334.0,3267.0,America/Los_Angeles,2019,2,8
2019-02-09,57,Moderate,PM2.5,20,Los Angeles,California,34.1141,-118.4068,12531334.0,3267.0,America/Los_Angeles,2019,2,9
2019-02-10,42,Good,Ozone,20,Los Angeles,California,34.1141,-118.4068,12531334.0,3267.0,America/Los_Angeles,2019,2,10
2019-02-11,57,Moderate,NO2,20,Los Angeles,California,34.1141,-118.4068,12531334.0,3267.0,America/Los_Angeles,2019,2,11
2019-02-12,54,Moderate,PM2.5,20,Los Angeles,California,34.1141,-118.4068,12531334.0,3267.0,America/Los_Angeles,2019,2,12
2019-02-13,43,Good,PM2.5,19,Los Angeles,California,34.1141,-118.4068,12531334.0,3267.0,America/Los_Angeles,2019,2,13
2019-02-14,44,Good,NO2,20,Los Angeles,California,34.1141,-118.4068,12531334.0,3267.0,America/Los_Angeles,2019,2,14
2019-02-15,43,Good,Ozone,19,Los Angeles,California,34.1141,-118.4068,12531334.0,3267.0,America/Los_Angeles,2019,2,15
2019-02-16,42,Good,Ozone,20,Los Angeles,California,34.1141,-118.4068,12531334.0,3267.0,America/Los_Angeles,2019,2,16
2019-02-17,44,Good,Ozone,21,Los Angeles,California,34.1141,-118.4068,12531334.0,3267.0,America/Los_Angeles,2019,2,17
2019-02-18,44,Good,NO2,20,Los Angeles,California,34.1141,-118.4068,12531334.0,3267.0,America/Los_Angeles,2019,2,18
2019-02-19,54,Moderate,NO2,20,Los Angeles,California,34.1141,-118.4068,12531334.0,3267.0,America/Los_Angeles,2019,2,19
2019-02-20,50,Good,PM2.5,21,Los Angeles,California,34.1141,-118.4068,12531334.0,3267.0,America/Los_Angeles,2019,2,20
2019-02-21,53,Moderate,PM2.5,20,Los Angeles,California,34.1141,-118.4068,12531334.0,3267.0,America/Los_Angeles,2019,2,21
2019-02-22,55,Moderate,PM2.5,19,Los Angeles,California,34.1141,-118.4068,12531334.0,3267.0,America/Los_Angeles,2019,2,22
2019-02-23,52,Moderate,PM2.5,21,Los Angeles,California,34.1141,-118.4068,12531334.0,3267.0,America/Los_Angeles,2019,2,23
2019-02-24,63,Moderate,PM2.5,20,Los Angeles,California,34.1141,-118.4068,12531334.0,3267.0,America/Los_Angeles,2019,2,24
2019-02-25,61,Moderate,Ozone,20,Los Angeles,California,34.1141,-118.4068,12531334.0,3267.0,America/Los_Angeles,2019,2,25
2019-02-26,66,Moderate,PM2.5,21,Los Angeles,California,34.1141,-118.4068,12531334.0,3267.0,America/Los_Angeles,2019,2,26
2019-02-27,58,Moderate,PM2.5,19,Los Angeles,California,34.1141,-118.4068,12531334.0,3267.0,America/Los_Angeles,2019,2,27
2019-02-28,57,Moderate,PM2.5,19,Los Angeles,California,34.1141,-118.4068,12531334.0,3267.0,America/Los_Angeles,2019,2,28
2019-03-01,59,Moderate,PM2.5,21,Los Angeles,California,34.1141,-118.4068,12531334.0,3267.0,America/Los_Angeles,2019,3,1
2019-03-02,40,Good,PM2.5,20,Los Angeles,California,34.1141,-118.4068,12531334.0,3267.0,America/Los_Angeles,2019,3,2
2019-03-03,38,Good,Ozone,20,Los Angeles,California,34.1141,-118.4068,12531334.0,3267.0,America/Los_Angeles,2019,3,3
2019-03-04,42,Good,NO2,21,Los Angeles,California,34.1141,-118.4068,12531334.0,3267.0,America/Los_Angeles,2019,3,4
2019-03-05,59,Moderate,PM2.5,19,Los Angeles,California,34.1141,-118.4068,12531334.0,3267.0,America/Los_Angeles,2019,3,5
2019-03-06,44,Good,PM2.5,19,Los Angeles,California,34.1141,-118.4068,12531334.0,3267.0,America/Los_Angeles,2019,3,6
2019-03-07,43,Good,NO2,20,Los Angeles,California,34.1141,-118.4068,12531334.0,3267.0,America/Los_Angeles,2019,3,7
2019-03-08,46,Good,Ozone,19,Los Angeles,California,34.1141,-118.4068,12531334.0,3267.0,America/Los_Angeles,2019,3,8
2019-03-09,44,Good,Ozone,20,Los Angeles,California,34.1141,-118.4068,12531334.0,3267.0,America/Los_Angeles,2019,3,9
2019-03-10,51,Moderate,PM2.5,21,Los Angeles,California,34.1141,-118.4068,12531334.0,3267.0,America/Los_Angeles,2019,3,10
2019-03-11,52,Moderate,PM2.5,20,Los Angeles,California,34.1141,-118.4068,12531334.0,3267.0,America/Los_Angeles,2019,3,11
2019-03-12,49,Good,PM2.5,20,Los Angeles,California,34.1141,-118.4068,12531334.0,3267.0,America/Los_Angeles,2019,3,12
2019-03-13,54,Moderate,PM2.5,21,Los Angeles,California,34.1141,-118.4068,12531334.0,3267.0,America/Los_Angeles,2019,3,13
2019-03-14,50,Good,Ozone,20,Los Angeles,California,34.1141,-118.4068,12531334.0,3267.0,America/Los_Angeles,2019,3,14
2019-03-15,52,Moderate,NO2,20,Los Angeles,California,34.1141,-118.4068,12531334.0,3267.0,America/Los_Angeles,2019,3,15
2019-03-16,71,Moderate,Ozone,21,Los Angeles,California,34.1141,-118.4068,12531334.0,3267.0,America/Los_Angeles,2019,3,16
2019-03-17,77,Moderate,Ozone,20,Los Angeles,California,34.1141,-118.4068,12531334.0,3267.0,America/Los_Angeles,2019,3,17
2019-03-18,93,Moderate,Ozone,20,Los Angeles,California,34.1141,-118.4068,12531334.0,3267.0,America/Los_Angeles,2019,3,18
2019-03-19,61,Moderate,PM2.5,21,Los Angeles,California,34.1141,-118.4068,12531334.0,3267.0,America/Los_Angeles,2019,3,19
2019-03-20,49,Good,Ozone,20,Los Angeles,California,34.1141,-118.4068,12531334.0,3267.0,America/Los_Angeles,2019,3,20
2019-03-21,45,Good,NO2,20,Los Angeles,California,34.1141,-118.4068,12531334.0,3267.0,America/Los_Angeles,2019,3,21
2019-03-22,50,Good,Ozone,21,Los Angeles,California,34.1141,-118.4068,12531334.0,3267.0,America/Los_Angeles,2019,3,22
2019-03-23,45,Good,Ozone,20,Los Angeles,California,34.1141,-118.4068,12531334.0,3267.0,America/Los_Angeles,2019,3,23
2019-03-24,64,Moderate,Ozone,20,Los Angeles,California,34.1141,-118.4068,12531334.0,3267.0,America/Los_Angeles,2019,3,24
2019-03-25,87,Moderate,Ozone,21,Los Angeles,California,34.1141,-118.4068,12531334.0,3267.0,America/Los_Angeles,2019,3,25
2019-03-26,67,Moderate,Ozone,20,Los Angeles,California,34.1141,-118.4068,12531334.0,3267.0,America/Los_Angeles,2019,3,26
2019-03-27,54,Moderate,PM2.5,20,Los Angeles,California,34.1141,-118.4068,12531334.0,3267.0,America/Los_Angeles,2019,3,27
2019-03-28,45,Good,Ozone,21,Los Angeles,California,34.1141,-118.4068,12531334.0,3267.0,America/Los_Angeles,2019,3,28
2019-03-29,51,Moderate,PM2.5,20,Los Angeles,California,34.1141,-118.4068,12531334.0,3267.0,America/Los_Angeles,2019,3,29
2019-03-30,84,Moderate,Ozone,20,Los Angeles,California,34.1141,-118.4068,12531334.0,3267.0,America/Los_Angeles,2019,3,30
2019-03-31,108,Unhealthy for Sensitive Groups,Ozone,21,Los Angeles,California,34.1141,-118.4068,12531334.0,3267.0,America/Los_Angeles,2019,3,31
2019-04-01,97,Moderate,Ozone,20,Los Angeles,California,34.1141,-118.4068,12531334.0,3267.0,America/Los_Angeles,2019,4,1
2019-04-02,51,Moderate,Ozone,19,Los Angeles,California,34.1141,-118.4068,12531334.0,3267.0,America/Los_Angeles,2019,4,2
2019-04-03,40,Good,Ozone,20,Los Angeles,California,34.1141,-118.4068,12531334.0,3267.0,America/Los_Angeles,2019,4,3
2019-04-04,40,Good,Ozone,19,Los Angeles,California,34.1141,-118.4068,12531334.0,3267.0,America/Los_Angeles,2019,4,4
2019-04-05,38,Good,Ozone,19,Los Angeles,California,34.1141,-118.4068,12531334.0,3267.0,America/Los_Angeles,2019,4,5
2019-04-06,51,Moderate,Ozone,21,Los Angeles,California,34.1141,-118.4068,12531334.0,3267.0,America/Los_Angeles,2019,4,6
2019-04-07,101,Unhealthy for Sensitive Groups,Ozone,19,Los Angeles,California,34.1141,-118.4068,12531334.0,3267.0,America/Los_Angeles,2019,4,7
2019-04-08,115,Unhealthy for Sensitive Groups,Ozone,19,Los Angeles,California,34.1141,-118.4068,12531334.0,3267.0,America/Los_Angeles,2019,4,8
2019-04-09,101,Unhealthy for Sensitive Groups,PM10,21,Los Angeles,California,34.1141,-118.4068,12531334.0,3267.0,America/Los_Angeles,2019,4,9
2019-04-10,54,Moderate,Ozone,19,Los Angeles,California,34.1141,-118.4068,12531334.0,3267.0,America/Los_Angeles,2019,4,10
2019-04-11,58,Moderate,Ozone,19,Los Angeles,California,34.1141,-118.4068,12531334.0,3267.0,America/Los_Angeles,2019,4,11
2019-04-12,54,Moderate,PM2.5,21,Los Angeles,California,34.1141,-118.4068,12531334.0,3267.0,America/Los_Angeles,2019,4,12
2019-04-13,71,Moderate,Ozone,19,Los Angeles,California,34.1141,-118.4068,12531334.0,3267.0,America/Los_Angeles,2019,4,13
2019-04-14,90,Moderate,Ozone,19,Los Angeles,California,34.1141,-118.4068,12531334.0,3267.0,America/Los_Angeles,2019,4,14
2019-04-15,64,Moderate,Ozone,21,Los Angeles,California,34.1141,-118.4068,12531334.0,3267.0,America/Los_Angeles,2019,4,15
2019-04-16,46,Good,Ozone,19,Los Angeles,California,34.1141,-118.4068,12531334.0,3267.0,America/Los_Angeles,2019,4,16
2019-04-17,54,Moderate,Ozone,19,Los Angeles,California,34.1141,-118.4068,12531334.0,3267.0,America/Los_Angeles,2019,4,17
2019-04-18,97,Moderate,Ozone,21,Los Angeles,California,34.1141,-118.4068,12531334.0,3267.0,America/Los_Angeles,2019,4,18
2019-04-19,100,Moderate,Ozone,19,Los Angeles,California,34.1141,-118.4068,12531334.0,3267.0,America/Los_Angeles,2019,4,19
2019-04-20,67,Moderate,Ozone,19,Los Angeles,California,34.1141,-118.4068,12531334.0,3267.0,America/Los_Angeles,2019,4,20
2019-04-21,51,Moderate,Ozone,21,Los Angeles,California,34.1141,-118.4068,12531334.0,3267.0,America/Los_Angeles,2019,4,21
2019-04-22,56,Moderate,PM2.5,19,Los Angeles,California,34.1141,-118.4068,12531334.0,3267.0,America/Los_Angeles,2019,4,22
2019-04-23,69,Moderate,PM2.5,19,Los Angeles,California,34.1141,-118.4068,12531334.0,3267.0,America/Los_Angeles,2019,4,23
2019-04-24,93,Moderate,Ozone,20,Los Angeles,California,34.1141,-118.4068,12531334.0,3267.0,America/Los_Angeles,2019,4,24
2019-04-25,97,Moderate,Ozone,19,Los Angeles,California,34.1141,-118.4068,12531334.0,3267.0,America/Los_Angeles,2019,4,25
2019-04-26,87,Moderate,Ozone,19,Los Angeles,California,34.1141,-118.4068,12531334.0,3267.0,America/Los_Angeles,2019,4,26
2019-04-27,73,Moderate,PM2.5,20,Los Angeles,California,34.1141,-118.4068,12531334.0,3267.0,America/Los_Angeles,2019,4,27
2019-04-28,66,Moderate,PM2.5,19,Los Angeles,California,34.1141,-118.4068,12531334.0,3267.0,America/Los_Angeles,2019,4,28
2019-04-29,49,Good,PM2.5,19,Los Angeles,California,34.1141,-118.4068,12531334.0,3267.0,America/Los_Angeles,2019,4,29
2019-04-30,50,Good,NO2,20,Los Angeles,California,34.1141,-118.4068,12531334.0,3267.0,America/Los_Angeles,2019,4,30
2019-05-01,54,Moderate,PM2.5,19,Los Angeles,California,34.1141,-118.4068,12531334.0,3267.0,America/Los_Angeles,2019,5,1
2019-05-02,84,Moderate,Ozone,20,Los Angeles,California,34.1141,-118.4068,12531334.0,3267.0,America/Los_Angeles,2019,5,2
2019-05-03,105,Unhealthy for Sensitive Groups,Ozone,21,Los Angeles,California,34.1141,-118.4068,12531334.0,3267.0,America/Los_Angeles,2019,5,3
2019-05-04,100,Moderate,Ozone,19,Los Angeles,California,34.1141,-118.4068,12531334.0,3267.0,America/Los_Angeles,2019,5,4
2019-05-05,64,Moderate,Ozone,18,Los Angeles,California,34.1141,-118.4068,12531334.0,3267.0,America/Los_Angeles,2019,5,5
2019-05-06,46,Good,PM2.5,20,Los Angeles,California,34.1141,-118.4068,12531334.0,3267.0,America/Los_Angeles,2019,5,6
2019-05-07,39,Good,Ozone,18,Los Angeles,California,34.1141,-118.4068,12531334.0,3267.0,America/Los_Angeles,2019,5,7
2019-05-08,42,Good,Ozone,18,Los Angeles,California,34.1141,-118.4068,12531334.0,3267.0,America/Los_Angeles,2019,5,8
2019-05-09,42,Good,Ozone,20,Los Angeles,California,34.1141,-118.4068,12531334.0,3267.0,America/Los_Angeles,2019,5,9
2019-05-10,40,Good,Ozone,19,Los Angeles,California,34.1141,-118.4068,12531334.0,3267.0,America/Los_Angeles,2019,5,10
2019-05-11,48,Good,Ozone,19,Los Angeles,California,34.1141,-118.4068,12531334.0,3267.0,America/Los_Angeles,2019,5,11
2019-05-12,74,Moderate,Ozone,21,Los Angeles,California,34.1141,-118.4068,12531334.0,3267.0,America/Los_Angeles,2019,5,12
2019-05-13,77,Moderate,Ozone,19,Los Angeles,California,34.1141,-118.4068,12531334.0,3267.0,America/Los_Angeles,2019,5,13
2019-05-14,97,Moderate,Ozone,19,Los Angeles,California,34.1141,-118.4068,12531334.0,3267.0,America/Los_Angeles,2019,5,14
2019-05-15,64,Moderate,PM2.5,21,Los Angeles,California,34.1141,-118.4068,12531334.0,3267.0,America/Los_Angeles,2019,5,15
2019-05-16,48,Good,Ozone,19,Los Angeles,California,34.1141,-118.4068,12531334.0,3267.0,America/Los_Angeles,2019,5,16
2019-05-17,52,Moderate,PM2.5,19,Los Angeles,California,34.1141,-118.4068,12531334.0,3267.0,America/Los_Angeles,2019,5,17
2019-05-18,58,Moderate,Ozone,21,Los Angeles,California,34.1141,-118.4068,12531334.0,3267.0,America/Los_Angeles,2019,5,18
2019-05-19,47,Good,Ozone,19,Los Angeles,California,34.1141,-118.4068,12531334.0,3267.0,America/Los_Angeles,2019,5,19
2019-05-20,49,Good,Ozone,19,Los Angeles,California,34.1141,-118.4068,12531334.0,3267.0,America/Los_Angeles,2019,5,20
2019-05-21,48,Good,PM10,21,Los Angeles,California,34.1141,-118.4068,12531334.0,3267.0,America/Los_Angeles,2019,5,21
2019-05-22,44,Good,Ozone,19,Los Angeles,California,34.1141,-118.4068,12531334.0,3267.0,America/Los_Angeles,2019,5,22
2019-05-23,49,Good,PM2.5,19,Los Angeles,California,34.1141,-118.4068,12531334.0,3267.0,America/Los_Angeles,2019,5,23
2019-05-24,50,Good,PM2.5,21,Los Angeles,California,34.1141,-118.4068,12531334.0,3267.0,America/Los_Angeles,2019,5,24
2019-05-25,58,Moderate,Ozone,19,Los Angeles,California,34.1141,-118.4068,12531334.0,3267.0,America/Los_Angeles,2019,5,25
2019-05-26,47,Good,Ozone,19,Los Angeles,California,34.1141,-118.4068,12531334.0,3267.0,America/Los_Angeles,2019,5,26
2019-05-27,48,Good,Ozone,21,Los Angeles,California,34.1141,-118.4068,12531334.0,3267.0,America/Los_Angeles,2019,5,27
2019-05-28,46,Good,PM2.5,19,Los Angeles,California,34.1141,-118.4068,12531334.0,3267.0,America/Los_Angeles,2019,5,28
2019-05-29,67,Moderate,Ozone,19,Los Angeles,California,34.1141,-118.4068,12531334.0,3267.0,America/Los_Angeles,2019,5,29
2019-05-30,87,Moderate,Ozone,21,Los Angeles,California,34.1141,-118.4068,12531334.0,3267.0,America/Los_Angeles,2019,5,30
2019-05-31,90,Moderate,Ozone,19,Los Angeles,California,34.1141,-118.4068,12531334.0,3267.0,America/Los_Angeles,2019,5,31
2019-06-01,64,Moderate,Ozone,19,Los Angeles,California,34.1141,-118.4068,12531334.0,3267.0,America/Los_Angeles,2019,6,1
2019-06-02,61,Moderate,Ozone,21,Los Angeles,California,34.1141,-118.4068,12531334.0,3267.0,America/Los_Angeles,2019,6,2
2019-06-03,67,Moderate,Ozone,19,Los Angeles,California,34.1141,-118.4068,12531334.0,3267.0,America/Los_Angeles,2019,6,3
2019-06-04,90,Moderate,Ozone,19,Los Angeles,California,34.1141,-118.4068,12531334.0,3267.0,America/Los_Angeles,2019,6,4
2019-06-05,143,Unhealthy for Sensitive Groups,Ozone,20,Los Angeles,California,34.1141,-118.4068,12531334.0,3267.0,America/Los_Angeles,2019,6,5
2019-06-06,129,Unhealthy for Sensitive Groups,Ozone,19,Los Angeles,California,34.1141,-118.4068,12531334.0,3267.0,America/Los_Angeles,2019,6,6
2019-06-07,93,Moderate,Ozone,19,Los Angeles,California,34.1141,-118.4068,12531334.0,3267.0,America/Los_Angeles,2019,6,7
2019-06-08,105,Unhealthy for Sensitive Groups,Ozone,21,Los Angeles,California,34.1141,-118.4068,12531334.0,3267.0,America/Los_Angeles,2019,6,8
2019-06-09,151,Unhealthy,Ozone,19,Los Angeles,California,34.1141,-118.4068,12531334.0,3267.0,America/Los_Angeles,2019,6,9
2019-06-10,126,Unhealthy for Sensitive Groups,Ozone,19,Los Angeles,California,34.1141,-118.4068,12531334.0,3267.0,America/Los_Angeles,2019,6,10
2019-06-11,172,Unhealthy,Ozone,21,Los Angeles,California,34.1141,-118.4068,12531334.0,3267.0,America/Los_Angeles,2019,6,11
2019-06-12,200,Unhealthy,Ozone,19,Los Angeles,California,34.1141,-118.4068,12531334.0,3267.0,America/Los_Angeles,2019,6,12
2019-06-13,71,Moderate,Ozone,19,Los Angeles,California,34.1141,-118.4068,12531334.0,3267.0,America/Los_Angeles,2019,6,13
2019-06-14,64,Moderate,Ozone,21,Los Angeles,California,34.1141,-118.4068,12531334.0,3267.0,America/Los_Angeles,2019,6,14
2019-06-15,100,Moderate,Ozone,19,Los Angeles,California,34.1141,-118.4068,12531334.0,3267.0,America/Los_Angeles,2019,6,15
2019-06-16,87,Moderate,Ozone,19,Los Angeles,California,34.1141,-118.4068,12531334.0,3267.0,America/Los_Angeles,2019,6,16
2019-06-17,71,Moderate,Ozone,21,Los Angeles,California,34.1141,-118.4068,12531334.0,3267.0,America/Los_Angeles,2019,6,17
2019-06-18,74,Moderate,Ozone,19,Los Angeles,California,34.1141,-118.4068,12531334.0,3267.0,America/Los_Angeles,2019,6,18
2019-06-19,105,Unhealthy for Sensitive Groups,Ozone,19,Los Angeles,California,34.1141,-118.4068,12531334.0,3267.0,America/Los_Angeles,2019,6,19
2019-06-20,61,Moderate,Ozone,21,Los Angeles,California,34.1141,-118.4068,12531334.0,3267.0,America/Los_Angeles,2019,6,20
2019-06-21,43,Good,Ozone,19,Los Angeles,California,34.1141,-118.4068,12531334.0,3267.0,America/Los_Angeles,2019,6,21
2019-06-22,51,Moderate,Ozone,19,Los Angeles,California,34.1141,-118.4068,12531334.0,3267.0,America/Los_Angeles,2019,6,22
2019-06-23,97,Moderate,Ozone,21,Los Angeles,California,34.1141,-118.4068,12531334.0,3267.0,America/Los_Angeles,2019,6,23
2019-06-24,90,Moderate,Ozone,19,Los Angeles,California,34.1141,-118.4068,12531334.0,3267.0,America/Los_Angeles,2019,6,24
2019-06-25,87,Moderate,Ozone,19,Los Angeles,California,34.1141,-118.4068,12531334.0,3267.0,America/Los_Angeles,2019,6,25
2019-06-26,71,Moderate,Ozone,20,Los Angeles,California,34.1141,-118.4068,12531334.0,3267.0,America/Los_Angeles,2019,6,26
2019-06-27,105,Unhealthy for Sensitive Groups,Ozone,19,Los Angeles,California,34.1141,-118.4068,12531334.0,3267.0,America/Los_Angeles,2019,6,27
2019-06-28,112,Unhealthy for Sensitive Groups,Ozone,19,Los Angeles,California,34.1141,-118.4068,12531334.0,3267.0,America/Los_Angeles,2019,6,28
2019-06-29,112,Unhealthy for Sensitive Groups,Ozone,21,Los Angeles,California,34.1141,-118.4068,12531334.0,3267.0,America/Los_Angeles,2019,6,29
2019-06-30,122,Unhealthy for Sensitive Groups,Ozone,19,Los Angeles,California,34.1141,-118.4068,12531334.0,3267.0,America/Los_Angeles,2019,6,30
2019-07-01,115,Unhealthy for Sensitive Groups,Ozone,19,Los Angeles,California,34.1141,-118.4068,12531334.0,3267.0,America/Los_Angeles,2019,7,1
2019-07-02,129,Unhealthy for Sensitive Groups,Ozone,21,Los Angeles,California,34.1141,-118.4068,12531334.0,3267.0,America/Los_Angeles,2019,7,2
2019-07-03,108,Unhealthy for Sensitive Groups,Ozone,19,Los Angeles,California,34.1141,-118.4068,12531334.0,3267.0,America/Los_Angeles,2019,7,3
2019-07-04,105,Unhealthy for Sensitive Groups,PM2.5,19,Los Angeles,California,34.1141,-118.4068,12531334.0,3267.0,America/Los_Angeles,2019,7,4
2019-07-05,161,Unhealthy,PM2.5,21,Los Angeles,California,34.1141,-118.4068,12531334.0,3267.0,America/Los_Angeles,2019,7,5
2019-07-06,133,Unhealthy for Sensitive Groups,Ozone,19,Los Angeles,California,34.1141,-118.4068,12531334.0,3267.0,America/Los_Angeles,2019,7,6
2019-07-07,87,Moderate,Ozone,19,Los Angeles,California,34.1141,-118.4068,12531334.0,3267.0,America/Los_Angeles,2019,7,7
2019-07-08,67,Moderate,Ozone,21,Los Angeles,California,34.1141,-118.4068,12531334.0,3267.0,America/Los_Angeles,2019,7,8
2019-07-09,93,Moderate,Ozone,19,Los Angeles,California,34.1141,-118.4068,12531334.0,3267.0,America/Los_Angeles,2019,7,9
2019-07-10,122,Unhealthy for Sensitive Groups,Ozone,19,Los Angeles,California,34.1141,-118.4068,12531334.0,3267.0,America/Los_Angeles,2019,7,10
2019-07-11,136,Unhealthy for Sensitive Groups,Ozone,21,Los Angeles,California,34.1141,-118.4068,12531334.0,3267.0,America/Los_Angeles,2019,7,11
2019-07-12,201,Very Unhealthy,Ozone,19,Los Angeles,California,34.1141,-118.4068,12531334.0,3267.0,America/Los_Angeles,2019,7,12
2019-07-13,179,Unhealthy,Ozone,19,Los Angeles,California,34.1141,-118.4068,12531334.0,3267.0,America/Los_Angeles,2019,7,13
2019-07-14,166,Unhealthy,Ozone,21,Los Angeles,California,34.1141,-118.4068,12531334.0,3267.0,America/Los_Angeles,2019,7,14
2019-07-15,177,Unhealthy,Ozone,19,Los Angeles,California,34.1141,-118.4068,12531334.0,3267.0,America/Los_Angeles,2019,7,15
2019-07-16,140,Unhealthy for Sensitive Groups,Ozone,19,Los Angeles,California,34.1141,-118.4068,12531334.0,3267.0,America/Los_Angeles,2019,7,16
2019-07-17,90,Moderate,Ozone,21,Los Angeles,California,34.1141,-118.4068,12531334.0,3267.0,America/Los_Angeles,2019,7,17
2019-07-18,61,Moderate,Ozone,19,Los Angeles,California,34.1141,-118.4068,12531334.0,3267.0,America/Los_Angeles,2019,7,18
2019-07-19,54,Moderate,PM2.5,19,Los Angeles,California,34.1141,-118.4068,12531334.0,3267.0,America/Los_Angeles,2019,7,19
2019-07-20,97,Moderate,Ozone,21,Los Angeles,California,34.1141,-118.4068,12531334.0,3267.0,America/Los_Angeles,2019,7,20
2019-07-21,101,Unhealthy for Sensitive Groups,Ozone,19,Los Angeles,California,34.1141,-118.4068,12531334.0,3267.0,America/Los_Angeles,2019,7,21
2019-07-22,126,Unhealthy for Sensitive Groups,Ozone,19,Los Angeles,California,34.1141,-118.4068,12531334.0,3267.0,America/Los_Angeles,2019,7,22
2019-07-23,161,Unhealthy,Ozone,20,Los Angeles,California,34.1141,-118.4068,12531334.0,3267.0,America/Los_Angeles,2019,7,23
2019-07-24,126,Unhealthy for Sensitive Groups,Ozone,18,Los Angeles,California,34.1141,-118.4068,12531334.0,3267.0,America/Los_Angeles,2019,7,24
2019-07-25,126,Unhealthy for Sensitive Groups,Ozone,18,Los Angeles,California,34.1141,-118.4068,12531334.0,3267.0,America/Los_Angeles,2019,7,25
2019-07-26,140,Unhealthy for Sensitive Groups,Ozone,21,Los Angeles,California,34.1141,-118.4068,12531334.0,3267.0,America/Los_Angeles,2019,7,26
2019-07-27,179,Unhealthy,Ozone,19,Los Angeles,California,34.1141,-118.4068,12531334.0,3267.0,America/Los_Angeles,2019,7,27
2019-07-28,169,Unhealthy,Ozone,19,Los Angeles,California,34.1141,-118.4068,12531334.0,3267.0,America/Los_Angeles,2019,7,28
2019-07-29,190,Unhealthy,Ozone,21,Los Angeles,California,34.1141,-118.4068,12531334.0,3267.0,America/Los_Angeles,2019,7,29
2019-07-30,174,Unhealthy,Ozone,19,Los Angeles,California,34.1141,-118.4068,12531334.0,3267.0,America/Los_Angeles,2019,7,30
2019-07-31,151,Unhealthy,Ozone,19,Los Angeles,California,34.1141,-118.4068,12531334.0,3267.0,America/Los_Angeles,2019,7,31
2019-08-01,126,Unhealthy for Sensitive Groups,Ozone,20,Los Angeles,California,34.1141,-118.4068,12531334.0,3267.0,America/Los_Angeles,2019,8,1
2019-08-02,166,Unhealthy,Ozone,19,Los Angeles,California,34.1141,-118.4068,12531334.0,3267.0,America/Los_Angeles,2019,8,2
2019-08-03,156,Unhealthy,Ozone,19,Los Angeles,California,34.1141,-118.4068,12531334.0,3267.0,America/Los_Angeles,2019,8,3
2019-08-04,169,Unhealthy,Ozone,21,Los Angeles,California,34.1141,-118.4068,12531334.0,3267.0,America/Los_Angeles,2019,8,4
2019-08-05,154,Unhealthy,Ozone,19,Los Angeles,California,34.1141,-118.4068,12531334.0,3267.0,America/Los_Angeles,2019,8,5
2019-08-06,147,Unhealthy for Sensitive Groups,Ozone,19,Los Angeles,California,34.1141,-118.4068,12531334.0,3267.0,America/Los_Angeles,2019,8,6
2019-08-07,156,Unhealthy,Ozone,21,Los Angeles,California,34.1141,-118.4068,12531334.0,3267.0,America/Los_Angeles,2019,8,7
2019-08-08,122,Unhealthy for Sensitive Groups,Ozone,19,Los Angeles,California,34.1141,-118.4068,12531334.0,3267.0,America/Los_Angeles,2019,8,8
2019-08-09,87,Moderate,Ozone,19,Los Angeles,California,34.1141,-118.4068,12531334.0,3267.0,America/Los_Angeles,2019,8,9
2019-08-10,93,Moderate,Ozone,20,Los Angeles,California,34.1141,-118.4068,12531334.0,3267.0,America/Los_Angeles,2019,8,10
2019-08-11,74,Moderate,Ozone,19,Los Angeles,California,34.1141,-118.4068,12531334.0,3267.0,America/Los_Angeles,2019,8,11
2019-08-12,119,Unhealthy for Sensitive Groups,Ozone,19,Los Angeles,California,34.1141,-118.4068,12531334.0,3267.0,America/Los_Angeles,2019,8,12
2019-08-13,140,Unhealthy for Sensitive Groups,Ozone,21,Los Angeles,California,34.1141,-118.4068,12531334.0,3267.0,America/Los_Angeles,2019,8,13
2019-08-14,174,Unhealthy,Ozone,19,Los Angeles,California,34.1141,-118.4068,12531334.0,3267.0,America/Los_Angeles,2019,8,14
2019-08-15,159,Unhealthy,Ozone,19,Los Angeles,California,34.1141,-118.4068,12531334.0,3267.0,America/Los_Angeles,2019,8,15
2019-08-16,105,Unhealthy for Sensitive Groups,Ozone,21,Los Angeles,California,34.1141,-118.4068,12531334.0,3267.0,America/Los_Angeles,2019,8,16
2019-08-17,90,Moderate,Ozone,19,Los Angeles,California,34.1141,-118.4068,12531334.0,3267.0,America/Los_Angeles,2019,8,17
2019-08-18,67,Moderate,Ozone,19,Los Angeles,California,34.1141,-118.4068,12531334.0,3267.0,America/Los_Angeles,2019,8,18
2019-08-19,80,Moderate,Ozone,21,Los Angeles,California,34.1141,-118.4068,12531334.0,3267.0,America/Los_Angeles,2019,8,19
2019-08-20,133,Unhealthy for Sensitive Groups,Ozone,19,Los Angeles,California,34.1141,-118.4068,12531334.0,3267.0,America/Los_Angeles,2019,8,20
2019-08-21,197,Unhealthy,Ozone,19,Los Angeles,California,34.1141,-118.4068,12531334.0,3267.0,America/Los_Angeles,2019,8,21
2019-08-22,151,Unhealthy,Ozone,21,Los Angeles,California,34.1141,-118.4068,12531334.0,3267.0,America/Los_Angeles,2019,8,22
2019-08-23,119,Unhealthy for Sensitive Groups,Ozone,19,Los Angeles,California,34.1141,-118.4068,12531334.0,3267.0,America/Los_Angeles,2019,8,23
2019-08-24,129,Unhealthy for Sensitive Groups,Ozone,19,Los Angeles,California,34.1141,-118.4068,12531334.0,3267.0,America/Los_Angeles,2019,8,24
2019-08-25,101,Unhealthy for Sensitive Groups,Ozone,21,Los Angeles,California,34.1141,-118.4068,12531334.0,3267.0,America/Los_Angeles,2019,8,25
2019-08-26,156,Unhealthy,Ozone,19,Los Angeles,California,34.1141,-118.4068,12531334.0,3267.0,America/Los_Angeles,2019,8,26
2019-08-27,122,Unhealthy for Sensitive Groups,Ozone,19,Los Angeles,California,34.1141,-118.4068,12531334.0,3267.0,America/Los_Angeles,2019,8,27
2019-08-28,90,Moderate,Ozone,21,Los Angeles,California,34.1141,-118.4068,12531334.0,3267.0,America/Los_Angeles,2019,8,28
2019-08-29,105,Unhealthy for Sensitive Groups,Ozone,19,Los Angeles,California,34.1141,-118.4068,12531334.0,3267.0,America/Los_Angeles,2019,8,29
2019-08-30,112,Unhealthy for Sensitive Groups,Ozone,19,Los Angeles,California,34.1141,-118.4068,12531334.0,3267.0,America/Los_Angeles,2019,8,30
2019-08-31,140,Unhealthy for Sensitive Groups,Ozone,21,Los Angeles,California,34.1141,-118.4068,12531334.0,3267.0,America/Los_Angeles,2019,8,31
2019-09-01,190,Unhealthy,Ozone,19,Los Angeles,California,34.1141,-118.4068,12531334.0,3267.0,America/Los_Angeles,2019,9,1
2019-09-02,97,Moderate,Ozone,19,Los Angeles,California,34.1141,-118.4068,12531334.0,3267.0,America/Los_Angeles,2019,9,2
2019-09-03,77,Moderate,Ozone,21,Los Angeles,California,34.1141,-118.4068,12531334.0,3267.0,America/Los_Angeles,2019,9,3
2019-09-04,108,Unhealthy for Sensitive Groups,Ozone,19,Los Angeles,California,34.1141,-118.4068,12531334.0,3267.0,America/Los_Angeles,2019,9,4
2019-09-05,87,Moderate,Ozone,19,Los Angeles,California,34.1141,-118.4068,12531334.0,3267.0,America/Los_Angeles,2019,9,5
2019-09-06,67,Moderate,Ozone,21,Los Angeles,California,34.1141,-118.4068,12531334.0,3267.0,America/Los_Angeles,2019,9,6
2019-09-07,105,Unhealthy for Sensitive Groups,Ozone,19,Los Angeles,California,34.1141,-118.4068,12531334.0,3267.0,America/Los_Angeles,2019,9,7
2019-09-08,67,Moderate,Ozone,19,Los Angeles,California,34.1141,-118.4068,12531334.0,3267.0,America/Los_Angeles,2019,9,8
2019-09-09,97,Moderate,Ozone,21,Los Angeles,California,34.1141,-118.4068,12531334.0,3267.0,America/Los_Angeles,2019,9,9
2019-09-10,53,Moderate,PM2.5,19,Los Angeles,California,34.1141,-118.4068,12531334.0,3267.0,America/Los_Angeles,2019,9,10
2019-09-11,105,Unhealthy for Sensitive Groups,Ozone,19,Los Angeles,California,34.1141,-118.4068,12531334.0,3267.0,America/Los_Angeles,2019,9,11
2019-09-12,115,Unhealthy for Sensitive Groups,Ozone,21,Los Angeles,California,34.1141,-118.4068,12531334.0,3267.0,America/Los_Angeles,2019,9,12
2019-09-13,147,Unhealthy for Sensitive Groups,Ozone,19,Los Angeles,California,34.1141,-118.4068,12531334.0,3267.0,America/Los_Angeles,2019,9,13
2019-09-14,185,Unhealthy,Ozone,18,Los Angeles,California,34.1141,-118.4068,12531334.0,3267.0,America/Los_Angeles,2019,9,14
2019-09-15,133,Unhealthy for Sensitive Groups,Ozone,20,Los Angeles,California,34.1141,-118.4068,12531334.0,3267.0,America/Los_Angeles,2019,9,15
2019-09-16,61,Moderate,PM2.5,18,Los Angeles,California,34.1141,-118.4068,12531334.0,3267.0,America/Los_Angeles,2019,9,16
2019-09-17,80,Moderate,Ozone,19,Los Angeles,California,34.1141,-118.4068,12531334.0,3267.0,America/Los_Angeles,2019,9,17
2019-09-18,80,Moderate,Ozone,21,Los Angeles,California,34.1141,-118.4068,12531334.0,3267.0,America/Los_Angeles,2019,9,18
2019-09-19,46,Good,PM2.5,19,Los Angeles,California,34.1141,-118.4068,12531334.0,3267.0,America/Los_Angeles,2019,9,19
2019-09-20,54,Moderate,Ozone,19,Los Angeles,California,34.1141,-118.4068,12531334.0,3267.0,America/Los_Angeles,2019,9,20
2019-09-21,126,Unhealthy for Sensitive Groups,Ozone,21,Los Angeles,California,34.1141,-118.4068,12531334.0,3267.0,America/Los_Angeles,2019,9,21
2019-09-22,100,Moderate,Ozone,19,Los Angeles,California,34.1141,-118.4068,12531334.0,3267.0,America/Los_Angeles,2019,9,22
2019-09-23,77,Moderate,Ozone,19,Los Angeles,California,34.1141,-118.4068,12531334.0,3267.0,America/Los_Angeles,2019,9,23
2019-09-24,108,Unhealthy for Sensitive Groups,Ozone,21,Los Angeles,California,34.1141,-118.4068,12531334.0,3267.0,America/Los_Angeles,2019,9,24
2019-09-25,129,Unhealthy for Sensitive Groups,Ozone,19,Los Angeles,California,34.1141,-118.4068,12531334.0,3267.0,America/Los_Angeles,2019,9,25
2019-09-26,54,Moderate,PM2.5,19,Los Angeles,California,34.1141,-118.4068,12531334.0,3267.0,America/Los_Angeles,2019,9,26
2019-09-27,42,Good,PM2.5,21,Los Angeles,California,34.1141,-118.4068,12531334.0,3267.0,America/Los_Angeles,2019,9,27
2019-09-28,33,Good,Ozone,19,Los Angeles,California,34.1141,-118.4068,12531334.0,3267.0,America/Los_Angeles,2019,9,28
2019-09-29,46,Good,Ozone,19,Los Angeles,California,34.1141,-118.4068,12531334.0,3267.0,America/Los_Angeles,2019,9,29
2019-09-30,48,Good,Ozone,20,Los Angeles,California,34.1141,-118.4068,12531334.0,3267.0,America/Los_Angeles,2019,9,30
2019-10-01,52,Moderate,NO2,19,Los Angeles,California,34.1141,-118.4068,12531334.0,3267.0,America/Los_Angeles,2019,10,1
2019-10-02,90,Moderate,Ozone,20,Los Angeles,California,34.1141,-118.4068,12531334.0,3267.0,America/Los_Angeles,2019,10,2
2019-10-03,105,Unhealthy for Sensitive Groups,Ozone,20,Los Angeles,California,34.1141,-118.4068,12531334.0,3267.0,America/Los_Angeles,2019,10,3
2019-10-04,100,Moderate,Ozone,19,Los Angeles,California,34.1141,-118.4068,12531334.0,3267.0,America/Los_Angeles,2019,10,4
2019-10-05,164,Unhealthy,Ozone,19,Los Angeles,California,34.1141,-118.4068,12531334.0,3267.0,America/Los_Angeles,2019,10,5
2019-10-06,192,Unhealthy,Ozone,21,Los Angeles,California,34.1141,-118.4068,12531334.0,3267.0,America/Los_Angeles,2019,10,6
2019-10-07,143,Unhealthy for Sensitive Groups,Ozone,19,Los Angeles,California,34.1141,-118.4068,12531334.0,3267.0,America/Los_Angeles,2019,10,7
2019-10-08,87,Moderate,Ozone,19,Los Angeles,California,34.1141,-118.4068,12531334.0,3267.0,America/Los_Angeles,2019,10,8
2019-10-09,74,Moderate,Ozone,21,Los Angeles,California,34.1141,-118.4068,12531334.0,3267.0,America/Los_Angeles,2019,10,9
2019-10-10,69,Moderate,PM10,19,Los Angeles,California,34.1141,-118.4068,12531334.0,3267.0,America/Los_Angeles,2019,10,10
2019-10-11,185,Unhealthy,PM2.5,19,Los Angeles,California,34.1141,-118.4068,12531334.0,3267.0,America/Los_Angeles,2019,10,11
2019-10-12,101,Unhealthy for Sensitive Groups,Ozone,21,Los Angeles,California,34.1141,-118.4068,12531334.0,3267.0,America/Los_Angeles,2019,10,12
2019-10-13,115,Unhealthy for Sensitive Groups,Ozone,19,Los Angeles,California,34.1141,-118.4068,12531334.0,3267.0,America/Los_Angeles,2019,10,13
2019-10-14,87,Moderate,Ozone,19,Los Angeles,California,34.1141,-118.4068,12531334.0,3267.0,America/Los_Angeles,2019,10,14
2019-10-15,80,Moderate,Ozone,21,Los Angeles,California,34.1141,-118.4068,12531334.0,3267.0,America/Los_Angeles,2019,10,15
2019-10-16,89,Moderate,NO2,19,Los Angeles,California,34.1141,-118.4068,12531334.0,3267.0,America/Los_Angeles,2019,10,16
2019-10-17,80,Moderate,PM10,19,Los Angeles,California,34.1141,-118.4068,12531334.0,3267.0,America/Los_Angeles,2019,10,17
2019-10-18,52,Moderate,PM2.5,21,Los Angeles,California,34.1141,-118.4068,12531334.0,3267.0,America/Los_Angeles,2019,10,18
2019-10-19,67,Moderate,Ozone,19,Los Angeles,California,34.1141,-118.4068,12531334.0,3267.0,America/Los_Angeles,2019,10,19
2019-10-20,100,Moderate,Ozone,19,Los Angeles,California,34.1141,-118.4068,12531334.0,3267.0,America/Los_Angeles,2019,10,20
2019-10-21,71,Moderate,Ozone,21,Los Angeles,California,34.1141,-118.4068,12531334.0,3267.0,America/Los_Angeles,2019,10,21
2019-10-22,87,Moderate,Ozone,19,Los Angeles,California,34.1141,-118.4068,12531334.0,3267.0,America/Los_Angeles,2019,10,22
2019-10-23,97,Moderate,Ozone,19,Los Angeles,California,34.1141,-118.4068,12531334.0,3267.0,America/Los_Angeles,2019,10,23
2019-10-24,96,Moderate,NO2,20,Los Angeles,California,34.1141,-118.4068,12531334.0,3267.0,America/Los_Angeles,2019,10,24
2019-10-25,87,Moderate,NO2,19,Los Angeles,California,34.1141,-118.4068,12531334.0,3267.0,America/Los_Angeles,2019,10,25
2019-10-26,84,Moderate,Ozone,19,Los Angeles,California,34.1141,-118.4068,12531334.0,3267.0,America/Los_Angeles,2019,10,26
2019-10-27,64,Moderate,PM10,21,Los Angeles,California,34.1141,-118.4068,12531334.0,3267.0,America/Los_Angeles,2019,10,27
2019-10-28,76,Moderate,PM10,19,Los Angeles,California,34.1141,-118.4068,12531334.0,3267.0,America/Los_Angeles,2019,10,28
2019-10-29,59,Moderate,PM2.5,19,Los Angeles,California,34.1141,-118.4068,12531334.0,3267.0,America/Los_Angeles,2019,10,29
2019-10-30,87,Moderate,PM10,20,Los Angeles,California,34.1141,-118.4068,12531334.0,3267.0,America/Los_Angeles,2019,10,30
2019-10-31,65,Moderate,NO2,19,Los Angeles,California,34.1141,-118.4068,12531334.0,3267.0,America/Los_Angeles,2019,10,31
2019-11-01,62,Moderate,NO2,19,Los Angeles,California,34.1141,-118.4068,12531334.0,3267.0,America/Los_Angeles,2019,11,1
2019-11-02,92,Moderate,PM2.5,20,Los Angeles,California,34.1141,-118.4068,12531334.0,3267.0,America/Los_Angeles,2019,11,2
2019-11-03,97,Moderate,Ozone,19,Los Angeles,California,34.1141,-118.4068,12531334.0,3267.0,America/Los_Angeles,2019,11,3
2019-11-04,97,Moderate,NO2,19,Los Angeles,California,34.1141,-118.4068,12531334.0,3267.0,America/Los_Angeles,2019,11,4
2019-11-05,74,Moderate,Ozone,20,Los Angeles,California,34.1141,-118.4068,12531334.0,3267.0,America/Los_Angeles,2019,11,5
2019-11-06,81,Moderate,PM2.5,19,Los Angeles,California,34.1141,-118.4068,12531334.0,3267.0,America/Los_Angeles,2019,11,6
2019-11-07,121,Unhealthy for Sensitive Groups,PM2.5,19,Los Angeles,California,34.1141,-118.4068,12531334.0,3267.0,America/Los_Angeles,2019,11,7
2019-11-08,82,Moderate,NO2,21,Los Angeles,California,34.1141,-118.4068,12531334.0,3267.0,America/Los_Angeles,2019,11,8
2019-11-09,66,Moderate,PM2.5,19,Los Angeles,California,34.1141,-118.4068,12531334.0,3267.0,America/Los_Angeles,2019,11,9
2019-11-10,73,Moderate,PM2.5,19,Los Angeles,California,34.1141,-118.4068,12531334.0,3267.0,America/Los_Angeles,2019,11,10
2019-11-11,94,Moderate,PM2.5,21,Los Angeles,California,34.1141,-118.4068,12531334.0,3267.0,America/Los_Angeles,2019,11,11
2019-11-12,102,Unhealthy for Sensitive Groups,PM2.5,19,Los Angeles,California,34.1141,-118.4068,12531334.0,3267.0,America/Los_Angeles,2019,11,12
2019-11-13,101,Unhealthy for Sensitive Groups,PM2.5,19,Los Angeles,California,34.1141,-118.4068,12531334.0,3267.0,America/Los_Angeles,2019,11,13
2019-11-14,88,Moderate,PM2.5,21,Los Angeles,California,34.1141,-118.4068,12531334.0,3267.0,America/Los_Angeles,2019,11,14
2019-11-15,76,Moderate,PM2.5,19,Los Angeles,California,34.1141,-118.4068,12531334.0,3267.0,America/Los_Angeles,2019,11,15
2019-11-16,77,Moderate,PM2.5,19,Los Angeles,California,34.1141,-118.4068,12531334.0,3267.0,America/Los_Angeles,2019,11,16
2019-11-17,68,Moderate,PM2.5,21,Los Angeles,California,34.1141,-118.4068,12531334.0,3267.0,America/Los_Angeles,2019,11,17
2019-11-18,67,Moderate,NO2,19,Los Angeles,California,34.1141,-118.4068,12531334.0,3267.0,America/Los_Angeles,2019,11,18
2019-11-19,74,Moderate,NO2,19,Los Angeles,California,34.1141,-118.4068,12531334.0,3267.0,America/Los_Angeles,2019,11,19
2019-11-20,41,Good,Ozone,21,Los Angeles,California,34.1141,-118.4068,12531334.0,3267.0,America/Los_Angeles,2019,11,20
2019-11-21,47,Good,PM2.5,19,Los Angeles,California,34.1141,-118.4068,12531334.0,3267.0,America/Los_Angeles,2019,11,21
2019-11-22,56,Moderate,PM2.5,19,Los Angeles,California,34.1141,-118.4068,12531334.0,3267.0,America/Los_Angeles,2019,11,22
2019-11-23,76,Moderate,PM2.5,21,Los Angeles,California,34.1141,-118.4068,12531334.0,3267.0,America/Los_Angeles,2019,11,23
2019-11-24,109,Unhealthy for Sensitive Groups,PM2.5,19,Los Angeles,California,34.1141,-118.4068,12531334.0,3267.0,America/Los_Angeles,2019,11,24
2019-11-25,103,Unhealthy for Sensitive Groups,PM10,19,Los Angeles,California,34.1141,-118.4068,12531334.0,3267.0,America/Los_Angeles,2019,11,25
2019-11-26,106,Unhealthy for Sensitive Groups,PM10,21,Los Angeles,California,34.1141,-118.4068,12531334.0,3267.0,America/Los_Angeles,2019,11,26
2019-11-27,65,Moderate,PM2.5,19,Los Angeles,California,34.1141,-118.4068,12531334.0,3267.0,America/Los_Angeles,2019,11,27
2019-11-28,52,Moderate,PM2.5,19,Los Angeles,California,34.1141,-118.4068,12531334.0,3267.0,America/Los_Angeles,2019,11,28
2019-11-29,66,Moderate,PM2.5,21,Los Angeles,California,34.1141,-118.4068,12531334.0,3267.0,America/Los_Angeles,2019,11,29
2019-11-30,76,Moderate,PM2.5,19,Los Angeles,California,34.1141,-118.4068,12531334.0,3267.0,America/Los_Angeles,2019,11,30
2019-12-01,60,Moderate,PM2.5,19,Los Angeles,California,34.1141,-118.4068,12531334.0,3267.0,America/Los_Angeles,2019,12,1
2019-12-02,67,Moderate,PM2.5,21,Los Angeles,California,34.1141,-118.4068,12531334.0,3267.0,America/Los_Angeles,2019,12,2
2019-12-03,88,Moderate,PM2.5,19,Los Angeles,California,34.1141,-118.4068,12531334.0,3267.0,America/Los_Angeles,2019,12,3
2019-12-04,57,Moderate,PM2.5,19,Los Angeles,California,34.1141,-118.4068,12531334.0,3267.0,America/Los_Angeles,2019,12,4
2019-12-05,56,Moderate,PM2.5,20,Los Angeles,California,34.1141,-118.4068,12531334.0,3267.0,America/Los_Angeles,2019,12,5
2019-12-06,64,Moderate,PM2.5,19,Los Angeles,California,34.1141,-118.4068,12531334.0,3267.0,America/Los_Angeles,2019,12,6
2019-12-07,52,Moderate,PM2.5,19,Los Angeles,California,34.1141,-118.4068,12531334.0,3267.0,America/Los_Angeles,2019,12,7
2019-12-08,52,Moderate,PM2.5,21,Los Angeles,California,34.1141,-118.4068,12531334.0,3267.0,America/Los_Angeles,2019,12,8
2019-12-09,125,Unhealthy for Sensitive Groups,PM2.5,19,Los Angeles,California,34.1141,-118.4068,12531334.0,3267.0,America/Los_Angeles,2019,12,9
2019-12-10,61,Moderate,PM2.5,19,Los Angeles,California,34.1141,-118.4068,12531334.0,3267.0,America/Los_Angeles,2019,12,10
2019-12-11,70,Moderate,PM2.5,21,Los Angeles,California,34.1141,-118.4068,12531334.0,3267.0,America/Los_Angeles,2019,12,11
2019-12-12,81,Moderate,PM2.5,19,Los Angeles,California,34.1141,-118.4068,12531334.0,3267.0,America/Los_Angeles,2019,12,12
2019-12-13,96,Moderate,PM2.5,19,Los Angeles,California,34.1141,-118.4068,12531334.0,3267.0,America/Los_Angeles,2019,12,13
2019-12-14,88,Moderate,PM2.5,20,Los Angeles,California,34.1141,-118.4068,12531334.0,3267.0,America/Los_Angeles,2019,12,14
2019-12-15,42,Good,PM2.5,18,Los Angeles,California,34.1141,-118.4068,12531334.0,3267.0,America/Los_Angeles,2019,12,15
2019-12-16,48,Good,NO2,18,Los Angeles,California,34.1141,-118.4068,12531334.0,3267.0,America/Los_Angeles,2019,12,16
2019-12-17,54,Moderate,NO2,21,Los Angeles,California,34.1141,-118.4068,12531334.0,3267.0,America/Los_Angeles,2019,12,17
2019-12-18,62,Moderate,NO2,18,Los Angeles,California,34.1141,-118.4068,12531334.0,3267.0,America/Los_Angeles,2019,12,18
2019-12-19,76,Moderate,PM2.5,18,Los Angeles,California,34.1141,-118.4068,12531334.0,3267.0,America/Los_Angeles,2019,12,19
2019-12-20,62,Moderate,PM2.5,20,Los Angeles,California,34.1141,-118.4068,12531334.0,3267.0,America/Los_Angeles,2019,12,20
2019-12-21,73,Moderate,PM2.5,18,Los Angeles,California,34.1141,-118.4068,12531334.0,3267.0,America/Los_Angeles,2019,12,21
2019-12-22,59,Moderate,PM2.5,18,Los Angeles,California,34.1141,-118.4068,12531334.0,3267.0,America/Los_Angeles,2019,12,22
2019-12-23,36,Good,NO2,21,Los Angeles,California,34.1141,-118.4068,12531334.0,3267.0,America/Los_Angeles,2019,12,23
2019-12-24,59,Moderate,PM2.5,18,Los Angeles,California,34.1141,-118.4068,12531334.0,3267.0,America/Los_Angeles,2019,12,24
2019-12-25,61,Moderate,PM2.5,18,Los Angeles,California,34.1141,-118.4068,12531334.0,3267.0,America/Los_Angeles,2019,12,25
2019-12-26,43,Good,NO2,20,Los Angeles,California,34.1141,-118.4068,12531334.0,3267.0,America/Los_Angeles,2019,12,26
2019-12-27,69,Moderate,PM2.5,18,Los Angeles,California,34.1141,-118.4068,12531334.0,3267.0,America/Los_Angeles,2019,12,27
2019-12-28,65,Moderate,PM2.5,18,Los Angeles,California,34.1141,-118.4068,12531334.0,3267.0,America/Los_Angeles,2019,12,28
2019-12-29,82,Moderate,PM2.5,20,Los Angeles,California,34.1141,-118.4068,12531334.0,3267.0,America/Los_Angeles,2019,12,29
2019-12-30,59,Moderate,PM2.5,18,Los Angeles,California,34.1141,-118.4068,12531334.0,3267.0,America/Los_Angeles,2019,12,30
2019-12-31,78,Moderate,PM2.5,18,Los Angeles,California,34.1141,-118.4068,12531334.0,3267.0,America/Los_Angeles,2019,12,31
2020-01-01,102,Unhealthy for Sensitive Groups,PM2.5,21,Los Angeles,California,34.1141,-118.4068,12531334.0,3267.0,America/Los_Angeles,2020,1,1
2020-01-02,72,Moderate,PM2.5,20,Los Angeles,California,34.1141,-118.4068,12531334.0,3267.0,America/Los_Angeles,2020,1,2
2020-01-03,87,Moderate,PM2.5,19,Los Angeles,California,34.1141,-118.4068,12531334.0,3267.0,America/Los_Angeles,2020,1,3
2020-01-04,104,Unhealthy for Sensitive Groups,PM2.5,21,Los Angeles,California,34.1141,-118.4068,12531334.0,3267.0,America/Los_Angeles,2020,1,4
2020-01-05,103,Unhealthy for Sensitive Groups,PM2.5,19,Los Angeles,California,34.1141,-118.4068,12531334.0,3267.0,America/Los_Angeles,2020,1,5
2020-01-06,72,Moderate,PM2.5,19,Los Angeles,California,34.1141,-118.4068,12531334.0,3267.0,America/Los_Angeles,2020,1,6
2020-01-07,49,Good,NO2,20,Los Angeles,California,34.1141,-118.4068,12531334.0,3267.0,America/Los_Angeles,2020,1,7
2020-01-08,59,Moderate,PM2.5,20,Los Angeles,California,34.1141,-118.4068,12531334.0,3267.0,America/Los_Angeles,2020,1,8
2020-01-09,49,Good,NO2,20,Los Angeles,California,34.1141,-118.4068,12531334.0,3267.0,America/Los_Angeles,2020,1,9
2020-01-10,66,Moderate,PM2.5,23,Los Angeles,California,34.1141,-118.4068,12531334.0,3267.0,America/Los_Angeles,2020,1,10
2020-01-11,80,Moderate,PM2.5,20,Los Angeles,California,34.1141,-118.4068,12531334.0,3267.0,America/Los_Angeles,2020,1,11
2020-01-12,76,Moderate,PM2.5,20,Los Angeles,California,34.1141,-118.4068,12531334.0,3267.0,America/Los_Angeles,2020,1,12
2020-01-13,80,Moderate,PM2.5,22,Los Angeles,California,34.1141,-118.4068,12531334.0,3267.0,America/Los_Angeles,2020,1,13
2020-01-14,85,Moderate,PM2.5,20,Los Angeles,California,34.1141,-118.4068,12531334.0,3267.0,America/Los_Angeles,2020,1,14
2020-01-15,124,Unhealthy for Sensitive Groups,PM2.5,20,Los Angeles,California,34.1141,-118.4068,12531334.0,3267.0,America/Los_Angeles,2020,1,15
2020-01-16,91,Moderate,PM2.5,23,Los Angeles,California,34.1141,-118.4068,12531334.0,3267.0,America/Los_Angeles,2020,1,16
2020-01-17,40,Good,NO2,20,Los Angeles,California,34.1141,-118.4068,12531334.0,3267.0,America/Los_Angeles,2020,1,17
2020-01-18,62,Moderate,PM2.5,20,Los Angeles,California,34.1141,-118.4068,12531334.0,3267.0,America/Los_Angeles,2020,1,18
2020-01-19,58,Moderate,PM2.5,22,Los Angeles,California,34.1141,-118.4068,12531334.0,3267.0,America/Los_Angeles,2020,1,19
2020-01-20,69,Moderate,PM2.5,20,Los Angeles,California,34.1141,-118.4068,12531334.0,3267.0,America/Los_Angeles,2020,1,20
2020-01-21,48,Good,PM2.5,20,Los Angeles,California,34.1141,-118.4068,12531334.0,3267.0,America/Los_Angeles,2020,1,21
2020-01-22,59,Moderate,PM2.5,23,Los Angeles,California,34.1141,-118.4068,12531334.0,3267.0,America/Los_Angeles,2020,1,22
2020-01-23,59,Moderate,PM2.5,20,Los Angeles,California,34.1141,-118.4068,12531334.0,3267.0,America/Los_Angeles,2020,1,23
2020-01-24,68,Moderate,PM2.5,20,Los Angeles,California,34.1141,-118.4068,12531334.0,3267.0,America/Los_Angeles,2020,1,24
2020-01-25,99,Moderate,PM2.5,22,Los Angeles,California,34.1141,-118.4068,12531334.0,3267.0,America/Los_Angeles,2020,1,25
2020-01-26,130,Unhealthy for Sensitive Groups,PM2.5,20,Los Angeles,California,34.1141,-118.4068,12531334.0,3267.0,America/Los_Angeles,2020,1,26
2020-01-27,81,Moderate,PM2.5,20,Los Angeles,California,34.1141,-118.4068,12531334.0,3267.0,America/Los_Angeles,2020,1,27
2020-01-28,58,Moderate,NO2,23,Los Angeles,California,34.1141,-118.4068,12531334.0,3267.0,America/Los_Angeles,2020,1,28
2020-01-29,54,Moderate,NO2,20,Los Angeles,California,34.1141,-118.4068,12531334.0,3267.0,America/Los_Angeles,2020,1,29
2020-01-30,59,Moderate,PM2.5,20,Los Angeles,California,34.1141,-118.4068,12531334.0,3267.0,America/Los_Angeles,2020,1,30
2020-01-31,67,Moderate,PM2.5,22,Los Angeles,California,34.1141,-118.4068,12531334.0,3267.0,America/Los_Angeles,2020,1,31
2020-02-01,59,Moderate,PM2.5,20,Los Angeles,California,34.1141,-118.4068,12531334.0,3267.0,America/Los_Angeles,2020,2,1
2020-02-02,69,Moderate,PM2.5,20,Los Angeles,California,34.1141,-118.4068,12531334.0,3267.0,America/Los_Angeles,2020,2,2
2020-02-03,54,Moderate,PM10,23,Los Angeles,California,34.1141,-118.4068,12531334.0,3267.0,America/Los_Angeles,2020,2,3
2020-02-04,49,Good,NO2,20,Los Angeles,California,34.1141,-118.4068,12531334.0,3267.0,America/Los_Angeles,2020,2,4
2020-02-05,51,Moderate,PM2.5,20,Los Angeles,California,34.1141,-118.4068,12531334.0,3267.0,America/Los_Angeles,2020,2,5
2020-02-06,62,Moderate,PM2.5,22,Los Angeles,California,34.1141,-118.4068,12531334.0,3267.0,America/Los_Angeles,2020,2,6
2020-02-07,76,Moderate,PM2.5,20,Los Angeles,California,34.1141,-118.4068,12531334.0,3267.0,America/Los_Angeles,2020,2,7
2020-02-08,83,Moderate,PM2.5,20,Los Angeles,California,34.1141,-118.4068,12531334.0,3267.0,America/Los_Angeles,2020,2,8
2020-02-09,55,Moderate,PM2.5,23,Los Angeles,California,34.1141,-118.4068,12531334.0,3267.0,America/Los_Angeles,2020,2,9
2020-02-10,44,Good,NO2,20,Los Angeles,California,34.1141,-118.4068,12531334.0,3267.0,America/Los_Angeles,2020,2,10
2020-02-11,45,Good,Ozone,20,Los Angeles,California,34.1141,-118.4068,12531334.0,3267.0,America/Los_Angeles,2020,2,11
2020-02-12,52,Moderate,PM2.5,21,Los Angeles,California,34.1141,-118.4068,12531334.0,3267.0,America/Los_Angeles,2020,2,12
2020-02-13,62,Moderate,PM2.5,20,Los Angeles,California,34.1141,-118.4068,12531334.0,3267.0,America/Los_Angeles,2020,2,13
2020-02-14,66,Moderate,PM2.5,20,Los Angeles,California,34.1141,-118.4068,12531334.0,3267.0,America/Los_Angeles,2020,2,14
2020-02-15,74,Moderate,PM2.5,23,Los Angeles,California,34.1141,-118.4068,12531334.0,3267.0,America/Los_Angeles,2020,2,15
2020-02-16,77,Moderate,Ozone,20,Los Angeles,California,34.1141,-118.4068,12531334.0,3267.0,America/Los_Angeles,2020,2,16
2020-02-17,72,Moderate,PM2.5,20,Los Angeles,California,34.1141,-118.4068,12531334.0,3267.0,America/Los_Angeles,2020,2,17
2020-02-18,75,Moderate,PM2.5,22,Los Angeles,California,34.1141,-118.4068,12531334.0,3267.0,America/Los_Angeles,2020,2,18
2020-02-19,83,Moderate,PM2.5,20,Los Angeles,California,34.1141,-118.4068,12531334.0,3267.0,America/Los_Angeles,2020,2,19
2020-02-20,78,Moderate,PM2.5,20,Los Angeles,California,34.1141,-118.4068,12531334.0,3267.0,America/Los_Angeles,2020,2,20
2020-02-21,70,Moderate,PM2.5,23,Los Angeles,California,34.1141,-118.4068,12531334.0,3267.0,America/Los_Angeles,2020,2,21
2020-02-22,41,Good,Ozone,20,Los Angeles,California,34.1141,-118.4068,12531334.0,3267.0,America/Los_Angeles,2020,2,22
2020-02-23,54,Moderate,PM2.5,20,Los Angeles,California,34.1141,-118.4068,12531334.0,3267.0,America/Los_Angeles,2020,2,23
2020-02-24,62,Moderate,PM2.5,22,Los Angeles,California,34.1141,-118.4068,12531334.0,3267.0,America/Los_Angeles,2020,2,24
2020-02-25,66,Moderate,NO2,20,Los Angeles,California,34.1141,-118.4068,12531334.0,3267.0,America/Los_Angeles,2020,2,25
2020-02-26,52,Moderate,NO2,20,Los Angeles,California,34.1141,-118.4068,12531334.0,3267.0,America/Los_Angeles,2020,2,26
2020-02-27,57,Moderate,PM2.5,23,Los Angeles,California,34.1141,-118.4068,12531334.0,3267.0,America/Los_Angeles,2020,2,27
2020-02-28,74,Moderate,NO2,20,Los Angeles,California,34.1141,-118.4068,12531334.0,3267.0,America/Los_Angeles,2020,2,28
2020-02-29,50,Good,Ozone,20,Los Angeles,California,34.1141,-118.4068,12531334.0,3267.0,America/Los_Angeles,2020,2,29
2020-03-01,46,Good,Ozone,22,Los Angeles,California,34.1141,-118.4068,12531334.0,3267.0,America/Los_Angeles,2020,3,1
2020-03-02,44,Good,Ozone,20,Los Angeles,California,34.1141,-118.4068,12531334.0,3267.0,America/Los_Angeles,2020,3,2
2020-03-03,44,Good,Ozone,20,Los Angeles,California,34.1141,-118.4068,12531334.0,3267.0,America/Los_Angeles,2020,3,3
2020-03-04,59,Moderate,PM2.5,22,Los Angeles,California,34.1141,-118.4068,12531334.0,3267.0,America/Los_Angeles,2020,3,4
2020-03-05,72,Moderate,PM2.5,20,Los Angeles,California,34.1141,-118.4068,12531334.0,3267.0,America/Los_Angeles,2020,3,5
2020-03-06,67,Moderate,PM2.5,20,Los Angeles,California,34.1141,-118.4068,12531334.0,3267.0,America/Los_Angeles,2020,3,6
2020-03-07,41,Good,Ozone,22,Los Angeles,California,34.1141,-118.4068,12531334.0,3267.0,America/Los_Angeles,2020,3,7
2020-03-08,42,Good,Ozone,20,Los Angeles,California,34.1141,-118.4068,12531334.0,3267.0,America/Los_Angeles,2020,3,8
2020-03-09,45,Good,NO2,20,Los Angeles,California,34.1141,-118.4068,12531334.0,3267.0,America/Los_Angeles,2020,3,9
2020-03-10,28,Good,Ozone,23,Los Angeles,California,34.1141,-118.4068,12531334.0,3267.0,America/Los_Angeles,2020,3,10
2020-03-11,41,Good,Ozone,20,Los Angeles,California,34.1141,-118.4068,12531334.0,3267.0,America/Los_Angeles,2020,3,11
2020-03-12,43,Good,PM2.5,19,Los Angeles,California,34.1141,-118.4068,12531334.0,3267.0,America/Los_Angeles,2020,3,12
2020-03-13,41,Good,NO2,22,Los Angeles,California,34.1141,-118.4068,12531334.0,3267.0,America/Los_Angeles,2020,3,13
2020-03-14,41,Good,Ozone,20,Los Angeles,California,34.1141,-118.4068,12531334.0,3267.0,America/Los_Angeles,2020,3,14
2020-03-15,43,Good,Ozone,20,Los Angeles,California,34.1141,-118.4068,12531334.0,3267.0,America/Los_Angeles,2020,3,15
2020-03-16,39,Good,NO2,23,Los Angeles,California,34.1141,-118.4068,12531334.0,3267.0,America/Los_Angeles,2020,3,16
2020-03-17,46,Good,NO2,20,Los Angeles,California,34.1141,-118.4068,12531334.0,3267.0,America/Los_Angeles,2020,3,17
2020-03-18,48,Good,NO2,20,Los Angeles,California,34.1141,-118.4068,12531334.0,3267.0,America/Los_Angeles,2020,3,18
2020-03-19,44,Good,Ozone,22,Los Angeles,California,34.1141,-118.4068,12531334.0,3267.0,America/Los_Angeles,2020,3,19
2020-03-20,43,Good,Ozone,20,Los Angeles,California,34.1141,-118.4068,12531334.0,3267.0,America/Los_Angeles,2020,3,20
2020-03-21,47,Good,Ozone,20,Los Angeles,California,34.1141,-118.4068,12531334.0,3267.0,America/Los_Angeles,2020,3,21
2020-03-22,43,Good,Ozone,23,Los Angeles,California,34.1141,-118.4068,12531334.0,3267.0,America/Los_Angeles,2020,3,22
2020-03-23,45,Good,Ozone,20,Los Angeles,California,34.1141,-118.4068,12531334.0,3267.0,America/Los_Angeles,2020,3,23
2020-03-24,43,Good,Ozone,20,Los Angeles,California,34.1141,-118.4068,12531334.0,3267.0,America/Los_Angeles,2020,3,24
2020-03-25,44,Good,Ozone,22,Los Angeles,California,34.1141,-118.4068,12531334.0,3267.0,America/Los_Angeles,2020,3,25
2020-03-26,45,Good,Ozone,20,Los Angeles,California,34.1141,-118.4068,12531334.0,3267.0,America/Los_Angeles,2020,3,26
2020-03-27,48,Good,NO2,20,Los Angeles,California,34.1141,-118.4068,12531334.0,3267.0,America/Los_Angeles,2020,3,27
2020-03-28,51,Moderate,Ozone,22,Los Angeles,California,34.1141,-118.4068,12531334.0,3267.0,America/Los_Angeles,2020,3,28
2020-03-29,51,Moderate,Ozone,20,Los Angeles,California,34.1141,-118.4068,12531334.0,3267.0,America/Los_Angeles,2020,3,29
2020-03-30,54,Moderate,Ozone,20,Los Angeles,California,34.1141,-118.4068,12531334.0,3267.0,America/Los_Angeles,2020,3,30
2020-03-31,74,Moderate,Ozone,22,Los Angeles,California,34.1141,-118.4068,12531334.0,3267.0,America/Los_Angeles,2020,3,31
2020-04-01,67,Moderate,Ozone,20,Los Angeles,California,34.1141,-118.4068,12531334.0,3267.0,America/Los_Angeles,2020,4,1
2020-04-02,50,Good,PM2.5,20,Los Angeles,California,34.1141,-118.4068,12531334.0,3267.0,America/Los_Angeles,2020,4,2
2020-04-03,54,Moderate,Ozone,22,Los Angeles,California,34.1141,-118.4068,12531334.0,3267.0,America/Los_Angeles,2020,4,3
2020-04-04,52,Moderate,PM2.5,20,Los Angeles,California,34.1141,-118.4068,12531334.0,3267.0,America/Los_Angeles,2020,4,4
2020-04-05,37,Good,Ozone,20,Los Angeles,California,34.1141,-118.4068,12531334.0,3267.0,America/Los_Angeles,2020,4,5
2020-04-06,41,Good,Ozone,22,Los Angeles,California,34.1141,-118.4068,12531334.0,3267.0,America/Los_Angeles,2020,4,6
2020-04-07,40,Good,Ozone,20,Los Angeles,California,34.1141,-118.4068,12531334.0,3267.0,America/Los_Angeles,2020,4,7
2020-04-08,51,Moderate,NO2,20,Los Angeles,California,34.1141,-118.4068,12531334.0,3267.0,America/Los_Angeles,2020,4,8
2020-04-09,35,Good,Ozone,21,Los Angeles,California,34.1141,-118.4068,12531334.0,3267.0,America/Los_Angeles,2020,4,9
2020-04-10,42,Good,Ozone,20,Los Angeles,California,34.1141,-118.4068,12531334.0,3267.0,America/Los_Angeles,2020,4,10
2020-04-11,49,Good,Ozone,20,Los Angeles,California,34.1141,-118.4068,12531334.0,3267.0,America/Los_Angeles,2020,4,11
2020-04-12,41,Good,PM2.5,21,Los Angeles,California,34.1141,-118.4068,12531334.0,3267.0,America/Los_Angeles,2020,4,12
2020-04-13,38,Good,Ozone,20,Los Angeles,California,34.1141,-118.4068,12531334.0,3267.0,America/Los_Angeles,2020,4,13
2020-04-14,51,Moderate,Ozone,20,Los Angeles,California,34.1141,-118.4068,12531334.0,3267.0,America/Los_Angeles,2020,4,14
2020-04-15,74,Moderate,Ozone,21,Los Angeles,California,34.1141,-118.4068,12531334.0,3267.0,America/Los_Angeles,2020,4,15
2020-04-16,71,Moderate,Ozone,20,Los Angeles,California,34.1141,-118.4068,12531334.0,3267.0,America/Los_Angeles,2020,4,16
2020-04-17,43,Good,Ozone,20,Los Angeles,California,34.1141,-118.4068,12531334.0,3267.0,America/Los_Angeles,2020,4,17
2020-04-18,40,Good,Ozone,21,Los Angeles,California,34.1141,-118.4068,12531334.0,3267.0,America/Los_Angeles,2020,4,18
2020-04-19,44,Good,Ozone,20,Los Angeles,California,34.1141,-118.4068,12531334.0,3267.0,America/Los_Angeles,2020,4,19
2020-04-20,43,Good,PM2.5,20,Los Angeles,California,34.1141,-118.4068,12531334.0,3267.0,America/Los_Angeles,2020,4,20
2020-04-21,48,Good,PM2.5,22,Los Angeles,California,34.1141,-118.4068,12531334.0,3267.0,America/Los_Angeles,2020,4,21
2020-04-22,100,Moderate,Ozone,20,Los Angeles,California,34.1141,-118.4068,12531334.0,3267.0,America/Los_Angeles,2020,4,22
2020-04-23,140,Unhealthy for Sensitive Groups,Ozone,20,Los Angeles,California,34.1141,-118.4068,12531334.0,3267.0,America/Los_Angeles,2020,4,23
2020-04-24,156,Unhealthy,Ozone,21,Los Angeles,California,34.1141,-118.4068,12531334.0,3267.0,America/Los_Angeles,2020,4,24
2020-04-25,182,Unhealthy,Ozone,20,Los Angeles,California,34.1141,-118.4068,12531334.0,3267.0,America/Los_Angeles,2020,4,25
2020-04-26,166,Unhealthy,Ozone,20,Los Angeles,California,34.1141,-118.4068,12531334.0,3267.0,America/Los_Angeles,2020,4,26
2020-04-27,108,Unhealthy for Sensitive Groups,Ozone,21,Los Angeles,California,34.1141,-118.4068,12531334.0,3267.0,America/Los_Angeles,2020,4,27
2020-04-28,185,Unhealthy,Ozone,19,Los Angeles,California,34.1141,-118.4068,12531334.0,3267.0,America/Los_Angeles,2020,4,28
2020-04-29,147,Unhealthy for Sensitive Groups,Ozone,19,Los Angeles,California,34.1141,-118.4068,12531334.0,3267.0,America/Los_Angeles,2020,4,29
2020-04-30,143,Unhealthy for Sensitive Groups,Ozone,20,Los Angeles,California,34.1141,-118.4068,12531334.0,3267.0,America/Los_Angeles,2020,4,30
2020-05-01,97,Moderate,Ozone,19,Los Angeles,California,34.1141,-118.4068,12531334.0,3267.0,America/Los_Angeles,2020,5,1
2020-05-02,90,Moderate,Ozone,19,Los Angeles,California,34.1141,-118.4068,12531334.0,3267.0,America/Los_Angeles,2020,5,2
2020-05-03,61,Moderate,Ozone,20,Los Angeles,California,34.1141,-118.4068,12531334.0,3267.0,America/Los_Angeles,2020,5,3
2020-05-04,115,Unhealthy for Sensitive Groups,Ozone,19,Los Angeles,California,34.1141,-118.4068,12531334.0,3267.0,America/Los_Angeles,2020,5,4
2020-05-05,159,Unhealthy,Ozone,19,Los Angeles,California,34.1141,-118.4068,12531334.0,3267.0,America/Los_Angeles,2020,5,5
2020-05-06,206,Very Unhealthy,Ozone,21,Los Angeles,California,34.1141,-118.4068,12531334.0,3267.0,America/Los_Angeles,2020,5,6
2020-05-07,203,Very Unhealthy,Ozone,19,Los Angeles,California,34.1141,-118.4068,12531334.0,3267.0,America/Los_Angeles,2020,5,7
2020-05-08,185,Unhealthy,Ozone,20,Los Angeles,California,34.1141,-118.4068,12531334.0,3267.0,America/Los_Angeles,2020,5,8
2020-05-09,143,Unhealthy for Sensitive Groups,Ozone,22,Los Angeles,California,34.1141,-118.4068,12531334.0,3267.0,America/Los_Angeles,2020,5,9
2020-05-10,97,Moderate,Ozone,20,Los Angeles,California,34.1141,-118.4068,12531334.0,3267.0,America/Los_Angeles,2020,5,10
2020-05-11,80,Moderate,Ozone,20,Los Angeles,California,34.1141,-118.4068,12531334.0,3267.0,America/Los_Angeles,2020,5,11
2020-05-12,39,Good,Ozone,22,Los Angeles,California,34.1141,-118.4068,12531334.0,3267.0,America/Los_Angeles,2020,5,12
2020-05-13,49,Good,Ozone,20,Los Angeles,California,34.1141,-118.4068,12531334.0,3267.0,America/Los_Angeles,2020,5,13
2020-05-14,48,Good,Ozone,20,Los Angeles,California,34.1141,-118.4068,12531334.0,3267.0,America/Los_Angeles,2020,5,14
2020-05-15,87,Moderate,Ozone,22,Los Angeles,California,34.1141,-118.4068,12531334.0,3267.0,America/Los_Angeles,2020,5,15
2020-05-16,140,Unhealthy for Sensitive Groups,Ozone,20,Los Angeles,California,34.1141,-118.4068,12531334.0,3267.0,America/Los_Angeles,2020,5,16
2020-05-17,77,Moderate,Ozone,20,Los Angeles,California,34.1141,-118.4068,12531334.0,3267.0,America/Los_Angeles,2020,5,17
2020-05-18,39,Good,Ozone,22,Los Angeles,California,34.1141,-118.4068,12531334.0,3267.0,America/Los_Angeles,2020,5,18
2020-05-19,45,Good,Ozone,20,Los Angeles,California,34.1141,-118.4068,12531334.0,3267.0,America/Los_Angeles,2020,5,19
2020-05-20,54,Moderate,Ozone,20,Los Angeles,California,34.1141,-118.4068,12531334.0,3267.0,America/Los_Angeles,2020,5,20
2020-05-21,97,Moderate,Ozone,22,Los Angeles,California,34.1141,-118.4068,12531334.0,3267.0,America/Los_Angeles,2020,5,21
2020-05-22,67,Moderate,PM2.5,20,Los Angeles,California,34.1141,-118.4068,12531334.0,3267.0,America/Los_Angeles,2020,5,22
2020-05-23,71,Moderate,Ozone,20,Los Angeles,California,34.1141,-118.4068,12531334.0,3267.0,America/Los_Angeles,2020,5,23
2020-05-24,108,Unhealthy for Sensitive Groups,Ozone,22,Los Angeles,California,34.1141,-118.4068,12531334.0,3267.0,America/Los_Angeles,2020,5,24
2020-05-25,140,Unhealthy for Sensitive Groups,Ozone,20,Los Angeles,California,34.1141,-118.4068,12531334.0,3267.0,America/Los_Angeles,2020,5,25
2020-05-26,147,Unhealthy for Sensitive Groups,Ozone,20,Los Angeles,California,34.1141,-118.4068,12531334.0,3267.0,America/Los_Angeles,2020,5,26
2020-05-27,136,Unhealthy for Sensitive Groups,Ozone,22,Los Angeles,California,34.1141,-118.4068,12531334.0,3267.0,America/Los_Angeles,2020,5,27
2020-05-28,161,Unhealthy,Ozone,20,Los Angeles,California,34.1141,-118.4068,12531334.0,3267.0,America/Los_Angeles,2020,5,28
2020-05-29,64,Moderate,Ozone,20,Los Angeles,California,34.1141,-118.4068,12531334.0,3267.0,America/Los_Angeles,2020,5,29
2020-05-30,56,Moderate,PM2.5,22,Los Angeles,California,34.1141,-118.4068,12531334.0,3267.0,America/Los_Angeles,2020,5,30
2020-05-31,54,Moderate,Ozone,20,Los Angeles,California,34.1141,-118.4068,12531334.0,3267.0,America/Los_Angeles,2020,5,31
2020-06-01,71,Moderate,Ozone,20,Los Angeles,California,34.1141,-118.4068,12531334.0,3267.0,America/Los_Angeles,2020,6,1
2020-06-02,122,Unhealthy for Sensitive Groups,Ozone,22,Los Angeles,California,34.1141,-118.4068,12531334.0,3267.0,America/Los_Angeles,2020,6,2
2020-06-03,129,Unhealthy for Sensitive Groups,Ozone,20,Los Angeles,California,34.1141,-118.4068,12531334.0,3267.0,America/Los_Angeles,2020,6,3
2020-06-04,108,Unhealthy for Sensitive Groups,Ozone,20,Los Angeles,California,34.1141,-118.4068,12531334.0,3267.0,America/Los_Angeles,2020,6,4
2020-06-05,49,Good,PM2.5,22,Los Angeles,California,34.1141,-118.4068,12531334.0,3267.0,America/Los_Angeles,2020,6,5
2020-06-06,38,Good,Ozone,20,Los Angeles,California,34.1141,-118.4068,12531334.0,3267.0,America/Los_Angeles,2020,6,6
2020-06-07,48,Good,Ozone,20,Los Angeles,California,34.1141,-118.4068,12531334.0,3267.0,America/Los_Angeles,2020,6,7
2020-06-08,74,Moderate,Ozone,22,Los Angeles,California,34.1141,-118.4068,12531334.0,3267.0,America/Los_Angeles,2020,6,8
2020-06-09,80,Moderate,Ozone,20,Los Angeles,California,34.1141,-118.4068,12531334.0,3267.0,America/Los_Angeles,2020,6,9
2020-06-10,143,Unhealthy for Sensitive Groups,Ozone,20,Los Angeles,California,34.1141,-118.4068,12531334.0,3267.0,America/Los_Angeles,2020,6,10
2020-06-11,161,Unhealthy,Ozone,22,Los Angeles,California,34.1141,-118.4068,12531334.0,3267.0,America/Los_Angeles,2020,6,11
2020-06-12,77,Moderate,Ozone,20,Los Angeles,California,34.1141,-118.4068,12531334.0,3267.0,America/Los_Angeles,2020,6,12
2020-06-13,61,Moderate,Ozone,20,Los Angeles,California,34.1141,-118.4068,12531334.0,3267.0,America/Los_Angeles,2020,6,13
2020-06-14,77,Moderate,Ozone,22,Los Angeles,California,34.1141,-118.4068,12531334.0,3267.0,America/Los_Angeles,2020,6,14
2020-06-15,112,Unhealthy for Sensitive Groups,Ozone,20,Los Angeles,California,34.1141,-118.4068,12531334.0,3267.0,America/Los_Angeles,2020,6,15
2020-06-16,61,Moderate,Ozone,20,Los Angeles,California,34.1141,-118.4068,12531334.0,3267.0,America/Los_Angeles,2020,6,16
2020-06-17,71,Moderate,Ozone,22,Los Angeles,California,34.1141,-118.4068,12531334.0,3267.0,America/Los_Angeles,2020,6,17
2020-06-18,64,Moderate,Ozone,20,Los Angeles,California,34.1141,-118.4068,12531334.0,3267.0,America/Los_Angeles,2020,6,18
2020-06-19,97,Moderate,Ozone,20,Los Angeles,California,34.1141,-118.4068,12531334.0,3267.0,America/Los_Angeles,2020,6,19
2020-06-20,77,Moderate,Ozone,22,Los Angeles,California,34.1141,-118.4068,12531334.0,3267.0,America/Los_Angeles,2020,6,20
2020-06-21,105,Unhealthy for Sensitive Groups,Ozone,20,Los Angeles,California,34.1141,-118.4068,12531334.0,3267.0,America/Los_Angeles,2020,6,21
2020-06-22,154,Unhealthy,Ozone,20,Los Angeles,California,34.1141,-118.4068,12531334.0,3267.0,America/Los_Angeles,2020,6,22
2020-06-23,159,Unhealthy,Ozone,22,Los Angeles,California,34.1141,-118.4068,12531334.0,3267.0,America/Los_Angeles,2020,6,23
2020-06-24,156,Unhealthy,Ozone,20,Los Angeles,California,34.1141,-118.4068,12531334.0,3267.0,America/Los_Angeles,2020,6,24
2020-06-25,112,Unhealthy for Sensitive Groups,Ozone,20,Los Angeles,California,34.1141,-118.4068,12531334.0,3267.0,America/Los_Angeles,2020,6,25
2020-06-26,126,Unhealthy for Sensitive Groups,Ozone,22,Los Angeles,California,34.1141,-118.4068,12531334.0,3267.0,America/Los_Angeles,2020,6,26
2020-06-27,119,Unhealthy for Sensitive Groups,Ozone,20,Los Angeles,California,34.1141,-118.4068,12531334.0,3267.0,America/Los_Angeles,2020,6,27
2020-06-28,42,Good,PM10,20,Los Angeles,California,34.1141,-118.4068,12531334.0,3267.0,America/Los_Angeles,2020,6,28
2020-06-29,44,Good,Ozone,22,Los Angeles,California,34.1141,-118.4068,12531334.0,3267.0,America/Los_Angeles,2020,6,29
2020-06-30,80,Moderate,Ozone,20,Los Angeles,California,34.1141,-118.4068,12531334.0,3267.0,America/Los_Angeles,2020,6,30
2020-07-01,77,Moderate,Ozone,20,Los Angeles,California,34.1141,-118.4068,12531334.0,3267.0,America/Los_Angeles,2020,7,1
2020-07-02,100,Moderate,Ozone,22,Los Angeles,California,34.1141,-118.4068,12531334.0,3267.0,America/Los_Angeles,2020,7,2
2020-07-03,129,Unhealthy for Sensitive Groups,Ozone,20,Los Angeles,California,34.1141,-118.4068,12531334.0,3267.0,America/Los_Angeles,2020,7,3
2020-07-04,169,Unhealthy,PM2.5,20,Los Angeles,California,34.1141,-118.4068,12531334.0,3267.0,America/Los_Angeles,2020,7,4
2020-07-05,225,Very Unhealthy,PM2.5,22,Los Angeles,California,34.1141,-118.4068,12531334.0,3267.0,America/Los_Angeles,2020,7,5
2020-07-06,140,Unhealthy for Sensitive Groups,Ozone,20,Los Angeles,California,34.1141,-118.4068,12531334.0,3267.0,America/Los_Angeles,2020,7,6
2020-07-07,129,Unhealthy for Sensitive Groups,Ozone,20,Los Angeles,California,34.1141,-118.4068,12531334.0,3267.0,America/Los_Angeles,2020,7,7
2020-07-08,105,Unhealthy for Sensitive Groups,Ozone,21,Los Angeles,California,34.1141,-118.4068,12531334.0,3267.0,America/Los_Angeles,2020,7,8
2020-07-09,156,Unhealthy,Ozone,20,Los Angeles,California,34.1141,-118.4068,12531334.0,3267.0,America/Los_Angeles,2020,7,9
2020-07-10,204,Very Unhealthy,Ozone,20,Los Angeles,California,34.1141,-118.4068,12531334.0,3267.0,America/Los_Angeles,2020,7,10
2020-07-11,177,Unhealthy,Ozone,22,Los Angeles,California,34.1141,-118.4068,12531334.0,3267.0,America/Los_Angeles,2020,7,11
2020-07-12,172,Unhealthy,Ozone,20,Los Angeles,California,34.1141,-118.4068,12531334.0,3267.0,America/Los_Angeles,2020,7,12
2020-07-13,112,Unhealthy for Sensitive Groups,Ozone,20,Los Angeles,California,34.1141,-118.4068,12531334.0,3267.0,America/Los_Angeles,2020,7,13
2020-07-14,90,Moderate,Ozone,21,Los Angeles,California,34.1141,-118.4068,12531334.0,3267.0,America/Los_Angeles,2020,7,14
2020-07-15,101,Unhealthy for Sensitive Groups,Ozone,19,Los Angeles,California,34.1141,-118.4068,12531334.0,3267.0,America/Los_Angeles,2020,7,15
2020-07-16,108,Unhealthy for Sensitive Groups,Ozone,19,Los Angeles,California,34.1141,-118.4068,12531334.0,3267.0,America/Los_Angeles,2020,7,16
2020-07-17,136,Unhealthy for Sensitive Groups,Ozone,21,Los Angeles,California,34.1141,-118.4068,12531334.0,3267.0,America/Los_Angeles,2020,7,17
2020-07-18,122,Unhealthy for Sensitive Groups,Ozone,19,Los Angeles,California,34.1141,-118.4068,12531334.0,3267.0,America/Los_Angeles,2020,7,18
2020-07-19,97,Moderate,Ozone,19,Los Angeles,California,34.1141,-118.4068,12531334.0,3267.0,America/Los_Angeles,2020,7,19
2020-07-20,133,Unhealthy for Sensitive Groups,Ozone,21,Los Angeles,California,34.1141,-118.4068,12531334.0,3267.0,America/Los_Angeles,2020,7,20
2020-07-21,143,Unhealthy for Sensitive Groups,Ozone,19,Los Angeles,California,34.1141,-118.4068,12531334.0,3267.0,America/Los_Angeles,2020,7,21
2020-07-22,100,Moderate,Ozone,19,Los Angeles,California,34.1141,-118.4068,12531334.0,3267.0,America/Los_Angeles,2020,7,22
2020-07-23,80,Moderate,Ozone,21,Los Angeles,California,34.1141,-118.4068,12531334.0,3267.0,America/Los_Angeles,2020,7,23
2020-07-24,115,Unhealthy for Sensitive Groups,Ozone,19,Los Angeles,California,34.1141,-118.4068,12531334.0,3267.0,America/Los_Angeles,2020,7,24
2020-07-25,140,Unhealthy for Sensitive Groups,Ozone,19,Los Angeles,California,34.1141,-118.4068,12531334.0,3267.0,America/Los_Angeles,2020,7,25
2020-07-26,143,Unhealthy for Sensitive Groups,Ozone,21,Los Angeles,California,34.1141,-118.4068,12531334.0,3267.0,America/Los_Angeles,2020,7,26
2020-07-27,97,Moderate,Ozone,19,Los Angeles,California,34.1141,-118.4068,12531334.0,3267.0,America/Los_Angeles,2020,7,27
2020-07-28,129,Unhealthy for Sensitive Groups,Ozone,20,Los Angeles,California,34.1141,-118.4068,12531334.0,3267.0,America/Los_Angeles,2020,7,28
2020-07-29,164,Unhealthy,Ozone,22,Los Angeles,California,34.1141,-118.4068,12531334.0,3267.0,America/Los_Angeles,2020,7,29
2020-07-30,161,Unhealthy,Ozone,20,Los Angeles,California,34.1141,-118.4068,12531334.0,3267.0,America/Los_Angeles,2020,7,30
2020-07-31,187,Unhealthy,Ozone,20,Los Angeles,California,34.1141,-118.4068,12531334.0,3267.0,America/Los_Angeles,2020,7,31
2020-08-01,161,Unhealthy,Ozone,22,Los Angeles,California,34.1141,-118.4068,12531334.0,3267.0,America/Los_Angeles,2020,8,1
2020-08-02,140,Unhealthy for Sensitive Groups,Ozone,20,Los Angeles,California,34.1141,-118.4068,12531334.0,3267.0,America/Los_Angeles,2020,8,2
2020-08-03,200,Unhealthy,Ozone,20,Los Angeles,California,34.1141,-118.4068,12531334.0,3267.0,America/Los_Angeles,2020,8,3
2020-08-04,122,Unhealthy for Sensitive Groups,Ozone,22,Los Angeles,California,34.1141,-118.4068,12531334.0,3267.0,America/Los_Angeles,2020,8,4
2020-08-05,97,Moderate,Ozone,20,Los Angeles,California,34.1141,-118.4068,12531334.0,3267.0,America/Los_Angeles,2020,8,5
2020-08-06,61,Moderate,Ozone,20,Los Angeles,California,34.1141,-118.4068,12531334.0,3267.0,America/Los_Angeles,2020,8,6
2020-08-07,93,Moderate,Ozone,22,Los Angeles,California,34.1141,-118.4068,12531334.0,3267.0,America/Los_Angeles,2020,8,7
2020-08-08,112,Unhealthy for Sensitive Groups,Ozone,20,Los Angeles,California,34.1141,-118.4068,12531334.0,3267.0,America/Los_Angeles,2020,8,8
2020-08-09,105,Unhealthy for Sensitive Groups,Ozone,20,Los Angeles,California,34.1141,-118.4068,12531334.0,3267.0,America/Los_Angeles,2020,8,9
2020-08-10,87,Moderate,Ozone,22,Los Angeles,California,34.1141,-118.4068,12531334.0,3267.0,America/Los_Angeles,2020,8,10
2020-08-11,112,Unhealthy for Sensitive Groups,Ozone,20,Los Angeles,California,34.1141,-118.4068,12531334.0,3267.0,America/Los_Angeles,2020,8,11
2020-08-12,147,Unhealthy for Sensitive Groups,Ozone,20,Los Angeles,California,34.1141,-118.4068,12531334.0,3267.0,America/Los_Angeles,2020,8,12
2020-08-13,166,Unhealthy,Ozone,22,Los Angeles,California,34.1141,-118.4068,12531334.0,3267.0,America/Los_Angeles,2020,8,13
2020-08-14,204,Very Unhealthy,Ozone,20,Los Angeles,California,34.1141,-118.4068,12531334.0,3267.0,America/Los_Angeles,2020,8,14
2020-08-15,220,Very Unhealthy,Ozone,20,Los Angeles,California,34.1141,-118.4068,12531334.0,3267.0,America/Los_Angeles,2020,8,15
2020-08-16,133,Unhealthy for Sensitive Groups,PM2.5,22,Los Angeles,California,34.1141,-118.4068,12531334.0,3267.0,America/Los_Angeles,2020,8,16
2020-08-17,164,Unhealthy,Ozone,20,Los Angeles,California,34.1141,-118.4068,12531334.0,3267.0,America/Los_Angeles,2020,8,17
2020-08-18,222,Very Unhealthy,Ozone,20,Los Angeles,California,34.1141,-118.4068,12531334.0,3267.0,America/Los_Angeles,2020,8,18
2020-08-19,217,Very Unhealthy,Ozone,22,Los Angeles,California,34.1141,-118.4068,12531334.0,3267.0,America/Los_Angeles,2020,8,19
2020-08-20,218,Very Unhealthy,Ozone,20,Los Angeles,California,34.1141,-118.4068,12531334.0,3267.0,America/Los_Angeles,2020,8,20
2020-08-21,192,Unhealthy,Ozone,20,Los Angeles,California,34.1141,-118.4068,12531334.0,3267.0,America/Los_Angeles,2020,8,21
2020-08-22,126,Unhealthy for Sensitive Groups,Ozone,22,Los Angeles,California,34.1141,-118.4068,12531334.0,3267.0,America/Los_Angeles,2020,8,22
2020-08-23,75,Moderate,PM2.5,20,Los Angeles,California,34.1141,-118.4068,12531334.0,3267.0,America/Los_Angeles,2020,8,23
2020-08-24,90,Moderate,Ozone,20,Los Angeles,California,34.1141,-118.4068,12531334.0,3267.0,America/Los_Angeles,2020,8,24
2020-08-25,74,Moderate,Ozone,22,Los Angeles,California,34.1141,-118.4068,12531334.0,3267.0,America/Los_Angeles,2020,8,25
2020-08-26,97,Moderate,Ozone,20,Los Angeles,California,34.1141,-118.4068,12531334.0,3267.0,America/Los_Angeles,2020,8,26
2020-08-27,129,Unhealthy for Sensitive Groups,Ozone,20,Los Angeles,California,34.1141,-118.4068,12531334.0,3267.0,America/Los_Angeles,2020,8,27
2020-08-28,112,Unhealthy for Sensitive Groups,Ozone,22,Los Angeles,California,34.1141,-118.4068,12531334.0,3267.0,America/Los_Angeles,2020,8,28
2020-08-29,115,Unhealthy for Sensitive Groups,Ozone,19,Los Angeles,California,34.1141,-118.4068,12531334.0,3267.0,America/Los_Angeles,2020,8,29
2020-08-30,115,Unhealthy for Sensitive Groups,Ozone,19,Los Angeles,California,34.1141,-118.4068,12531334.0,3267.0,America/Los_Angeles,2020,8,30
2020-08-31,115,Unhealthy for Sensitive Groups,Ozone,22,Los Angeles,California,34.1141,-118.4068,12531334.0,3267.0,America/Los_Angeles,2020,8,31
2020-09-01,100,Moderate,Ozone,19,Los Angeles,California,34.1141,-118.4068,12531334.0,3267.0,America/Los_Angeles,2020,9,1
2020-09-02,150,Unhealthy for Sensitive Groups,Ozone,19,Los Angeles,California,34.1141,-118.4068,12531334.0,3267.0,America/Los_Angeles,2020,9,2
2020-09-03,201,Very Unhealthy,Ozone,22,Los Angeles,California,34.1141,-118.4068,12531334.0,3267.0,America/Los_Angeles,2020,9,3
2020-09-04,220,Very Unhealthy,Ozone,20,Los Angeles,California,34.1141,-118.4068,12531334.0,3267.0,America/Los_Angeles,2020,9,4
2020-09-05,235,Very Unhealthy,Ozone,20,Los Angeles,California,34.1141,-118.4068,12531334.0,3267.0,America/Los_Angeles,2020,9,5
2020-09-06,214,Very Unhealthy,Ozone,22,Los Angeles,California,34.1141,-118.4068,12531334.0,3267.0,America/Los_Angeles,2020,9,6
2020-09-07,161,Unhealthy,PM2.5,19,Los Angeles,California,34.1141,-118.4068,12531334.0,3267.0,America/Los_Angeles,2020,9,7
2020-09-08,127,Unhealthy for Sensitive Groups,PM2.5,20,Los Angeles,California,34.1141,-118.4068,12531334.0,3267.0,America/Los_Angeles,2020,9,8
2020-09-09,136,Unhealthy for Sensitive Groups,PM2.5,22,Los Angeles,California,34.1141,-118.4068,12531334.0,3267.0,America/Los_Angeles,2020,9,9
2020-09-10,158,Unhealthy,PM2.5,20,Los Angeles,California,34.1141,-118.4068,12531334.0,3267.0,America/Los_Angeles,2020,9,10
2020-09-11,199,Unhealthy,PM2.5,20,Los Angeles,California,34.1141,-118.4068,12531334.0,3267.0,America/Los_Angeles,2020,9,11
2020-09-12,179,Unhealthy,PM2.5,21,Los Angeles,California,34.1141,-118.4068,12531334.0,3267.0,America/Los_Angeles,2020,9,12
2020-09-13,165,Unhealthy,PM2.5,20,Los Angeles,California,34.1141,-118.4068,12531334.0,3267.0,America/Los_Angeles,2020,9,13
2020-09-14,197,Unhealthy,Ozone,20,Los Angeles,California,34.1141,-118.4068,12531334.0,3267.0,America/Los_Angeles,2020,9,14
2020-09-15,181,Unhealthy,PM2.5,22,Los Angeles,California,34.1141,-118.4068,12531334.0,3267.0,America/Los_Angeles,2020,9,15
2020-09-16,159,Unhealthy,PM2.5,20,Los Angeles,California,34.1141,-118.4068,12531334.0,3267.0,America/Los_Angeles,2020,9,16
2020-09-17,133,Unhealthy for Sensitive Groups,Ozone,20,Los Angeles,California,34.1141,-118.4068,12531334.0,3267.0,America/Los_Angeles,2020,9,17
2020-09-18,156,Unhealthy,Ozone,21,Los Angeles,California,34.1141,-118.4068,12531334.0,3267.0,America/Los_Angeles,2020,9,18
2020-09-19,147,Unhealthy for Sensitive Groups,Ozone,20,Los Angeles,California,34.1141,-118.4068,12531334.0,3267.0,America/Los_Angeles,2020,9,19
2020-09-20,119,Unhealthy for Sensitive Groups,Ozone,20,Los Angeles,California,34.1141,-118.4068,12531334.0,3267.0,America/Los_Angeles,2020,9,20
2020-09-21,100,Moderate,Ozone,21,Los Angeles,California,34.1141,-118.4068,12531334.0,3267.0,America/Los_Angeles,2020,9,21
2020-09-22,122,Unhealthy for Sensitive Groups,Ozone,20,Los Angeles,California,34.1141,-118.4068,12531334.0,3267.0,America/Los_Angeles,2020,9,22
2020-09-23,126,Unhealthy for Sensitive Groups,Ozone,20,Los Angeles,California,34.1141,-118.4068,12531334.0,3267.0,America/Los_Angeles,2020,9,23
2020-09-24,201,Very Unhealthy,Ozone,21,Los Angeles,California,34.1141,-118.4068,12531334.0,3267.0,America/Los_Angeles,2020,9,24
2020-09-25,136,Unhealthy for Sensitive Groups,Ozone,20,Los Angeles,California,34.1141,-118.4068,12531334.0,3267.0,America/Los_Angeles,2020,9,25
2020-09-26,151,Unhealthy,Ozone,20,Los Angeles,California,34.1141,-118.4068,12531334.0,3267.0,America/Los_Angeles,2020,9,26
2020-09-27,154,Unhealthy,Ozone,21,Los Angeles,California,34.1141,-118.4068,12531334.0,3267.0,America/Los_Angeles,2020,9,27
2020-09-28,179,Unhealthy,Ozone,20,Los Angeles,California,34.1141,-118.4068,12531334.0,3267.0,America/Los_Angeles,2020,9,28
2020-09-29,166,Unhealthy,Ozone,20,Los Angeles,California,34.1141,-118.4068,12531334.0,3267.0,America/Los_Angeles,2020,9,29
2020-09-30,161,Unhealthy,Ozone,21,Los Angeles,California,34.1141,-118.4068,12531334.0,3267.0,America/Los_Angeles,2020,9,30
2020-10-01,172,Unhealthy,Ozone,20,Los Angeles,California,34.1141,-118.4068,12531334.0,3267.0,America/Los_Angeles,2020,10,1
2020-10-02,204,Very Unhealthy,Ozone,20,Los Angeles,California,34.1141,-118.4068,12531334.0,3267.0,America/Los_Angeles,2020,10,2
2020-10-03,210,Very Unhealthy,Ozone,21,Los Angeles,California,34.1141,-118.4068,12531334.0,3267.0,America/Los_Angeles,2020,10,3
2020-10-04,177,Unhealthy,Ozone,20,Los Angeles,California,34.1141,-118.4068,12531334.0,3267.0,America/Los_Angeles,2020,10,4
2020-10-05,151,Unhealthy,Ozone,20,Los Angeles,California,34.1141,-118.4068,12531334.0,3267.0,America/Los_Angeles,2020,10,5
2020-10-06,159,Unhealthy,Ozone,21,Los Angeles,California,34.1141,-118.4068,12531334.0,3267.0,America/Los_Angeles,2020,10,6
2020-10-07,133,Unhealthy for Sensitive Groups,Ozone,20,Los Angeles,California,34.1141,-118.4068,12531334.0,3267.0,America/Los_Angeles,2020,10,7
2020-10-08,84,Moderate,PM2.5,20,Los Angeles,California,34.1141,-118.4068,12531334.0,3267.0,America/Los_Angeles,2020,10,8
2020-10-09,77,Moderate,PM2.5,21,Los Angeles,California,34.1141,-118.4068,12531334.0,3267.0,America/Los_Angeles,2020,10,9
2020-10-10,80,Moderate,Ozone,20,Los Angeles,California,34.1141,-118.4068,12531334.0,3267.0,America/Los_Angeles,2020,10,10
2020-10-11,87,Moderate,Ozone,20,Los Angeles,California,34.1141,-118.4068,12531334.0,3267.0,America/Los_Angeles,2020,10,11
2020-10-12,129,Unhealthy for Sensitive Groups,Ozone,21,Los Angeles,California,34.1141,-118.4068,12531334.0,3267.0,America/Los_Angeles,2020,10,12
2020-10-13,100,Moderate,Ozone,20,Los Angeles,California,34.1141,-118.4068,12531334.0,3267.0,America/Los_Angeles,2020,10,13
2020-10-14,164,Unhealthy,Ozone,20,Los Angeles,California,34.1141,-118.4068,12531334.0,3267.0,America/Los_Angeles,2020,10,14
2020-10-15,185,Unhealthy,Ozone,21,Los Angeles,California,34.1141,-118.4068,12531334.0,3267.0,America/Los_Angeles,2020,10,15
2020-10-16,169,Unhealthy,Ozone,20,Los Angeles,California,34.1141,-118.4068,12531334.0,3267.0,America/Los_Angeles,2020,10,16
2020-10-17,119,Unhealthy for Sensitive Groups,Ozone,20,Los Angeles,California,34.1141,-118.4068,12531334.0,3267.0,America/Los_Angeles,2020,10,17
2020-10-18,159,Unhealthy,Ozone,21,Los Angeles,California,34.1141,-118.4068,12531334.0,3267.0,America/Los_Angeles,2020,10,18
2020-10-19,126,Unhealthy for Sensitive Groups,Ozone,20,Los Angeles,California,34.1141,-118.4068,12531334.0,3267.0,America/Los_Angeles,2020,10,19
2020-10-20,129,Unhealthy for Sensitive Groups,Ozone,20,Los Angeles,California,34.1141,-118.4068,12531334.0,3267.0,America/Los_Angeles,2020,10,20
2020-10-21,119,Unhealthy for Sensitive Groups,Ozone,21,Los Angeles,California,34.1141,-118.4068,12531334.0,3267.0,America/Los_Angeles,2020,10,21
2020-10-22,71,Moderate,PM2.5,20,Los Angeles,California,34.1141,-118.4068,12531334.0,3267.0,America/Los_Angeles,2020,10,22
2020-10-23,60,Moderate,PM2.5,20,Los Angeles,California,34.1141,-118.4068,12531334.0,3267.0,America/Los_Angeles,2020,10,23
2020-10-24,55,Moderate,PM2.5,21,Los Angeles,California,34.1141,-118.4068,12531334.0,3267.0,America/Los_Angeles,2020,10,24
2020-10-25,42,Good,PM10,20,Los Angeles,California,34.1141,-118.4068,12531334.0,3267.0,America/Los_Angeles,2020,10,25
2020-10-26,171,Unhealthy,PM10,20,Los Angeles,California,34.1141,-118.4068,12531334.0,3267.0,America/Los_Angeles,2020,10,26
2020-10-27,156,Unhealthy,PM2.5,21,Los Angeles,California,34.1141,-118.4068,12531334.0,3267.0,America/Los_Angeles,2020,10,27
2020-10-28,124,Unhealthy for Sensitive Groups,PM2.5,20,Los Angeles,California,34.1141,-118.4068,12531334.0,3267.0,America/Los_Angeles,2020,10,28
2020-10-29,97,Moderate,Ozone,20,Los Angeles,California,34.1141,-118.4068,12531334.0,3267.0,America/Los_Angeles,2020,10,29
2020-10-30,133,Unhealthy for Sensitive Groups,Ozone,21,Los Angeles,California,34.1141,-118.4068,12531334.0,3267.0,America/Los_Angeles,2020,10,30
2020-10-31,112,Unhealthy for Sensitive Groups,Ozone,20,Los Angeles,California,34.1141,-118.4068,12531334.0,3267.0,America/Los_Angeles,2020,10,31
2020-11-01,108,Unhealthy for Sensitive Groups,Ozone,20,Los Angeles,California,34.1141,-118.4068,12531334.0,3267.0,America/Los_Angeles,2020,11,1
2020-11-02,90,Moderate,Ozone,21,Los Angeles,California,34.1141,-118.4068,12531334.0,3267.0,America/Los_Angeles,2020,11,2
2020-11-03,114,Unhealthy for Sensitive Groups,PM2.5,20,Los Angeles,California,34.1141,-118.4068,12531334.0,3267.0,America/Los_Angeles,2020,11,3
2020-11-04,94,Moderate,PM2.5,20,Los Angeles,California,34.1141,-118.4068,12531334.0,3267.0,America/Los_Angeles,2020,11,4
2020-11-05,76,Moderate,PM2.5,20,Los Angeles,California,34.1141,-118.4068,12531334.0,3267.0,America/Los_Angeles,2020,11,5
2020-11-06,60,Moderate,PM10,20,Los Angeles,California,34.1141,-118.4068,12531334.0,3267.0,America/Los_Angeles,2020,11,6
2020-11-07,44,Good,Ozone,20,Los Angeles,California,34.1141,-118.4068,12531334.0,3267.0,America/Los_Angeles,2020,11,7
2020-11-08,51,Moderate,PM2.5,21,Los Angeles,California,34.1141,-118.4068,12531334.0,3267.0,America/Los_Angeles,2020,11,8
2020-11-09,52,Moderate,PM2.5,20,Los Angeles,California,34.1141,-118.4068,12531334.0,3267.0,America/Los_Angeles,2020,11,9
2020-11-10,58,Moderate,PM2.5,20,Los Angeles,California,34.1141,-118.4068,12531334.0,3267.0,America/Los_Angeles,2020,11,10
2020-11-11,67,Moderate,PM2.5,21,Los Angeles,California,34.1141,-118.4068,12531334.0,3267.0,America/Los_Angeles,2020,11,11
2020-11-12,81,Moderate,PM2.5,20,Los Angeles,California,34.1141,-118.4068,12531334.0,3267.0,America/Los_Angeles,2020,11,12
2020-11-13,75,Moderate,PM2.5,20,Los Angeles,California,34.1141,-118.4068,12531334.0,3267.0,America/Los_Angeles,2020,11,13
2020-11-14,78,Moderate,PM2.5,22,Los Angeles,California,34.1141,-118.4068,12531334.0,3267.0,America/Los_Angeles,2020,11,14
2020-11-15,85,Moderate,PM2.5,20,Los Angeles,California,34.1141,-118.4068,12531334.0,3267.0,America/Los_Angeles,2020,11,15
2020-11-16,62,Moderate,NO2,20,Los Angeles,California,34.1141,-118.4068,12531334.0,3267.0,America/Los_Angeles,2020,11,16
2020-11-17,63,Moderate,PM2.5,22,Los Angeles,California,34.1141,-118.4068,12531334.0,3267.0,America/Los_Angeles,2020,11,17
2020-11-18,64,Moderate,PM2.5,20,Los Angeles,California,34.1141,-118.4068,12531334.0,3267.0,America/Los_Angeles,2020,11,18
2020-11-19,60,Moderate,PM2.5,20,Los Angeles,California,34.1141,-118.4068,12531334.0,3267.0,America/Los_Angeles,2020,11,19
2020-11-20,87,Moderate,PM2.5,21,Los Angeles,California,34.1141,-118.4068,12531334.0,3267.0,America/Los_Angeles,2020,11,20
2020-11-21,95,Moderate,PM2.5,20,Los Angeles,California,34.1141,-118.4068,12531334.0,3267.0,America/Los_Angeles,2020,11,21
2020-11-22,103,Unhealthy for Sensitive Groups,PM2.5,20,Los Angeles,California,34.1141,-118.4068,12531334.0,3267.0,America/Los_Angeles,2020,11,22
2020-11-23,85,Moderate,PM2.5,21,Los Angeles,California,34.1141,-118.4068,12531334.0,3267.0,America/Los_Angeles,2020,11,23
2020-11-24,74,Moderate,PM2.5,20,Los Angeles,California,34.1141,-118.4068,12531334.0,3267.0,America/Los_Angeles,2020,11,24
2020-11-25,78,Moderate,PM2.5,20,Los Angeles,California,34.1141,-118.4068,12531334.0,3267.0,America/Los_Angeles,2020,11,25
2020-11-26,82,Moderate,PM2.5,22,Los Angeles,California,34.1141,-118.4068,12531334.0,3267.0,America/Los_Angeles,2020,11,26
2020-11-27,84,Moderate,PM2.5,20,Los Angeles,California,34.1141,-118.4068,12531334.0,3267.0,America/Los_Angeles,2020,11,27
2020-11-28,66,Moderate,PM2.5,20,Los Angeles,California,34.1141,-118.4068,12531334.0,3267.0,America/Los_Angeles,2020,11,28
2020-11-29,66,Moderate,PM2.5,22,Los Angeles,California,34.1141,-118.4068,12531334.0,3267.0,America/Los_Angeles,2020,11,29
2020-11-30,79,Moderate,NO2,20,Los Angeles,California,34.1141,-118.4068,12531334.0,3267.0,America/Los_Angeles,2020,11,30
2020-12-01,81,Moderate,PM2.5,20,Los Angeles,California,34.1141,-118.4068,12531334.0,3267.0,America/Los_Angeles,2020,12,1
2020-12-02,93,Moderate,PM2.5,21,Los Angeles,California,34.1141,-118.4068,12531334.0,3267.0,America/Los_Angeles,2020,12,2
2020-12-03,109,Unhealthy for Sensitive Groups,PM2.5,20,Los Angeles,California,34.1141,-118.4068,12531334.0,3267.0,America/Los_Angeles,2020,12,3
2020-12-04,71,Moderate,NO2,20,Los Angeles,California,34.1141,-118.4068,12531334.0,3267.0,America/Los_Angeles,2020,12,4
2020-12-05,108,Unhealthy for Sensitive Groups,PM2.5,21,Los Angeles,California,34.1141,-118.4068,12531334.0,3267.0,America/Los_Angeles,2020,12,5
2020-12-06,109,Unhealthy for Sensitive Groups,PM2.5,20,Los Angeles,California,34.1141,-118.4068,12531334.0,3267.0,America/Los_Angeles,2020,12,6
2020-12-07,93,Moderate,PM2.5,20,Los Angeles,California,34.1141,-118.4068,12531334.0,3267.0,America/Los_Angeles,2020,12,7
2020-12-08,85,Moderate,NO2,21,Los Angeles,California,34.1141,-118.4068,12531334.0,3267.0,America/Los_Angeles,2020,12,8
2020-12-09,67,Moderate,NO2,20,Los Angeles,California,34.1141,-118.4068,12531334.0,3267.0,America/Los_Angeles,2020,12,9
2020-12-10,68,Moderate,PM2.5,20,Los Angeles,California,34.1141,-118.4068,12531334.0,3267.0,America/Los_Angeles,2020,12,10
2020-12-11,81,Moderate,PM2.5,21,Los Angeles,California,34.1141,-118.4068,12531334.0,3267.0,America/Los_Angeles,2020,12,11
2020-12-12,96,Moderate,PM2.5,20,Los Angeles,California,34.1141,-118.4068,12531334.0,3267.0,America/Los_Angeles,2020,12,12
2020-12-13,73,Moderate,PM2.5,20,Los Angeles,California,34.1141,-118.4068,12531334.0,3267.0,America/Los_Angeles,2020,12,13
2020-12-14,46,Good,NO2,22,Los Angeles,California,34.1141,-118.4068,12531334.0,3267.0,America/Los_Angeles,2020,12,14
2020-12-15,86,Moderate,PM2.5,20,Los Angeles,California,34.1141,-118.4068,12531334.0,3267.0,America/Los_Angeles,2020,12,15
2020-12-16,68,Moderate,PM2.5,20,Los Angeles,California,34.1141,-118.4068,12531334.0,3267.0,America/Los_Angeles,2020,12,16
2020-12-17,76,Moderate,PM2.5,22,Los Angeles,California,34.1141,-118.4068,12531334.0,3267.0,America/Los_Angeles,2020,12,17
2020-12-18,89,Moderate,PM2.5,20,Los Angeles,California,34.1141,-118.4068,12531334.0,3267.0,America/Los_Angeles,2020,12,18
2020-12-19,82,Moderate,PM2.5,20,Los Angeles,California,34.1141,-118.4068,12531334.0,3267.0,America/Los_Angeles,2020,12,19
2020-12-20,83,Moderate,PM2.5,22,Los Angeles,California,34.1141,-118.4068,12531334.0,3267.0,America/Los_Angeles,2020,12,20
2020-12-21,61,Moderate,PM2.5,20,Los Angeles,California,34.1141,-118.4068,12531334.0,3267.0,America/Los_Angeles,2020,12,21
2020-12-22,74,Moderate,PM2.5,20,Los Angeles,California,34.1141,-118.4068,12531334.0,3267.0,America/Los_Angeles,2020,12,22
2020-12-23,94,Moderate,PM2.5,21,Los Angeles,California,34.1141,-118.4068,12531334.0,3267.0,America/Los_Angeles,2020,12,23
2020-12-24,67,Moderate,PM2.5,20,Los Angeles,California,34.1141,-118.4068,12531334.0,3267.0,America/Los_Angeles,2020,12,24
2020-12-25,76,Moderate,PM2.5,20,Los Angeles,California,34.1141,-118.4068,12531334.0,3267.0,America/Los_Angeles,2020,12,25
2020-12-26,116,Unhealthy for Sensitive Groups,PM2.5,21,Los Angeles,California,34.1141,-118.4068,12531334.0,3267.0,America/Los_Angeles,2020,12,26
2020-12-27,67,Moderate,PM2.5,20,Los Angeles,California,34.1141,-118.4068,12531334.0,3267.0,America/Los_Angeles,2020,12,27
2020-12-28,51,Moderate,PM2.5,20,Los Angeles,California,34.1141,-118.4068,12531334.0,3267.0,America/Los_Angeles,2020,12,28
2020-12-29,64,Moderate,PM2.5,21,Los Angeles,California,34.1141,-118.4068,12531334.0,3267.0,America/Los_Angeles,2020,12,29
2020-12-30,76,Moderate,PM2.5,20,Los Angeles,California,34.1141,-118.4068,12531334.0,3267.0,America/Los_Angeles,2020,12,30
2020-12-31,120,Unhealthy for Sensitive Groups,PM2.5,20,Los Angeles,California,34.1141,-118.4068,12531334.0,3267.0,America/Los_Angeles,2020,12,31
2021-01-01,176,Unhealthy,PM2.5,21,Los Angeles,California,34.1141,-118.4068,12531334.0,3267.0,America/Los_Angeles,2021,1,1
2021-01-02,74,Moderate,PM2.5,20,Los Angeles,California,34.1141,-118.4068,12531334.0,3267.0,America/Los_Angeles,2021,1,2
2021-01-03,80,Moderate,PM2.5,20,Los Angeles,California,34.1141,-118.4068,12531334.0,3267.0,America/Los_Angeles,2021,1,3
2021-01-04,74,Moderate,PM2.5,21,Los Angeles,California,34.1141,-118.4068,12531334.0,3267.0,America/Los_Angeles,2021,1,4
2021-01-05,82,Moderate,PM2.5,20,Los Angeles,California,34.1141,-118.4068,12531334.0,3267.0,America/Los_Angeles,2021,1,5
2021-01-06,89,Moderate,PM2.5,20,Los Angeles,California,34.1141,-118.4068,12531334.0,3267.0,America/Los_Angeles,2021,1,6
2021-01-07,82,Moderate,PM2.5,21,Los Angeles,California,34.1141,-118.4068,12531334.0,3267.0,America/Los_Angeles,2021,1,7
2021-01-08,94,Moderate,PM2.5,20,Los Angeles,California,34.1141,-118.4068,12531334.0,3267.0,America/Los_Angeles,2021,1,8
2021-01-09,95,Moderate,PM2.5,20,Los Angeles,California,34.1141,-118.4068,12531334.0,3267.0,America/Los_Angeles,2021,1,9
2021-01-10,67,Moderate,PM2.5,21,Los Angeles,California,34.1141,-118.4068,12531334.0,3267.0,America/Los_Angeles,2021,1,10
2021-01-11,65,Moderate,PM2.5,20,Los Angeles,California,34.1141,-118.4068,12531334.0,3267.0,America/Los_Angeles,2021,1,11
2021-01-12,64,Moderate,PM2.5,20,Los Angeles,California,34.1141,-118.4068,12531334.0,3267.0,America/Los_Angeles,2021,1,12
2021-01-13,74,Moderate,PM2.5,21,Los Angeles,California,34.1141,-118.4068,12531334.0,3267.0,America/Los_Angeles,2021,1,13
2021-01-14,84,Moderate,PM2.5,20,Los Angeles,California,34.1141,-118.4068,12531334.0,3267.0,America/Los_Angeles,2021,1,14
2021-01-15,80,Moderate,PM2.5,20,Los Angeles,California,34.1141,-118.4068,12531334.0,3267.0,America/Los_Angeles,2021,1,15
2021-01-16,92,Moderate,PM2.5,22,Los Angeles,California,34.1141,-118.4068,12531334.0,3267.0,America/Los_Angeles,2021,1,16
2021-01-17,82,Moderate,PM2.5,20,Los Angeles,California,34.1141,-118.4068,12531334.0,3267.0,America/Los_Angeles,2021,1,17
2021-01-18,70,Moderate,PM2.5,20,Los Angeles,California,34.1141,-118.4068,12531334.0,3267.0,America/Los_Angeles,2021,1,18
2021-01-19,64,Moderate,PM10,21,Los Angeles,California,34.1141,-118.4068,12531334.0,3267.0,America/Los_Angeles,2021,1,19
2021-01-20,43,Good,NO2,20,Los Angeles,California,34.1141,-118.4068,12531334.0,3267.0,America/Los_Angeles,2021,1,20
2021-01-21,52,Moderate,PM2.5,20,Los Angeles,California,34.1141,-118.4068,12531334.0,3267.0,America/Los_Angeles,2021,1,21
2021-01-22,43,Good,PM2.5,22,Los Angeles,California,34.1141,-118.4068,12531334.0,3267.0,America/Los_Angeles,2021,1,22
2021-01-23,51,Moderate,PM2.5,20,Los Angeles,California,34.1141,-118.4068,12531334.0,3267.0,America/Los_Angeles,2021,1,23
2021-01-24,57,Moderate,PM2.5,20,Los Angeles,California,34.1141,-118.4068,12531334.0,3267.0,America/Los_Angeles,2021,1,24
2021-01-25,42,Good,NO2,22,Los Angeles,California,34.1141,-118.4068,12531334.0,3267.0,America/Los_Angeles,2021,1,25
2021-01-26,48,Good,NO2,20,Los Angeles,California,34.1141,-118.4068,12531334.0,3267.0,America/Los_Angeles,2021,1,26
2021-01-27,45,Good,PM2.5,20,Los Angeles,California,34.1141,-118.4068,12531334.0,3267.0,America/Los_Angeles,2021,1,27
2021-01-28,45,Good,PM2.5,22,Los Angeles,California,34.1141,-118.4068,12531334.0,3267.0,America/Los_Angeles,2021,1,28
2021-01-29,46,Good,PM2.5,20,Los Angeles,California,34.1141,-118.4068,12531334.0,3267.0,America/Los_Angeles,2021,1,29
2021-01-30,66,Moderate,PM2.5,20,Los Angeles,California,34.1141,-118.4068,12531334.0,3267.0,America/Los_Angeles,2021,1,30
2021-01-31,54,Moderate,PM2.5,22,Los Angeles,California,34.1141,-118.4068,12531334.0,3267.0,America/Los_Angeles,2021,1,31
2021-02-01,61,Moderate,NO2,20,Los Angeles,California,34.1141,-118.4068,12531334.0,3267.0,America/Los_Angeles,2021,2,1
2021-02-02,52,Moderate,PM2.5,20,Los Angeles,California,34.1141,-118.4068,12531334.0,3267.0,America/Los_Angeles,2021,2,2
2021-02-03,52,Moderate,PM2.5,22,Los Angeles,California,34.1141,-118.4068,12531334.0,3267.0,America/Los_Angeles,2021,2,3
2021-02-04,58,Moderate,PM2.5,20,Los Angeles,California,34.1141,-118.4068,12531334.0,3267.0,America/Los_Angeles,2021,2,4
2021-02-05,64,Moderate,PM2.5,20,Los Angeles,California,34.1141,-118.4068,12531334.0,3267.0,America/Los_Angeles,2021,2,5
2021-02-06,96,Moderate,PM2.5,22,Los Angeles,California,34.1141,-118.4068,12531334.0,3267.0,America/Los_Angeles,2021,2,6
2021-02-07,82,Moderate,PM2.5,20,Los Angeles,California,34.1141,-118.4068,12531334.0,3267.0,America/Los_Angeles,2021,2,7
2021-02-08,81,Moderate,PM2.5,20,Los Angeles,California,34.1141,-118.4068,12531334.0,3267.0,America/Los_Angeles,2021,2,8
2021-02-09,81,Moderate,PM2.5,22,Los Angeles,California,34.1141,-118.4068,12531334.0,3267.0,America/Los_Angeles,2021,2,9
2021-02-10,71,Moderate,PM2.5,20,Los Angeles,California,34.1141,-118.4068,12531334.0,3267.0,America/Los_Angeles,2021,2,10
2021-02-11,82,Moderate,PM2.5,20,Los Angeles,California,34.1141,-118.4068,12531334.0,3267.0,America/Los_Angeles,2021,2,11
2021-02-12,60,Moderate,PM2.5,22,Los Angeles,California,34.1141,-118.4068,12531334.0,3267.0,America/Los_Angeles,2021,2,12
2021-02-13,46,Good,PM2.5,20,Los Angeles,California,34.1141,-118.4068,12531334.0,3267.0,America/Los_Angeles,2021,2,13
2021-02-14,43,Good,Ozone,20,Los Angeles,California,34.1141,-118.4068,12531334.0,3267.0,America/Los_Angeles,2021,2,14
2021-02-15,48,Good,PM2.5,22,Los Angeles,California,34.1141,-118.4068,12531334.0,3267.0,America/Los_Angeles,2021,2,15
2021-02-16,51,Moderate,PM2.5,20,Los Angeles,California,34.1141,-118.4068,12531334.0,3267.0,America/Los_Angeles,2021,2,16
2021-02-17,51,Moderate,PM2.5,20,Los Angeles,California,34.1141,-118.4068,12531334.0,3267.0,America/Los_Angeles,2021,2,17
2021-02-18,56,Moderate,PM2.5,21,Los Angeles,California,34.1141,-118.4068,12531334.0,3267.0,America/Los_Angeles,2021,2,18
2021-02-19,58,Moderate,PM2.5,20,Los Angeles,California,34.1141,-118.4068,12531334.0,3267.0,America/Los_Angeles,2021,2,19
2021-02-20,58,Moderate,PM2.5,20,Los Angeles,California,34.1141,-118.4068,12531334.0,3267.0,America/Los_Angeles,2021,2,20
2021-02-21,60,Moderate,PM2.5,21,Los Angeles,California,34.1141,-118.4068,12531334.0,3267.0,America/Los_Angeles,2021,2,21
2021-02-22,60,Moderate,NO2,20,Los Angeles,California,34.1141,-118.4068,12531334.0,3267.0,America/Los_Angeles,2021,2,22
2021-02-23,59,Moderate,PM2.5,20,Los Angeles,California,34.1141,-118.4068,12531334.0,3267.0,America/Los_Angeles,2021,2,23
2021-02-24,56,Moderate,PM2.5,22,Los Angeles,California,34.1141,-118.4068,12531334.0,3267.0,America/Los_Angeles,2021,2,24
2021-02-25,59,Moderate,PM2.5,20,Los Angeles,California,34.1141,-118.4068,12531334.0,3267.0,America/Los_Angeles,2021,2,25
2021-02-26,61,Moderate,PM2.5,20,Los Angeles,California,34.1141,-118.4068,12531334.0,3267.0,America/Los_Angeles,2021,2,26
2021-02-27,66,Moderate,PM2.5,22,Los Angeles,California,34.1141,-118.4068,12531334.0,3267.0,America/Los_Angeles,2021,2,27
2021-02-28,57,Moderate,PM2.5,20,Los Angeles,California,34.1141,-118.4068,12531334.0,3267.0,America/Los_Angeles,2021,2,28
2021-03-01,64,Moderate,NO2,20,Los Angeles,California,34.1141,-118.4068,12531334.0,3267.0,America/Los_Angeles,2021,3,1
2021-03-02,55,Moderate,PM2.5,22,Los Angeles,California,34.1141,-118.4068,12531334.0,3267.0,America/Los_Angeles,2021,3,2
2021-03-03,51,Moderate,PM2.5,20,Los Angeles,California,34.1141,-118.4068,12531334.0,3267.0,America/Los_Angeles,2021,3,3
2021-03-04,54,Moderate,PM2.5,20,Los Angeles,California,34.1141,-118.4068,12531334.0,3267.0,America/Los_Angeles,2021,3,4
2021-03-05,64,Moderate,Ozone,21,Los Angeles,California,34.1141,-118.4068,12531334.0,3267.0,America/Los_Angeles,2021,3,5
2021-03-06,55,Moderate,PM2.5,20,Los Angeles,California,34.1141,-118.4068,12531334.0,3267.0,America/Los_Angeles,2021,3,6
2021-03-07,50,Good,PM2.5,20,Los Angeles,California,34.1141,-118.4068,12531334.0,3267.0,America/Los_Angeles,2021,3,7
2021-03-08,44,Good,Ozone,21,Los Angeles,California,34.1141,-118.4068,12531334.0,3267.0,America/Los_Angeles,2021,3,8
2021-03-09,44,Good,Ozone,20,Los Angeles,California,34.1141,-118.4068,12531334.0,3267.0,America/Los_Angeles,2021,3,9
2021-03-10,43,Good,Ozone,20,Los Angeles,California,34.1141,-118.4068,12531334.0,3267.0,America/Los_Angeles,2021,3,10
2021-03-11,52,Moderate,NO2,22,Los Angeles,California,34.1141,-118.4068,12531334.0,3267.0,America/Los_Angeles,2021,3,11
2021-03-12,52,Moderate,PM2.5,20,Los Angeles,California,34.1141,-118.4068,12531334.0,3267.0,America/Los_Angeles,2021,3,12
2021-03-13,60,Moderate,PM2.5,20,Los Angeles,California,34.1141,-118.4068,12531334.0,3267.0,America/Los_Angeles,2021,3,13
2021-03-14,51,Moderate,PM2.5,22,Los Angeles,California,34.1141,-118.4068,12531334.0,3267.0,America/Los_Angeles,2021,3,14
2021-03-15,42,Good,Ozone,20,Los Angeles,California,34.1141,-118.4068,12531334.0,3267.0,America/Los_Angeles,2021,3,15
2021-03-16,49,Good,NO2,20,Los Angeles,California,34.1141,-118.4068,12531334.0,3267.0,America/Los_Angeles,2021,3,16
2021-03-17,53,Moderate,PM2.5,21,Los Angeles,California,34.1141,-118.4068,12531334.0,3267.0,America/Los_Angeles,2021,3,17
2021-03-18,64,Moderate,Ozone,20,Los Angeles,California,34.1141,-118.4068,12531334.0,3267.0,America/Los_Angeles,2021,3,18
2021-03-19,51,Moderate,PM2.5,20,Los Angeles,California,34.1141,-118.4068,12531334.0,3267.0,America/Los_Angeles,2021,3,19
2021-03-20,44,Good,Ozone,21,Los Angeles,California,34.1141,-118.4068,12531334.0,3267.0,America/Los_Angeles,2021,3,20
2021-03-21,48,Good,Ozone,20,Los Angeles,California,34.1141,-118.4068,12531334.0,3267.0,America/Los_Angeles,2021,3,21
2021-03-22,49,Good,PM2.5,20,Los Angeles,California,34.1141,-118.4068,12531334.0,3267.0,America/Los_Angeles,2021,3,22
2021-03-23,51,Moderate,PM10,21,Los Angeles,California,34.1141,-118.4068,12531334.0,3267.0,America/Los_Angeles,2021,3,23
2021-03-24,50,Good,PM2.5,20,Los Angeles,California,34.1141,-118.4068,12531334.0,3267.0,America/Los_Angeles,2021,3,24
2021-03-25,47,Good,PM2.5,20,Los Angeles,California,34.1141,-118.4068,12531334.0,3267.0,America/Los_Angeles,2021,3,25
2021-03-26,44,Good,Ozone,20,Los Angeles,California,34.1141,-118.4068,12531334.0,3267.0,America/Los_Angeles,2021,3,26
2021-03-27,58,Moderate,PM2.5,20,Los Angeles,California,34.1141,-118.4068,12531334.0,3267.0,America/Los_Angeles,2021,3,27
2021-03-28,80,Moderate,Ozone,20,Los Angeles,California,34.1141,-118.4068,12531334.0,3267.0,America/Los_Angeles,2021,3,28
2021-03-29,67,Moderate,Ozone,21,Los Angeles,California,34.1141,-118.4068,12531334.0,3267.0,America/Los_Angeles,2021,3,29
2021-03-30,67,Moderate,Ozone,19,Los Angeles,California,34.1141,-118.4068,12531334.0,3267.0,America/Los_Angeles,2021,3,30
2021-03-31,74,Moderate,Ozone,20,Los Angeles,California,34.1141,-118.4068,12531334.0,3267.0,America/Los_Angeles,2021,3,31
2021-04-01,80,Moderate,Ozone,21,Los Angeles,California,34.1141,-118.4068,12531334.0,3267.0,America/Los_Angeles,2021,4,1
2021-04-02,93,Moderate,Ozone,20,Los Angeles,California,34.1141,-118.4068,12531334.0,3267.0,America/Los_Angeles,2021,4,2
2021-04-03,112,Unhealthy for Sensitive Groups,Ozone,20,Los Angeles,California,34.1141,-118.4068,12531334.0,3267.0,America/Los_Angeles,2021,4,3
2021-04-04,112,Unhealthy for Sensitive Groups,Ozone,21,Los Angeles,California,34.1141,-118.4068,12531334.0,3267.0,America/Los_Angeles,2021,4,4
2021-04-05,57,Moderate,PM2.5,20,Los Angeles,California,34.1141,-118.4068,12531334.0,3267.0,America/Los_Angeles,2021,4,5
2021-04-06,62,Moderate,PM2.5,20,Los Angeles,California,34.1141,-118.4068,12531334.0,3267.0,America/Los_Angeles,2021,4,6
2021-04-07,87,Moderate,Ozone,21,Los Angeles,California,34.1141,-118.4068,12531334.0,3267.0,America/Los_Angeles,2021,4,7
2021-04-08,64,Moderate,Ozone,20,Los Angeles,California,34.1141,-118.4068,12531334.0,3267.0,America/Los_Angeles,2021,4,8
2021-04-09,80,Moderate,Ozone,20,Los Angeles,California,34.1141,-118.4068,12531334.0,3267.0,America/Los_Angeles,2021,4,9
2021-04-10,100,Moderate,Ozone,22,Los Angeles,California,34.1141,-118.4068,12531334.0,3267.0,America/Los_Angeles,2021,4,10
2021-04-11,101,Unhealthy for Sensitive Groups,Ozone,20,Los Angeles,California,34.1141,-118.4068,12531334.0,3267.0,America/Los_Angeles,2021,4,11
2021-04-12,71,Moderate,Ozone,20,Los Angeles,California,34.1141,-118.4068,12531334.0,3267.0,America/Los_Angeles,2021,4,12
2021-04-13,60,Moderate,PM10,22,Los Angeles,California,34.1141,-118.4068,12531334.0,3267.0,America/Los_Angeles,2021,4,13
2021-04-14,59,Moderate,PM2.5,20,Los Angeles,California,34.1141,-118.4068,12531334.0,3267.0,America/Los_Angeles,2021,4,14
2021-04-15,63,Moderate,PM2.5,20,Los Angeles,California,34.1141,-118.4068,12531334.0,3267.0,America/Los_Angeles,2021,4,15
2021-04-16,71,Moderate,Ozone,21,Los Angeles,California,34.1141,-118.4068,12531334.0,3267.0,America/Los_Angeles,2021,4,16
2021-04-17,93,Moderate,Ozone,20,Los Angeles,California,34.1141,-118.4068,12531334.0,3267.0,America/Los_Angeles,2021,4,17
2021-04-18,71,Moderate,Ozone,20,Los Angeles,California,34.1141,-118.4068,12531334.0,3267.0,America/Los_Angeles,2021,4,18
2021-04-19,80,Moderate,Ozone,22,Los Angeles,California,34.1141,-118.4068,12531334.0,3267.0,America/Los_Angeles,2021,4,19
2021-04-20,74,Moderate,Ozone,20,Los Angeles,California,34.1141,-118.4068,12531334.0,3267.0,America/Los_Angeles,2021,4,20
2021-04-21,53,Moderate,PM2.5,20,Los Angeles,California,34.1141,-118.4068,12531334.0,3267.0,America/Los_Angeles,2021,4,21
2021-04-22,51,Moderate,NO2,22,Los Angeles,California,34.1141,-118.4068,12531334.0,3267.0,America/Los_Angeles,2021,4,22
2021-04-23,54,Moderate,PM2.5,20,Los Angeles,California,34.1141,-118.4068,12531334.0,3267.0,America/Los_Angeles,2021,4,23
2021-04-24,54,Moderate,PM2.5,20,Los Angeles,California,34.1141,-118.4068,12531334.0,3267.0,America/Los_Angeles,2021,4,24
2021-04-25,49,Good,PM2.5,22,Los Angeles,California,34.1141,-118.4068,12531334.0,3267.0,America/Los_Angeles,2021,4,25
2021-04-26,40,Good,Ozone,20,Los Angeles,California,34.1141,-118.4068,12531334.0,3267.0,America/Los_Angeles,2021,4,26
2021-04-27,44,Good,Ozone,20,Los Angeles,California,34.1141,-118.4068,12531334.0,3267.0,America/Los_Angeles,2021,4,27
2021-04-28,56,Moderate,PM2.5,21,Los Angeles,California,34.1141,-118.4068,12531334.0,3267.0,America/Los_Angeles,2021,4,28
2021-04-29,97,Moderate,Ozone,20,Los Angeles,California,34.1141,-118.4068,12531334.0,3267.0,America/Los_Angeles,2021,4,29
2021-04-30,133,Unhealthy for Sensitive Groups,Ozone,20,Los Angeles,California,34.1141,-118.4068,12531334.0,3267.0,America/Los_Angeles,2021,4,30
2021-05-01,90,Moderate,Ozone,22,Los Angeles,California,34.1141,-118.4068,12531334.0,3267.0,America/Los_Angeles,2021,5,1
2021-05-02,57,Moderate,PM10,20,Los Angeles,California,34.1141,-118.4068,12531334.0,3267.0,America/Los_Angeles,2021,5,2
2021-05-03,66,Moderate,PM2.5,20,Los Angeles,California,34.1141,-118.4068,12531334.0,3267.0,America/Los_Angeles,2021,5,3
2021-05-04,100,Moderate,Ozone,22,Los Angeles,California,34.1141,-118.4068,12531334.0,3267.0,America/Los_Angeles,2021,5,4
2021-05-05,129,Unhealthy for Sensitive Groups,Ozone,20,Los Angeles,California,34.1141,-118.4068,12531334.0,3267.0,America/Los_Angeles,2021,5,5
2021-05-06,84,Moderate,Ozone,20,Los Angeles,California,34.1141,-118.4068,12531334.0,3267.0,America/Los_Angeles,2021,5,6
2021-05-07,74,Moderate,Ozone,22,Los Angeles,California,34.1141,-118.4068,12531334.0,3267.0,America/Los_Angeles,2021,5,7
2021-05-08,90,Moderate,Ozone,20,Los Angeles,California,34.1141,-118.4068,12531334.0,3267.0,America/Los_Angeles,2021,5,8
2021-05-09,84,Moderate,Ozone,20,Los Angeles,California,34.1141,-118.4068,12531334.0,3267.0,America/Los_Angeles,2021,5,9
2021-05-10,60,Moderate,PM2.5,22,Los Angeles,California,34.1141,-118.4068,12531334.0,3267.0,America/Los_Angeles,2021,5,10
2021-05-11,97,Moderate,Ozone,20,Los Angeles,California,34.1141,-118.4068,12531334.0,3267.0,America/Los_Angeles,2021,5,11
2021-05-12,97,Moderate,Ozone,19,Los Angeles,California,34.1141,-118.4068,12531334.0,3267.0,America/Los_Angeles,2021,5,12
2021-05-13,97,Moderate,Ozone,21,Los Angeles,California,34.1141,-118.4068,12531334.0,3267.0,America/Los_Angeles,2021,5,13
2021-05-14,80,Moderate,Ozone,20,Los Angeles,California,34.1141,-118.4068,12531334.0,3267.0,America/Los_Angeles,2021,5,14
2021-05-15,73,Moderate,PM2.5,20,Los Angeles,California,34.1141,-118.4068,12531334.0,3267.0,America/Los_Angeles,2021,5,15
2021-05-16,59,Moderate,PM2.5,22,Los Angeles,California,34.1141,-118.4068,12531334.0,3267.0,America/Los_Angeles,2021,5,16
2021-05-17,51,Moderate,Ozone,20,Los Angeles,California,34.1141,-118.4068,12531334.0,3267.0,America/Los_Angeles,2021,5,17
2021-05-18,74,Moderate,Ozone,19,Los Angeles,California,34.1141,-118.4068,12531334.0,3267.0,America/Los_Angeles,2021,5,18
2021-05-19,84,Moderate,Ozone,21,Los Angeles,California,34.1141,-118.4068,12531334.0,3267.0,America/Los_Angeles,2021,5,19
2021-05-20,62,Moderate,PM2.5,20,Los Angeles,California,34.1141,-118.4068,12531334.0,3267.0,America/Los_Angeles,2021,5,20
2021-05-21,56,Moderate,PM2.5,20,Los Angeles,California,34.1141,-118.4068,12531334.0,3267.0,America/Los_Angeles,2021,5,21
2021-05-22,56,Moderate,PM2.5,22,Los Angeles,California,34.1141,-118.4068,12531334.0,3267.0,America/Los_Angeles,2021,5,22
2021-05-23,57,Moderate,PM2.5,20,Los Angeles,California,34.1141,-118.4068,12531334.0,3267.0,America/Los_Angeles,2021,5,23
2021-05-24,97,Moderate,Ozone,20,Los Angeles,California,34.1141,-118.4068,12531334.0,3267.0,America/Los_Angeles,2021,5,24
2021-05-25,100,Moderate,Ozone,22,Los Angeles,California,34.1141,-118.4068,12531334.0,3267.0,America/Los_Angeles,2021,5,25
2021-05-26,67,Moderate,PM2.5,20,Los Angeles,California,34.1141,-118.4068,12531334.0,3267.0,America/Los_Angeles,2021,5,26
2021-05-27,90,Moderate,Ozone,20,Los Angeles,California,34.1141,-118.4068,12531334.0,3267.0,America/Los_Angeles,2021,5,27
2021-05-28,122,Unhealthy for Sensitive Groups,Ozone,21,Los Angeles,California,34.1141,-118.4068,12531334.0,3267.0,America/Los_Angeles,2021,5,28
2021-05-29,71,Moderate,Ozone,20,Los Angeles,California,34.1141,-118.4068,12531334.0,3267.0,America/Los_Angeles,2021,5,29
2021-05-30,80,Moderate,Ozone,20,Los Angeles,California,34.1141,-118.4068,12531334.0,3267.0,America/Los_Angeles,2021,5,30
2021-05-31,101,Unhealthy for Sensitive Groups,Ozone,22,Los Angeles,California,34.1141,-118.4068,12531334.0,3267.0,America/Los_Angeles,2021,5,31
2021-06-01,140,Unhealthy for Sensitive Groups,Ozone,20,Los Angeles,California,34.1141,-118.4068,12531334.0,3267.0,America/Los_Angeles,2021,6,1
2021-06-02,161,Unhealthy,Ozone,20,Los Angeles,California,34.1141,-118.4068,12531334.0,3267.0,America/Los_Angeles,2021,6,2
2021-06-03,159,Unhealthy,Ozone,21,Los Angeles,California,34.1141,-118.4068,12531334.0,3267.0,America/Los_Angeles,2021,6,3
2021-06-04,108,Unhealthy for Sensitive Groups,Ozone,20,Los Angeles,California,34.1141,-118.4068,12531334.0,3267.0,America/Los_Angeles,2021,6,4
2021-06-05,56,Moderate,PM2.5,20,Los Angeles,California,34.1141,-118.4068,12531334.0,3267.0,America/Los_Angeles,2021,6,5
2021-06-06,51,Moderate,PM2.5,21,Los Angeles,California,34.1141,-118.4068,12531334.0,3267.0,America/Los_Angeles,2021,6,6
2021-06-07,40,Good,Ozone,20,Los Angeles,California,34.1141,-118.4068,12531334.0,3267.0,America/Los_Angeles,2021,6,7
2021-06-08,58,Moderate,Ozone,20,Los Angeles,California,34.1141,-118.4068,12531334.0,3267.0,America/Los_Angeles,2021,6,8
2021-06-09,54,Moderate,Ozone,21,Los Angeles,California,34.1141,-118.4068,12531334.0,3267.0,America/Los_Angeles,2021,6,9
2021-06-10,51,Moderate,PM2.5,20,Los Angeles,California,34.1141,-118.4068,12531334.0,3267.0,America/Los_Angeles,2021,6,10
2021-06-11,119,Unhealthy for Sensitive Groups,Ozone,20,Los Angeles,California,34.1141,-118.4068,12531334.0,3267.0,America/Los_Angeles,2021,6,11
2021-06-12,172,Unhealthy,Ozone,21,Los Angeles,California,34.1141,-118.4068,12531334.0,3267.0,America/Los_Angeles,2021,6,12
2021-06-13,143,Unhealthy for Sensitive Groups,Ozone,20,Los Angeles,California,34.1141,-118.4068,12531334.0,3267.0,America/Los_Angeles,2021,6,13
2021-06-14,97,Moderate,Ozone,20,Los Angeles,California,34.1141,-118.4068,12531334.0,3267.0,America/Los_Angeles,2021,6,14
2021-06-15,129,Unhealthy for Sensitive Groups,Ozone,21,Los Angeles,California,34.1141,-118.4068,12531334.0,3267.0,America/Los_Angeles,2021,6,15
2021-06-16,169,Unhealthy,Ozone,19,Los Angeles,California,34.1141,-118.4068,12531334.0,3267.0,America/Los_Angeles,2021,6,16
2021-06-17,140,Unhealthy for Sensitive Groups,Ozone,20,Los Angeles,California,34.1141,-118.4068,12531334.0,3267.0,America/Los_Angeles,2021,6,17
2021-06-18,159,Unhealthy,Ozone,21,Los Angeles,California,34.1141,-118.4068,12531334.0,3267.0,America/Los_Angeles,2021,6,18
2021-06-19,169,Unhealthy,Ozone,20,Los Angeles,California,34.1141,-118.4068,12531334.0,3267.0,America/Los_Angeles,2021,6,19
2021-06-20,129,Unhealthy for Sensitive Groups,Ozone,20,Los Angeles,California,34.1141,-118.4068,12531334.0,3267.0,America/Los_Angeles,2021,6,20
2021-06-21,115,Unhealthy for Sensitive Groups,Ozone,21,Los Angeles,California,34.1141,-118.4068,12531334.0,3267.0,America/Los_Angeles,2021,6,21
2021-06-22,74,Moderate,Ozone,20,Los Angeles,California,34.1141,-118.4068,12531334.0,3267.0,America/Los_Angeles,2021,6,22
2021-06-23,58,Moderate,Ozone,20,Los Angeles,California,34.1141,-118.4068,12531334.0,3267.0,America/Los_Angeles,2021,6,23
2021-06-24,44,Good,Ozone,21,Los Angeles,California,34.1141,-118.4068,12531334.0,3267.0,America/Los_Angeles,2021,6,24
2021-06-25,51,Moderate,PM2.5,20,Los Angeles,California,34.1141,-118.4068,12531334.0,3267.0,America/Los_Angeles,2021,6,25
2021-06-26,140,Unhealthy for Sensitive Groups,Ozone,20,Los Angeles,California,34.1141,-118.4068,12531334.0,3267.0,America/Los_Angeles,2021,6,26
2021-06-27,177,Unhealthy,Ozone,21,Los Angeles,California,34.1141,-118.4068,12531334.0,3267.0,America/Los_Angeles,2021,6,27
2021-06-28,195,Unhealthy,Ozone,20,Los Angeles,California,34.1141,-118.4068,12531334.0,3267.0,America/Los_Angeles,2021,6,28
2021-06-29,108,Unhealthy for Sensitive Groups,Ozone,20,Los Angeles,California,34.1141,-118.4068,12531334.0,3267.0,America/Los_Angeles,2021,6,29
2021-06-30,143,Unhealthy for Sensitive Groups,Ozone,21,Los Angeles,California,34.1141,-118.4068,12531334.0,3267.0,America/Los_Angeles,2021,6,30
2021-07-01,112,Unhealthy for Sensitive Groups,Ozone,20,Los Angeles,California,34.1141,-118.4068,12531334.0,3267.0,America/Los_Angeles,2021,7,1
2021-07-02,108,Unhealthy for Sensitive Groups,Ozone,20,Los Angeles,California,34.1141,-118.4068,12531334.0,3267.0,America/Los_Angeles,2021,7,2
2021-07-03,119,Unhealthy for Sensitive Groups,Ozone,21,Los Angeles,California,34.1141,-118.4068,12531334.0,3267.0,America/Los_Angeles,2021,7,3
2021-07-04,142,Unhealthy for Sensitive Groups,PM2.5,20,Los Angeles,California,34.1141,-118.4068,12531334.0,3267.0,America/Los_Angeles,2021,7,4
2021-07-05,172,Unhealthy,PM2.5,20,Los Angeles,California,34.1141,-118.4068,12531334.0,3267.0,America/Los_Angeles,2021,7,5
2021-07-06,136,Unhealthy for Sensitive Groups,Ozone,21,Los Angeles,California,34.1141,-118.4068,12531334.0,3267.0,America/Los_Angeles,2021,7,6
2021-07-07,187,Unhealthy,Ozone,20,Los Angeles,California,34.1141,-118.4068,12531334.0,3267.0,America/Los_Angeles,2021,7,7
2021-07-08,179,Unhealthy,Ozone,20,Los Angeles,California,34.1141,-118.4068,12531334.0,3267.0,America/Los_Angeles,2021,7,8
2021-07-09,185,Unhealthy,Ozone,21,Los Angeles,California,34.1141,-118.4068,12531334.0,3267.0,America/Los_Angeles,2021,7,9
2021-07-10,150,Unhealthy for Sensitive Groups,Ozone,20,Los Angeles,California,34.1141,-118.4068,12531334.0,3267.0,America/Los_Angeles,2021,7,10
2021-07-11,115,Unhealthy for Sensitive Groups,Ozone,20,Los Angeles,California,34.1141,-118.4068,12531334.0,3267.0,America/Los_Angeles,2021,7,11
2021-07-12,112,Unhealthy for Sensitive Groups,Ozone,21,Los Angeles,California,34.1141,-118.4068,12531334.0,3267.0,America/Los_Angeles,2021,7,12
2021-07-13,119,Unhealthy for Sensitive Groups,Ozone,19,Los Angeles,California,34.1141,-118.4068,12531334.0,3267.0,America/Los_Angeles,2021,7,13
2021-07-14,90,Moderate,Ozone,20,Los Angeles,California,34.1141,-118.4068,12531334.0,3267.0,America/Los_Angeles,2021,7,14
2021-07-15,87,Moderate,Ozone,21,Los Angeles,California,34.1141,-118.4068,12531334.0,3267.0,America/Los_Angeles,2021,7,15
2021-07-16,100,Moderate,Ozone,20,Los Angeles,California,34.1141,-118.4068,12531334.0,3267.0,America/Los_Angeles,2021,7,16
2021-07-17,119,Unhealthy for Sensitive Groups,Ozone,20,Los Angeles,California,34.1141,-118.4068,12531334.0,3267.0,America/Los_Angeles,2021,7,17
2021-07-18,136,Unhealthy for Sensitive Groups,Ozone,21,Los Angeles,California,34.1141,-118.4068,12531334.0,3267.0,America/Los_Angeles,2021,7,18
2021-07-19,115,Unhealthy for Sensitive Groups,Ozone,20,Los Angeles,California,34.1141,-118.4068,12531334.0,3267.0,America/Los_Angeles,2021,7,19
2021-07-20,97,Moderate,Ozone,20,Los Angeles,California,34.1141,-118.4068,12531334.0,3267.0,America/Los_Angeles,2021,7,20
2021-07-21,119,Unhealthy for Sensitive Groups,Ozone,21,Los Angeles,California,34.1141,-118.4068,12531334.0,3267.0,America/Los_Angeles,2021,7,21
2021-07-22,75,Moderate,PM2.5,20,Los Angeles,California,34.1141,-118.4068,12531334.0,3267.0,America/Los_Angeles,2021,7,22
2021-07-23,84,Moderate,Ozone,20,Los Angeles,California,34.1141,-118.4068,12531334.0,3267.0,America/Los_Angeles,2021,7,23
2021-07-24,100,Moderate,Ozone,21,Los Angeles,California,34.1141,-118.4068,12531334.0,3267.0,America/Los_Angeles,2021,7,24
2021-07-25,90,Moderate,Ozone,20,Los Angeles,California,34.1141,-118.4068,12531334.0,3267.0,America/Los_Angeles,2021,7,25
2021-07-26,60,Moderate,PM2.5,20,Los Angeles,California,34.1141,-118.4068,12531334.0,3267.0,America/Los_Angeles,2021,7,26
2021-07-27,87,Moderate,Ozone,21,Los Angeles,California,34.1141,-118.4068,12531334.0,3267.0,America/Los_Angeles,2021,7,27
2021-07-28,87,Moderate,Ozone,20,Los Angeles,California,34.1141,-118.4068,12531334.0,3267.0,America/Los_Angeles,2021,7,28
2021-07-29,84,Moderate,Ozone,20,Los Angeles,California,34.1141,-118.4068,12531334.0,3267.0,America/Los_Angeles,2021,7,29
2021-07-30,87,Moderate,Ozone,21,Los Angeles,California,34.1141,-118.4068,12531334.0,3267.0,America/Los_Angeles,2021,7,30
2021-07-31,100,Moderate,Ozone,20,Los Angeles,California,34.1141,-118.4068,12531334.0,3267.0,America/Los_Angeles,2021,7,31
2021-08-01,115,Unhealthy for Sensitive Groups,Ozone,20,Los Angeles,California,34.1141,-118.4068,12531334.0,3267.0,America/Los_Angeles,2021,8,1
2021-08-02,112,Unhealthy for Sensitive Groups,Ozone,21,Los Angeles,California,34.1141,-118.4068,12531334.0,3267.0,America/Los_Angeles,2021,8,2
2021-08-03,154,Unhealthy,Ozone,20,Los Angeles,California,34.1141,-118.4068,12531334.0,3267.0,America/Los_Angeles,2021,8,3
2021-08-04,179,Unhealthy,Ozone,20,Los Angeles,California,34.1141,-118.4068,12531334.0,3267.0,America/Los_Angeles,2021,8,4
2021-08-05,179,Unhealthy,Ozone,21,Los Angeles,California,34.1141,-118.4068,12531334.0,3267.0,America/Los_Angeles,2021,8,5
2021-08-06,140,Unhealthy for Sensitive Groups,Ozone,20,Los Angeles,California,34.1141,-118.4068,12531334.0,3267.0,America/Los_Angeles,2021,8,6
2021-08-07,129,Unhealthy for Sensitive Groups,Ozone,20,Los Angeles,California,34.1141,-118.4068,12531334.0,3267.0,America/Los_Angeles,2021,8,7
2021-08-08,119,Unhealthy for Sensitive Groups,Ozone,21,Los Angeles,California,34.1141,-118.4068,12531334.0,3267.0,America/Los_Angeles,2021,8,8
2021-08-09,129,Unhealthy for Sensitive Groups,Ozone,20,Los Angeles,California,34.1141,-118.4068,12531334.0,3267.0,America/Los_Angeles,2021,8,9
2021-08-10,143,Unhealthy for Sensitive Groups,Ozone,20,Los Angeles,California,34.1141,-118.4068,12531334.0,3267.0,America/Los_Angeles,2021,8,10
2021-08-11,90,Moderate,Ozone,21,Los Angeles,California,34.1141,-118.4068,12531334.0,3267.0,America/Los_Angeles,2021,8,11
2021-08-12,80,Moderate,Ozone,19,Los Angeles,California,34.1141,-118.4068,12531334.0,3267.0,America/Los_Angeles,2021,8,12
2021-08-13,61,Moderate,Ozone,20,Los Angeles,California,34.1141,-118.4068,12531334.0,3267.0,America/Los_Angeles,2021,8,13
2021-08-14,101,Unhealthy for Sensitive Groups,Ozone,21,Los Angeles,California,34.1141,-118.4068,12531334.0,3267.0,America/Los_Angeles,2021,8,14
2021-08-15,164,Unhealthy,Ozone,20,Los Angeles,California,34.1141,-118.4068,12531334.0,3267.0,America/Los_Angeles,2021,8,15
2021-08-16,122,Unhealthy for Sensitive Groups,Ozone,20,Los Angeles,California,34.1141,-118.4068,12531334.0,3267.0,America/Los_Angeles,2021,8,16
2021-08-17,56,Moderate,PM2.5,21,Los Angeles,California,34.1141,-118.4068,12531334.0,3267.0,America/Los_Angeles,2021,8,17
2021-08-18,47,Good,PM2.5,20,Los Angeles,California,34.1141,-118.4068,12531334.0,3267.0,America/Los_Angeles,2021,8,18
2021-08-19,64,Moderate,Ozone,20,Los Angeles,California,34.1141,-118.4068,12531334.0,3267.0,America/Los_Angeles,2021,8,19
2021-08-20,84,Moderate,Ozone,21,Los Angeles,California,34.1141,-118.4068,12531334.0,3267.0,America/Los_Angeles,2021,8,20
2021-08-21,49,Good,PM2.5,20,Los Angeles,California,34.1141,-118.4068,12531334.0,3267.0,America/Los_Angeles,2021,8,21
2021-08-22,87,Moderate,Ozone,20,Los Angeles,California,34.1141,-118.4068,12531334.0,3267.0,America/Los_Angeles,2021,8,22
2021-08-23,129,Unhealthy for Sensitive Groups,Ozone,21,Los Angeles,California,34.1141,-118.4068,12531334.0,3267.0,America/Los_Angeles,2021,8,23
2021-08-24,150,Unhealthy for Sensitive Groups,Ozone,20,Los Angeles,California,34.1141,-118.4068,12531334.0,3267.0,America/Los_Angeles,2021,8,24
2021-08-25,166,Unhealthy,Ozone,20,Los Angeles,California,34.1141,-118.4068,12531334.0,3267.0,America/Los_Angeles,2021,8,25
2021-08-26,159,Unhealthy,Ozone,20,Los Angeles,California,34.1141,-118.4068,12531334.0,3267.0,America/Los_Angeles,2021,8,26
2021-08-27,154,Unhealthy,Ozone,20,Los Angeles,California,34.1141,-118.4068,12531334.0,3267.0,America/Los_Angeles,2021,8,27
2021-08-28,177,Unhealthy,Ozone,20,Los Angeles,California,34.1141,-118.4068,12531334.0,3267.0,America/Los_Angeles,2021,8,28
2021-08-29,166,Unhealthy,Ozone,21,Los Angeles,California,34.1141,-118.4068,12531334.0,3267.0,America/Los_Angeles,2021,8,29
2021-08-30,136,Unhealthy for Sensitive Groups,Ozone,20,Los Angeles,California,34.1141,-118.4068,12531334.0,3267.0,America/Los_Angeles,2021,8,30
2021-08-31,77,Moderate,PM2.5,20,Los Angeles,California,34.1141,-118.4068,12531334.0,3267.0,America/Los_Angeles,2021,8,31
2021-09-01,64,Moderate,PM2.5,21,Los Angeles,California,34.1141,-118.4068,12531334.0,3267.0,America/Los_Angeles,2021,9,1
2021-09-02,101,Unhealthy for Sensitive Groups,Ozone,20,Los Angeles,California,34.1141,-118.4068,12531334.0,3267.0,America/Los_Angeles,2021,9,2
2021-09-03,150,Unhealthy for Sensitive Groups,Ozone,20,Los Angeles,California,34.1141,-118.4068,12531334.0,3267.0,America/Los_Angeles,2021,9,3
2021-09-04,136,Unhealthy for Sensitive Groups,Ozone,21,Los Angeles,California,34.1141,-118.4068,12531334.0,3267.0,America/Los_Angeles,2021,9,4
2021-09-05,143,Unhealthy for Sensitive Groups,Ozone,20,Los Angeles,California,34.1141,-118.4068,12531334.0,3267.0,America/Los_Angeles,2021,9,5
2021-09-06,154,Unhealthy,Ozone,20,Los Angeles,California,34.1141,-118.4068,12531334.0,3267.0,America/Los_Angeles,2021,9,6
2021-09-07,150,Unhealthy for Sensitive Groups,Ozone,21,Los Angeles,California,34.1141,-118.4068,12531334.0,3267.0,America/Los_Angeles,2021,9,7
2021-09-08,150,Unhealthy for Sensitive Groups,Ozone,20,Los Angeles,California,34.1141,-118.4068,12531334.0,3267.0,America/Los_Angeles,2021,9,8
2021-09-09,161,Unhealthy,Ozone,20,Los Angeles,California,34.1141,-118.4068,12531334.0,3267.0,America/Los_Angeles,2021,9,9
2021-09-10,115,Unhealthy for Sensitive Groups,Ozone,21,Los Angeles,California,34.1141,-118.4068,12531334.0,3267.0,America/Los_Angeles,2021,9,10
2021-09-11,84,Moderate,Ozone,20,Los Angeles,California,34.1141,-118.4068,12531334.0,3267.0,America/Los_Angeles,2021,9,11
2021-09-12,100,Moderate,Ozone,20,Los Angeles,California,34.1141,-118.4068,12531334.0,3267.0,America/Los_Angeles,2021,9,12
2021-09-13,112,Unhealthy for Sensitive Groups,Ozone,21,Los Angeles,California,34.1141,-118.4068,12531334.0,3267.0,America/Los_Angeles,2021,9,13
2021-09-14,105,Unhealthy for Sensitive Groups,Ozone,20,Los Angeles,California,34.1141,-118.4068,12531334.0,3267.0,America/Los_Angeles,2021,9,14
2021-09-15,105,Unhealthy for Sensitive Groups,Ozone,20,Los Angeles,California,34.1141,-118.4068,12531334.0,3267.0,America/Los_Angeles,2021,9,15
2021-09-16,133,Unhealthy for Sensitive Groups,Ozone,21,Los Angeles,California,34.1141,-118.4068,12531334.0,3267.0,America/Los_Angeles,2021,9,16
2021-09-17,100,Moderate,Ozone,19,Los Angeles,California,34.1141,-118.4068,12531334.0,3267.0,America/Los_Angeles,2021,9,17
2021-09-18,77,Moderate,Ozone,19,Los Angeles,California,34.1141,-118.4068,12531334.0,3267.0,America/Los_Angeles,2021,9,18
2021-09-19,105,Unhealthy for Sensitive Groups,Ozone,20,Los Angeles,California,34.1141,-118.4068,12531334.0,3267.0,America/Los_Angeles,2021,9,19
2021-09-20,115,Unhealthy for Sensitive Groups,Ozone,19,Los Angeles,California,34.1141,-118.4068,12531334.0,3267.0,America/Los_Angeles,2021,9,20
2021-09-21,119,Unhealthy for Sensitive Groups,Ozone,19,Los Angeles,California,34.1141,-118.4068,12531334.0,3267.0,America/Los_Angeles,2021,9,21
2021-09-22,67,Moderate,Ozone,20,Los Angeles,California,34.1141,-118.4068,12531334.0,3267.0,America/Los_Angeles,2021,9,22
2021-09-23,93,Moderate,PM2.5,19,Los Angeles,California,34.1141,-118.4068,12531334.0,3267.0,America/Los_Angeles,2021,9,23
2021-09-24,87,Moderate,PM2.5,19,Los Angeles,California,34.1141,-118.4068,12531334.0,3267.0,America/Los_Angeles,2021,9,24
2021-09-25,87,Moderate,Ozone,20,Los Angeles,California,34.1141,-118.4068,12531334.0,3267.0,America/Los_Angeles,2021,9,25
2021-09-26,70,Moderate,PM2.5,19,Los Angeles,California,34.1141,-118.4068,12531334.0,3267.0,America/Los_Angeles,2021,9,26
2021-09-27,60,Moderate,PM2.5,19,Los Angeles,California,34.1141,-118.4068,12531334.0,3267.0,America/Los_Angeles,2021,9,27
2021-09-28,61,Moderate,PM10,20,Los Angeles,California,34.1141,-118.4068,12531334.0,3267.0,America/Los_Angeles,2021,9,28
2021-09-29,73,Moderate,PM10,19,Los Angeles,California,34.1141,-118.4068,12531334.0,3267.0,America/Los_Angeles,2021,9,29
2021-09-30,80,Moderate,Ozone,19,Los Angeles,California,34.1141,-118.4068,12531334.0,3267.0,America/Los_Angeles,2021,9,30
2021-10-01,90,Moderate,Ozone,20,Los Angeles,California,34.1141,-118.4068,12531334.0,3267.0,America/Los_Angeles,2021,10,1
2021-10-02,115,Unhealthy for Sensitive Groups,Ozone,19,Los Angeles,California,34.1141,-118.4068,12531334.0,3267.0,America/Los_Angeles,2021,10,2
2021-10-03,150,Unhealthy for Sensitive Groups,Ozone,19,Los Angeles,California,34.1141,-118.4068,12531334.0,3267.0,America/Los_Angeles,2021,10,3
2021-10-04,93,Moderate,Ozone,20,Los Angeles,California,34.1141,-118.4068,12531334.0,3267.0,America/Los_Angeles,2021,10,4
2021-10-05,71,Moderate,Ozone,19,Los Angeles,California,34.1141,-118.4068,12531334.0,3267.0,America/Los_Angeles,2021,10,5
2021-10-06,64,Moderate,Ozone,19,Los Angeles,California,34.1141,-118.4068,12531334.0,3267.0,America/Los_Angeles,2021,10,6
2021-10-07,52,Moderate,PM2.5,20,Los Angeles,California,34.1141,-118.4068,12531334.0,3267.0,America/Los_Angeles,2021,10,7
2021-10-08,41,Good,NO2,19,Los Angeles,California,34.1141,-118.4068,12531334.0,3267.0,America/Los_Angeles,2021,10,8
2021-10-09,47,Good,Ozone,19,Los Angeles,California,34.1141,-118.4068,12531334.0,3267.0,America/Los_Angeles,2021,10,9
2021-10-10,74,Moderate,Ozone,20,Los Angeles,California,34.1141,-118.4068,12531334.0,3267.0,America/Los_Angeles,2021,10,10
2021-10-11,281,Very Unhealthy,PM10,19,Los Angeles,California,34.1141,-118.4068,12531334.0,3267.0,America/Los_Angeles,2021,10,11
2021-10-12,54,Moderate,PM2.5,19,Los Angeles,California,34.1141,-118.4068,12531334.0,3267.0,America/Los_Angeles,2021,10,12
2021-10-13,67,Moderate,PM2.5,20,Los Angeles,California,34.1141,-118.4068,12531334.0,3267.0,America/Los_Angeles,2021,10,13
2021-10-14,72,Moderate,PM2.5,19,Los Angeles,California,34.1141,-118.4068,12531334.0,3267.0,America/Los_Angeles,2021,10,14
2021-10-15,65,Moderate,NO2,19,Los Angeles,California,34.1141,-118.4068,12531334.0,3267.0,America/Los_Angeles,2021,10,15
2021-10-16,71,Moderate,Ozone,20,Los Angeles,California,34.1141,-118.4068,12531334.0,3267.0,America/Los_Angeles,2021,10,16
2021-10-17,61,Moderate,Ozone,19,Los Angeles,California,34.1141,-118.4068,12531334.0,3267.0,America/Los_Angeles,2021,10,17
2021-10-18,47,Good,NO2,19,Los Angeles,California,34.1141,-118.4068,12531334.0,3267.0,America/Los_Angeles,2021,10,18
2021-10-19,49,Good,NO2,20,Los Angeles,California,34.1141,-118.4068,12531334.0,3267.0,America/Los_Angeles,2021,10,19
2021-10-20,57,Moderate,NO2,19,Los Angeles,California,34.1141,-118.4068,12531334.0,3267.0,America/Los_Angeles,2021,10,20
2021-10-21,93,Moderate,Ozone,19,Los Angeles,California,34.1141,-118.4068,12531334.0,3267.0,America/Los_Angeles,2021,10,21
2021-10-22,59,Moderate,PM2.5,20,Los Angeles,California,34.1141,-118.4068,12531334.0,3267.0,America/Los_Angeles,2021,10,22
2021-10-23,48,Good,PM2.5,19,Los Angeles,California,34.1141,-118.4068,12531334.0,3267.0,America/Los_Angeles,2021,10,23
2021-10-24,46,Good,PM2.5,19,Los Angeles,California,34.1141,-118.4068,12531334.0,3267.0,America/Los_Angeles,2021,10,24
2021-10-25,42,Good,NO2,20,Los Angeles,California,34.1141,-118.4068,12531334.0,3267.0,America/Los_Angeles,2021,10,25
2021-10-26,55,Moderate,PM2.5,19,Los Angeles,California,34.1141,-118.4068,12531334.0,3267.0,America/Los_Angeles,2021,10,26
2021-10-27,66,Moderate,NO2,19,Los Angeles,California,34.1141,-118.4068,12531334.0,3267.0,America/Los_Angeles,2021,10,27
2021-10-28,81,Moderate,NO2,20,Los Angeles,California,34.1141,-118.4068,12531334.0,3267.0,America/Los_Angeles,2021,10,28
2021-10-29,58,Moderate,PM2.5,19,Los Angeles,California,34.1141,-118.4068,12531334.0,3267.0,America/Los_Angeles,2021,10,29
2021-10-30,74,Moderate,PM2.5,19,Los Angeles,California,34.1141,-118.4068,12531334.0,3267.0,America/Los_Angeles,2021,10,30
2021-10-31,78,Moderate,PM2.5,20,Los Angeles,California,34.1141,-118.4068,12531334.0,3267.0,America/Los_Angeles,2021,10,31
2021-11-01,74,Moderate,PM2.5,19,Los Angeles,California,34.1141,-118.4068,12531334.0,3267.0,America/Los_Angeles,2021,11,1
2021-11-02,67,Moderate,PM2.5,19,Los Angeles,California,34.1141,-118.4068,12531334.0,3267.0,America/Los_Angeles,2021,11,2
2021-11-03,77,Moderate,PM2.5,20,Los Angeles,California,34.1141,-118.4068,12531334.0,3267.0,America/Los_Angeles,2021,11,3
2021-11-04,104,Unhealthy for Sensitive Groups,PM2.5,19,Los Angeles,California,34.1141,-118.4068,12531334.0,3267.0,America/Los_Angeles,2021,11,4
2021-11-05,123,Unhealthy for Sensitive Groups,PM2.5,19,Los Angeles,California,34.1141,-118.4068,12531334.0,3267.0,America/Los_Angeles,2021,11,5
2021-11-06,156,Unhealthy,PM2.5,20,Los Angeles,California,34.1141,-118.4068,12531334.0,3267.0,America/Los_Angeles,2021,11,6
2021-11-07,149,Unhealthy for Sensitive Groups,PM2.5,19,Los Angeles,California,34.1141,-118.4068,12531334.0,3267.0,America/Los_Angeles,2021,11,7
2021-11-08,92,Moderate,PM2.5,19,Los Angeles,California,34.1141,-118.4068,12531334.0,3267.0,America/Los_Angeles,2021,11,8
2021-11-09,64,Moderate,PM2.5,20,Los Angeles,California,34.1141,-118.4068,12531334.0,3267.0,America/Los_Angeles,2021,11,9
2021-11-10,74,Moderate,PM2.5,19,Los Angeles,California,34.1141,-118.4068,12531334.0,3267.0,America/Los_Angeles,2021,11,10
2021-11-11,74,Moderate,NO2,19,Los Angeles,California,34.1141,-118.4068,12531334.0,3267.0,America/Los_Angeles,2021,11,11
2021-11-12,89,Moderate,NO2,20,Los Angeles,California,34.1141,-118.4068,12531334.0,3267.0,America/Los_Angeles,2021,11,12
2021-11-13,58,Moderate,PM2.5,19,Los Angeles,California,34.1141,-118.4068,12531334.0,3267.0,America/Los_Angeles,2021,11,13
2021-11-14,83,Moderate,PM2.5,19,Los Angeles,California,34.1141,-118.4068,12531334.0,3267.0,America/Los_Angeles,2021,11,14
2021-11-15,85,Moderate,NO2,20,Los Angeles,California,34.1141,-118.4068,12531334.0,3267.0,America/Los_Angeles,2021,11,15
2021-11-16,92,Moderate,PM2.5,19,Los Angeles,California,34.1141,-118.4068,12531334.0,3267.0,America/Los_Angeles,2021,11,16
2021-11-17,86,Moderate,PM2.5,18,Los Angeles,California,34.1141,-118.4068,12531334.0,3267.0,America/Los_Angeles,2021,11,17
2021-11-18,93,Moderate,PM2.5,20,Los Angeles,California,34.1141,-118.4068,12531334.0,3267.0,America/Los_Angeles,2021,11,18
2021-11-19,121,Unhealthy for Sensitive Groups,PM2.5,19,Los Angeles,California,34.1141,-118.4068,12531334.0,3267.0,America/Los_Angeles,2021,11,19
2021-11-20,146,Unhealthy for Sensitive Groups,PM2.5,19,Los Angeles,California,34.1141,-118.4068,12531334.0,3267.0,America/Los_Angeles,2021,11,20
2021-11-21,80,Moderate,PM2.5,20,Los Angeles,California,34.1141,-118.4068,12531334.0,3267.0,America/Los_Angeles,2021,11,21
2021-11-22,67,Moderate,NO2,19,Los Angeles,California,34.1141,-118.4068,12531334.0,3267.0,America/Los_Angeles,2021,11,22
2021-11-23,53,Moderate,NO2,19,Los Angeles,California,34.1141,-118.4068,12531334.0,3267.0,America/Los_Angeles,2021,11,23
2021-11-24,60,Moderate,PM2.5,20,Los Angeles,California,34.1141,-118.4068,12531334.0,3267.0,America/Los_Angeles,2021,11,24
2021-11-25,75,Moderate,PM10,19,Los Angeles,California,34.1141,-118.4068,12531334.0,3267.0,America/Los_Angeles,2021,11,25
2021-11-26,61,Moderate,PM2.5,19,Los Angeles,California,34.1141,-118.4068,12531334.0,3267.0,America/Los_Angeles,2021,11,26
2021-11-27,80,Moderate,PM2.5,20,Los Angeles,California,34.1141,-118.4068,12531334.0,3267.0,America/Los_Angeles,2021,11,27
2021-11-28,80,Moderate,PM2.5,19,Los Angeles,California,34.1141,-118.4068,12531334.0,3267.0,America/Los_Angeles,2021,11,28
2021-11-29,84,Moderate,PM2.5,19,Los Angeles,California,34.1141,-118.4068,12531334.0,3267.0,America/Los_Angeles,2021,11,29
2021-11-30,108,Unhealthy for Sensitive Groups,PM2.5,20,Los Angeles,California,34.1141,-118.4068,12531334.0,3267.0,America/Los_Angeles,2021,11,30
2021-12-01,125,Unhealthy for Sensitive Groups,PM2.5,19,Los Angeles,California,34.1141,-118.4068,12531334.0,3267.0,America/Los_Angeles,2021,12,1
2021-12-02,124,Unhealthy for Sensitive Groups,PM2.5,19,Los Angeles,California,34.1141,-118.4068,12531334.0,3267.0,America/Los_Angeles,2021,12,2
2021-12-03,154,Unhealthy,PM2.5,19,Los Angeles,California,34.1141,-118.4068,12531334.0,3267.0,America/Los_Angeles,2021,12,3
2021-12-04,134,Unhealthy for Sensitive Groups,PM2.5,19,Los Angeles,California,34.1141,-118.4068,12531334.0,3267.0,America/Los_Angeles,2021,12,4
2021-12-05,148,Unhealthy for Sensitive Groups,PM2.5,19,Los Angeles,California,34.1141,-118.4068,12531334.0,3267.0,America/Los_Angeles,2021,12,5
2021-12-06,133,Unhealthy for Sensitive Groups,PM2.5,20,Los Angeles,California,34.1141,-118.4068,12531334.0,3267.0,America/Los_Angeles,2021,12,6
2021-12-07,89,Moderate,PM2.5,19,Los Angeles,California,34.1141,-118.4068,12531334.0,3267.0,America/Los_Angeles,2021,12,7
2021-12-08,76,Moderate,PM2.5,19,Los Angeles,California,34.1141,-118.4068,12531334.0,3267.0,America/Los_Angeles,2021,12,8
2021-12-09,68,Moderate,PM2.5,20,Los Angeles,California,34.1141,-118.4068,12531334.0,3267.0,America/Los_Angeles,2021,12,9
2021-12-10,59,Moderate,PM2.5,19,Los Angeles,California,34.1141,-118.4068,12531334.0,3267.0,America/Los_Angeles,2021,12,10
2021-12-11,65,Moderate,PM2.5,19,Los Angeles,California,34.1141,-118.4068,12531334.0,3267.0,America/Los_Angeles,2021,12,11
2021-12-12,88,Moderate,PM2.5,20,Los Angeles,California,34.1141,-118.4068,12531334.0,3267.0,America/Los_Angeles,2021,12,12
2021-12-13,65,Moderate,PM2.5,19,Los Angeles,California,34.1141,-118.4068,12531334.0,3267.0,America/Los_Angeles,2021,12,13
2021-12-14,51,Moderate,NO2,19,Los Angeles,California,34.1141,-118.4068,12531334.0,3267.0,America/Los_Angeles,2021,12,14
2021-12-15,61,Moderate,PM2.5,20,Los Angeles,California,34.1141,-118.4068,12531334.0,3267.0,America/Los_Angeles,2021,12,15
2021-12-16,63,Moderate,PM2.5,19,Los Angeles,California,34.1141,-118.4068,12531334.0,3267.0,America/Los_Angeles,2021,12,16
2021-12-17,67,Moderate,PM2.5,19,Los Angeles,California,34.1141,-118.4068,12531334.0,3267.0,America/Los_Angeles,2021,12,17
2021-12-18,74,Moderate,PM2.5,20,Los Angeles,California,34.1141,-118.4068,12531334.0,3267.0,America/Los_Angeles,2021,12,18
2021-12-19,97,Moderate,PM2.5,19,Los Angeles,California,34.1141,-118.4068,12531334.0,3267.0,America/Los_Angeles,2021,12,19
2021-12-20,120,Unhealthy for Sensitive Groups,PM2.5,19,Los Angeles,California,34.1141,-118.4068,12531334.0,3267.0,America/Los_Angeles,2021,12,20
2021-12-21,92,Moderate,PM2.5,20,Los Angeles,California,34.1141,-118.4068,12531334.0,3267.0,America/Los_Angeles,2021,12,21
2021-12-22,94,Moderate,PM2.5,19,Los Angeles,California,34.1141,-118.4068,12531334.0,3267.0,America/Los_Angeles,2021,12,22
2021-12-23,54,Moderate,PM2.5,19,Los Angeles,California,34.1141,-118.4068,12531334.0,3267.0,America/Los_Angeles,2021,12,23
2021-12-24,56,Moderate,PM2.5,20,Los Angeles,California,34.1141,-118.4068,12531334.0,3267.0,America/Los_Angeles,2021,12,24
2021-12-25,60,Moderate,PM2.5,19,Los Angeles,California,34.1141,-118.4068,12531334.0,3267.0,America/Los_Angeles,2021,12,25
2021-12-26,45,Good,PM2.5,19,Los Angeles,California,34.1141,-118.4068,12531334.0,3267.0,America/Los_Angeles,2021,12,26
2021-12-27,59,Moderate,PM2.5,20,Los Angeles,California,34.1141,-118.4068,12531334.0,3267.0,America/Los_Angeles,2021,12,27
2021-12-28,49,Good,NO2,19,Los Angeles,California,34.1141,-118.4068,12531334.0,3267.0,America/Los_Angeles,2021,12,28
2021-12-29,41,Good,PM2.5,19,Los Angeles,California,34.1141,-118.4068,12531334.0,3267.0,America/Los_Angeles,2021,12,29
2021-12-30,42,Good,NO2,20,Los Angeles,California,34.1141,-118.4068,12531334.0,3267.0,America/Los_Angeles,2021,12,30
2021-12-31,79,Moderate,PM2.5,19,Los Angeles,California,34.1141,-118.4068,12531334.0,3267.0,America/Los_Angeles,2021,12,31
